0.81082	-0.24413	-0.23724
0.83083	-0.218	-0.19454
0.82339	-0.20744	-0.25191
0.79924	-0.23138	-0.25733
0.81695	-0.23585	-0.19877
0.83233	-0.18601	-0.19653
0.81241	-0.17019	-0.27769
0.8143	-0.15108	-0.15543
0.82113	-0.1836	-0.25386
0.79129	-0.25788	-0.24499
0.81082	-0.15711	-0.234
0.80935	-0.12668	-0.16993
0.80987	-0.20432	-0.17061
0.80126	-0.092132	-0.13508
0.79789	-0.098215	-0.11273
0.79272	-0.13712	-0.27467
0.79125	-0.12103	-0.26738
0.78264	-0.20829	-0.27394
0.77993	-0.15637	-0.27814
0.79179	-0.24573	-0.18855
0.79278	-0.13055	-0.12963
0.78662	-0.05598	-0.1052
0.77606	-0.069445	-0.25514
0.78321	-0.044882	-0.12864
0.78013	-0.076298	-0.2102
0.77228	-0.051529	-0.087726
0.75851	-0.02138	-0.085719
0.76867	-0.093667	-0.094579
0.75106	-0.20156	-0.14765
0.74754	-0.23467	-0.26101
0.75513	-0.24924	-0.18589
0.75437	-0.010937	-0.20774
0.76332	-0.014994	-0.1329
0.75109	-0.012038	-0.12194
0.75848	-0.25839	-0.21399
0.75831	-0.079688	-0.26185
0.74823	-0.25301	-0.24136
0.76862	-0.17534	-0.14472
0.74966	-0.013152	-0.24929
0.75942	-0.0029559	-0.16126
0.75046	-0.23706	-0.16492
0.74259	-0.16863	-0.14065
0.74342	-0.12835	-0.12104
0.74663	-0.047662	-0.082377
0.74307	-0.09567	-0.095544
0.73043	-0.15305	-0.26773
0.73351	-0.0072182	-0.24828
0.74023	0.0057438	-0.21416
0.73178	0.022146	-0.14198
0.73147	-0.19601	-0.26694
0.72487	-0.091094	-0.25379
0.73143	0.014624	-0.17887
0.73292	-0.26693	-0.16995
0.72874	-0.041933	-0.12068
0.73749	-0.21095	-0.13994
0.72044	-0.26323	-0.22615
0.73405	-0.035747	-0.1027
0.72847	-0.07166	-0.10023
0.70561	-0.017276	-0.23899
0.71639	-0.0035382	-0.13295
0.71463	-0.14731	-0.14441
0.73829	-0.26274	-0.20309
0.71466	-0.043379	-0.24829
0.71578	-0.069265	-0.12105
0.71928	-0.17747	-0.13506
0.71071	-0.13423	-0.14725
0.71517	0.020077	-0.13604
0.71303	0.014946	-0.20669
0.70496	-0.28094	-0.1401
0.71601	-0.10968	-0.13212
0.70185	-0.076507	-0.23844
0.71162	-0.15492	-0.2604
0.68912	-0.24101	-0.088709
0.69721	-0.10649	-0.23583
0.69254	-0.12553	-0.23778
0.69929	-0.066397	-0.14688
0.69148	-0.035395	-0.23071
0.70577	-0.0051889	-0.17979
0.70964	-0.24385	-0.2494
0.70048	-0.0080602	-0.14517
0.6785	-0.26951	-0.088854
0.70095	-0.12336	-0.15885
0.69563	-0.043541	-0.15754
0.67675	-0.1741	-0.25271
0.67967	-0.20961	-0.25554
0.69408	-0.151	-0.1406
0.68407	-0.044084	-0.20593
0.68968	-0.077435	-0.21746
0.69105	-0.042658	-0.18694
0.68888	-0.077988	-0.18864
0.68602	-0.11853	-0.18975
0.67622	-0.23921	-0.25042
0.68489	-0.11529	-0.21444
0.67139	-0.29772	-0.17662
0.68386	-0.18901	-0.094984
0.69214	-0.29064	-0.15595
0.67021	-0.1262	-0.20069
0.67228	-0.2643	-0.23486
0.66312	-0.29006	-0.090337
0.69235	-0.21167	-0.092238
0.67101	-0.14329	-0.23499
0.64344	-0.16975	-0.080322
0.65304	-0.30411	-0.11285
0.63283	-0.3053	-0.18891
0.64651	-0.21335	-0.25292
0.63661	-0.23329	-0.038963
0.66581	-0.15396	-0.12317
0.64404	-0.16001	-0.24189
0.64269	-0.26576	-0.045581
0.64557	-0.13683	-0.21285
0.68167	-0.13201	-0.1667
0.62154	-0.15429	-0.09602
0.63718	-0.29136	-0.057222
0.62137	-0.32009	-0.14028
0.5961	-0.26964	-0.22729
0.63138	-0.1965	-0.051073
0.63313	-0.14126	-0.14047
0.61657	-0.19378	-0.24365
0.62133	-0.30249	-0.060467
0.62785	-0.23844	-0.24493
0.60428	-0.29466	-0.20902
0.6125	-0.15414	-0.2148
0.58954	-0.13189	-0.13364
0.60327	-0.27476	-0.029479
0.59079	-0.23297	-0.24038
0.59131	-0.13108	-0.15314
0.58416	-0.22912	-0.012333
0.59108	-0.16293	-0.063789
0.5908	-0.3282	-0.12958
0.61944	-0.13315	-0.17252
0.58454	-0.30938	-0.18376
0.59749	-0.13526	-0.11096
0.58708	-0.19767	-0.02881
0.58446	-0.20302	-0.23599
0.59345	-0.31853	-0.082402
0.59247	-0.17018	-0.22481
0.57193	-0.29307	-0.20528
0.57425	-0.25979	-0.018459
0.581	-0.29497	-0.039644
0.56365	-0.13873	-0.078146
0.56454	-0.15006	-0.16962
0.53059	-0.27287	-0.21317
0.55952	-0.3042	-0.047075
0.5574	-0.3233	-0.087749
0.56846	-0.15933	-0.19969
0.55571	-0.22177	-0.013561
0.55236	-0.19712	-0.018511
0.56635	-0.1265	-0.12323
0.55884	-0.18858	-0.22024
0.54076	-0.1632	-0.03155
0.5431	-0.13164	-0.11144
0.55006	-0.3249	-0.13521
0.53802	-0.17247	-0.19441
0.53424	-0.26926	-0.024097
0.53974	-0.22616	-0.22338
0.52779	-0.14944	-0.037614
0.52293	-0.23037	-0.0078511
0.52127	-0.13143	-0.082977
0.52233	-0.30901	-0.072577
0.5365	-0.13786	-0.13902
0.5224	-0.18361	-0.01422
0.53297	-0.28875	-0.038828
0.5361	-0.30671	-0.17351
0.497	-0.19916	-0.18941
0.49092	-0.23424	-0.19482
0.50131	-0.14287	-0.1316
0.50736	-0.3132	-0.097471
0.51009	-0.26268	-0.20718
0.51228	-0.30971	-0.14368
0.49641	-0.2075	0.0023266
0.49691	-0.13192	-0.10504
0.48426	-0.30519	-0.023554
0.4958	-0.26967	-0.0047252
0.4898	-0.25238	-0.19002
0.48773	-0.2785	-0.16818
0.49417	-0.30507	-0.11599
0.50144	-0.15085	-0.033782
0.48858	-0.16612	-0.15186
0.4936	-0.13801	-0.056004
0.49078	-0.32436	-0.064777
0.47775	-0.12769	-0.035289
0.49154	-0.17078	-0.009619
0.4726	-0.1391	-0.010126
0.46992	-0.27734	-0.13203
0.46534	-0.32449	-0.041419
0.48003	-0.23752	0.017476
0.47036	-0.29183	0.0052816
0.47137	-0.19234	0.020116
0.47885	-0.13424	-0.072532
0.45749	-0.15223	-0.00091834
0.46	-0.20866	-0.15413
0.4558	-0.25142	-0.13638
0.45567	-0.31148	-0.0037529
0.44576	-0.27334	0.03627
0.4308	-0.29004	-0.10933
0.45371	-0.15174	-0.099569
0.46149	-0.21489	0.050034
0.45493	-0.12219	-0.030781
0.46505	-0.1726	-0.13484
0.45047	-0.17681	0.058177
0.44895	-0.14033	-0.0798
0.44519	-0.21582	0.072594
0.44985	-0.12027	-0.053994
0.44532	-0.23368	-0.13083
0.46089	-0.32309	-0.061897
0.45515	-0.15196	0.026352
0.44921	-0.311	-0.088898
0.44583	-0.20546	-0.12782
0.44142	-0.12229	-0.0053534
0.44346	-0.13405	-0.022642
0.42437	-0.33098	-0.055438
0.43256	-0.33465	-0.022807
0.43575	-0.18534	-0.11009
0.43623	-0.32323	0.011777
0.43089	-0.11563	0.011931
0.43151	-0.13112	-0.042117
0.38712	-0.26246	-0.10136
0.41913	-0.25919	0.067846
0.41838	-0.1572	-0.080123
0.40463	-0.31189	-0.082454
0.42321	-0.30461	0.025741
0.41323	-0.21443	0.11826
0.41117	-0.23936	-0.11502
0.41764	-0.13188	0.069365
0.40515	-0.1575	0.10968
0.41607	-0.1113	-0.035822
0.41555	-0.19279	0.11872
0.40921	-0.18867	-0.10149
0.39398	-0.31936	0.037225
0.40358	-0.30986	0.042008
0.40016	-0.09992	0.035154
0.39872	-0.33311	0.00279
0.37791	-0.32973	-0.032841
0.40807	0.33741	0.15906
0.40644	0.31783	0.15274
0.38708	-0.12625	-0.0691
0.37592	-0.21347	0.15153
0.38878	-0.25752	0.098861
0.40015	0.34202	0.092732
0.40671	0.33105	0.11936
0.39769	0.3859	0.17444
0.39554	0.36305	0.1915
0.39804	-0.18339	0.12525
0.36831	-0.086906	0.011702
0.37693	-0.1573	-0.090417
0.3847	0.42242	0.13706
0.37324	-0.10506	-0.043943
0.37579	-0.10274	0.084459
0.36985	-0.21602	-0.10336
0.40106	0.37579	0.10192
0.35553	-0.28037	-0.080467
0.36199	-0.16623	-0.094381
0.37291	0.40474	0.20263
0.38285	0.40576	0.099107
0.37306	0.34838	0.20349
0.37593	0.42352	0.17654
0.38409	0.28935	0.15338
0.38756	0.28264	0.11323
0.38607	0.31272	0.084343
0.3862	-0.12334	0.10289
0.36652	0.24215	0.081212
0.38039	0.3571	0.064522
0.36428	0.38451	0.21772
0.36299	-0.1894	0.15814
0.35945	0.43225	0.098097
0.36318	-0.091578	0.069881
0.37077	-0.20091	0.16244
0.37196	0.28797	0.17666
0.35959	-0.15755	0.1486
0.36288	0.24805	0.015926
0.3756	0.38022	0.065165
0.3653	0.24821	0.14685
0.35829	0.1929	0.027842
0.36587	0.27125	0.057948
0.3497	0.21013	-0.031372
0.33473	0.31712	0.026348
0.35402	0.44932	0.12431
0.36036	0.21886	0.044111
0.35301	-0.30381	0.093008
0.35911	0.27518	-0.010909
0.33363	0.4456	0.20125
0.35328	0.22405	0.10296
0.35547	0.32815	0.21877
0.34261	0.19202	-0.023211
0.3354	0.28398	0.21049
0.33938	0.25511	0.18501
0.33829	-0.17752	0.17618
0.35604	0.29664	0.041752
0.35051	0.23791	-0.031619
0.33277	-0.32676	0.015947
0.32641	-0.31614	-0.022853
0.34789	-0.11765	0.13721
0.34429	0.36767	0.23862
0.34861	0.20333	0.058955
0.34957	0.28214	0.015307
0.32682	-0.087133	0.10443
0.32904	-0.27229	0.13644
0.33973	0.2317	0.15608
0.34195	0.44797	0.10257
0.3387	0.20068	-0.052321
0.33933	0.26799	-0.03641
0.32817	-0.088084	-0.0027625
0.32717	0.42171	0.080774
0.34066	-0.10149	0.12234
0.33782	0.35446	0.037892
0.33627	0.19159	-0.0011723
0.30949	-0.2129	-0.089612
0.33829	0.18969	0.052193
0.3146	-0.19895	0.18399
0.32576	0.31864	0.236
0.33922	-0.30862	-0.041781
0.31377	-0.31479	0.09193
0.3172	-0.1311	0.19745
0.31325	-0.23411	0.17194
0.33249	0.2354	-0.063697
0.31111	-0.14418	-0.075113
0.33169	0.1839	-0.079063
0.31236	0.40874	0.25087
0.33317	0.30443	0.012049
0.2799	-0.25353	-0.064505
0.32948	-0.10496	-0.042137
0.31809	-0.18676	-0.091641
0.31203	0.19771	0.057695
0.31608	0.20409	0.10535
0.319	0.37422	0.25235
0.36585	0.44215	0.14312
0.32559	0.42804	0.22778
0.32546	0.45129	0.10542
0.31723	0.26055	-0.083117
0.3186	0.29711	-0.033326
0.30439	-0.12262	-0.052596
0.30313	0.38739	0.044767
0.31839	0.3442	0.2485
0.31207	-0.28783	0.13207
0.32	0.18411	-0.094578
0.31599	0.25508	0.19427
0.3209	0.46429	0.1298
0.3102	0.19101	0.023201
0.29805	-0.092123	-0.01574
0.33841	0.30428	-0.0085888
0.3022	0.3234	0.0031971
0.3189	0.44032	0.23117
0.30373	0.32359	0.017583
0.30853	0.47228	0.18366
0.30827	-0.30444	0.11019
0.29941	0.19565	0.086597
0.31791	0.17447	-0.050688
0.31186	0.46352	0.25537
0.30876	0.433	0.28401
0.30087	-0.19426	0.20615
0.31503	0.22812	0.16424
0.30072	-0.25891	0.1581
0.30861	0.23069	-0.11275
0.30104	0.4668	0.28862
0.2892	0.30579	-0.03945
0.29298	0.39034	0.25731
0.29631	0.28827	-0.070851
0.30385	-0.14126	0.21099
0.27753	-0.31965	0.022022
0.29352	0.15332	-0.092555
0.32097	0.18511	-0.011145
0.30465	0.48615	0.21791
0.28287	-0.10857	0.21461
0.29611	-0.07973	0.075807
0.26804	0.35129	0.25743
0.29734	0.48048	0.15789
0.29044	0.14091	-0.06033
0.28577	-0.18812	-0.076093
0.28236	0.45035	0.095579
0.28241	0.43881	0.33068
0.29357	0.2434	-0.12581
0.28879	0.50282	0.25443
0.29055	0.31694	0.24329
0.28036	0.20366	0.05511
0.29135	-0.1529	0.22742
0.2779	-0.31587	0.089693
0.29175	0.24703	0.19117
0.2847	0.42185	0.070561
0.28876	0.49896	0.17356
0.25476	-0.086992	0.056311
0.27815	-0.29374	-0.031042
0.28684	0.15141	-0.02118
0.2834	-0.26876	0.15995
0.27738	-0.28804	0.14102
0.28616	0.26841	-0.11203
0.29478	0.2171	0.13647
0.27746	0.16276	0.0092224
0.28942	0.45721	0.32184
0.29134	-0.075408	0.14157
0.28492	0.4126	0.29638
0.27923	0.32816	0.022915
0.27755	0.52209	0.18492
0.28807	-0.086203	0.17818
0.28884	0.27024	0.21129
0.27317	-0.095699	0.0016048
0.24438	0.15389	-0.14476
0.27382	-0.23797	-0.066609
0.26213	-0.16657	-0.06702
0.2708	0.48656	0.3214
0.29115	-0.10963	-0.023015
0.27313	0.23037	0.16516
0.28041	0.50403	0.28228
0.26162	0.31153	-0.033543
0.2702	0.47362	0.12368
0.28112	-0.14671	-0.021906
0.27383	0.48575	0.15
0.28095	-0.30605	0.11658
0.27605	0.52795	0.20867
0.26337	-0.1147	0.23349
0.26254	0.37368	0.043438
0.28108	-0.079083	0.085795
0.28998	0.18103	0.01831
0.28915	-0.13157	-0.043719
0.26526	0.25049	0.18671
0.30697	0.21747	-0.11637
0.26776	-0.11704	0.0033069
0.26313	0.28901	0.21922
0.266	0.28866	-0.09614
0.26443	0.41561	0.31148
0.25743	-0.16933	-0.028526
0.25893	0.24627	-0.14332
0.2578	-0.16607	0.25203
0.26777	0.43872	0.33714
0.25547	-0.057164	0.1486
0.25001	0.47825	0.34877
0.26117	0.38811	0.25907
0.25547	0.11995	-0.058264
0.26557	0.5403	0.22873
0.26418	-0.3167	0.052863
0.23602	-0.47989	0.17444
0.23493	0.16212	0.018619
0.23354	-0.5066	0.18903
0.24519	0.46657	0.36392
0.26577	-0.17711	0.24577
0.26118	0.12754	-0.033852
0.25879	0.12737	-0.09685
0.27124	-0.21082	0.19696
0.25395	0.52201	0.16437
0.24079	0.44408	0.10046
0.23935	-0.49858	0.15176
0.25598	-0.1612	-0.0083209
0.24131	-0.29742	0.0079597
0.25974	0.32387	0.031928
0.24071	-0.14483	0.25527
0.2694	-0.12645	0.22786
0.25845	0.2681	0.19492
0.25275	0.5227	0.28551
0.247	-0.085867	0.20546
0.26326	0.1784	-0.13486
0.25385	-0.11473	0.020412
0.24846	0.34947	0.24591
0.23349	0.3105	-0.010784
0.26922	0.221	-0.13578
0.25018	-0.095516	0.039027
0.256	0.28145	0.18098
0.23303	-0.27529	-0.016885
0.25445	-0.071008	0.083942
0.25277	0.3142	0.22096
0.23186	0.12124	-0.12122
0.24749	0.47725	0.14197
0.23548	0.45638	0.36311
0.23065	-0.11641	0.24523
0.22848	-0.046178	0.11281
0.23705	0.24455	0.13701
0.2375	0.11328	-0.058156
0.25188	0.54683	0.19462
0.25169	-0.19573	-0.059037
0.23571	-0.20321	-0.044116
0.22649	-0.23291	-0.040071
0.24925	0.33854	0.21899
0.24606	0.39258	0.25352
0.2495	0.41877	0.075174
0.25658	0.21906	0.11311
0.23641	-0.2444	0.18762
0.23446	0.29573	0.13034
0.24392	0.25693	0.15679
0.22578	-0.074538	0.058602
0.23688	0.35767	0.045349
0.22297	0.24372	-0.14688
0.22645	-0.08314	0.22214
0.23664	-0.3047	0.048363
0.2318	-0.27924	0.13089
0.24913	-0.29761	0.11926
0.21688	0.45406	0.34537
0.23807	0.31708	0.17168
0.22496	0.33414	0.047901
0.23608	0.36708	0.21462
0.23049	-0.20287	0.22535
0.24134	0.42125	0.31453
0.22646	0.12006	-0.030538
0.23483	0.30897	0.045894
0.24429	-0.14922	0.003928
0.2358	0.41673	0.28802
0.22937	-0.45041	0.12173
0.2125	-0.4723	0.18308
0.22478	0.50508	0.15585
0.20544	0.55786	0.25937
0.23171	0.4799	0.35614
0.23746	0.23035	0.09458
0.21371	0.56024	0.20678
0.22807	0.17707	-0.14395
0.22593	0.26065	0.13433
0.22426	-0.048153	0.1605
0.21984	0.42354	0.20868
0.23193	-0.50545	0.14904
0.21852	-0.24899	0.19011
0.23091	0.3158	0.055213
0.2242	0.26694	0.096245
0.22484	0.46358	0.14536
0.22217	0.43544	0.25902
0.22437	0.49303	0.33695
0.23174	-0.13641	0.01191
0.20531	0.55992	0.17483
0.22564	0.335	0.14498
0.21953	0.53179	0.29358
0.22761	0.54357	0.28007
0.22478	0.32174	0.11275
0.23695	-0.20203	-0.0037329
0.20812	-0.45292	0.096704
0.21309	0.38154	0.13471
0.22473	0.25718	-0.14531
0.21976	0.13328	-0.14505
0.20485	0.52182	0.32906
0.22712	0.29708	0.058097
0.21095	-0.2048	0.0098628
0.22077	-0.042321	0.10324
0.25247	0.19596	0.048319
0.21062	0.41647	0.16468
0.2139	0.13652	-0.0063287
0.21097	-0.22715	0.01213
0.22054	0.29997	0.078205
0.22528	0.25625	0.081062
0.2228	-0.088083	0.035815
0.20764	0.42604	0.11365
0.20615	-0.28855	0.075697
0.22156	0.38175	0.18514
0.22108	-0.42435	0.12825
0.19715	-0.057237	0.2104
0.20363	-0.18798	0.25256
0.20353	0.20271	-0.15399
0.2048	-0.39339	0.099345
0.20677	0.1527	-0.15787
0.229	-0.27198	0.14823
0.20978	0.29429	0.10158
0.20524	0.24931	0.044051
0.21449	0.45216	0.1518
0.21747	0.4005	0.080871
0.22083	0.092348	-0.049755
0.21603	0.089323	-0.094044
0.19747	-0.49081	0.12665
0.20398	-0.039411	0.043046
0.20318	0.47678	0.32427
0.21209	0.037915	-0.05362
0.2124	0.029074	-0.078921
0.20964	-0.41751	0.14486
0.19863	0.28124	0.0095793
0.20507	-0.23431	-0.0221
0.21706	-0.12471	0.0141
0.20271	-0.26704	0.018981
0.20558	0.32929	0.094883
0.20365	0.35617	0.10222
0.20941	0.43381	0.15862
0.20383	0.2947	-0.059083
0.19015	0.1837	0.028433
0.20561	0.085517	-0.13163
0.16576	-0.2716	0.13777
0.18499	-0.48594	0.16846
0.18815	-0.494	0.15911
0.18732	-0.46921	0.099514
0.20592	-0.023509	0.070913
0.20763	0.31184	0.076032
0.20992	0.44682	0.18389
0.1958	-0.27451	0.077619
0.20497	0.11697	-0.14584
0.20477	0.35123	0.078013
0.20729	-0.1632	0.0072809
0.20392	0.22475	0.048378
0.20083	-0.062168	0.014681
0.20606	0.080827	0.0084353
0.20176	0.12341	0.021711
0.18552	-0.27397	0.10751
0.2023	0.038933	-0.14537
0.20632	0.040825	-0.033726
0.20763	0.0083533	-0.078375
0.20128	0.55605	0.22615
0.19371	-0.27175	0.053983
0.19421	0.48902	0.18653
0.2059	0.50587	0.16426
0.1664	0.2548	-0.15207
0.19341	-0.25811	0.034319
0.19273	0.52375	0.2956
0.19042	0.19787	0.032679
0.18036	0.26806	-0.011767
0.19723	-0.14091	0.26764
0.18877	0.086031	0.072036
0.19054	-0.018938	0.10457
0.17774	0.27836	-0.028949
0.20109	0.15902	0.012819
0.2135	0.46948	0.35037
0.176	-0.21234	0.23413
0.19461	0.39671	0.11226
0.19431	0.083748	-0.17954
0.19127	0.50335	0.31448
0.20566	-0.16479	0.26567
0.20383	-0.43084	0.16313
0.19172	-0.36843	0.11163
0.19118	-0.20823	0.0075255
0.1957	-0.02163	-0.10971
0.19464	0.033618	0.011123
0.18481	-0.38212	0.073279
0.18402	-0.015725	0.12832
0.19086	0.51447	0.17293
0.19235	0.40579	0.13244
0.19047	0.0057046	0.070615
0.18537	0.045992	0.080199
0.17411	0.54191	0.26166
0.19174	0.54507	0.2849
0.18113	-0.25583	0.032589
0.18098	-0.092939	-0.026511
0.17447	-0.46799	0.16586
0.17965	0.23466	-0.1728
0.17095	-0.039731	-0.088752
0.18563	0.13637	-0.20434
0.17729	-0.34406	0.0869
0.17755	0.22021	-0.16275
0.18778	0.50536	0.28238
0.1938	0.15471	0.018256
0.18481	0.51202	0.22875
0.18777	0.016445	0.055803
0.18858	0.54605	0.22524
0.19375	0.13676	-0.17144
0.19141	-0.011953	-0.12849
0.18721	0.28902	-0.096491
0.19544	-0.39498	0.13994
0.19212	0.1015	-0.19838
0.18157	0.13779	0.084512
0.17436	0.22037	0.015727
0.18591	0.56343	0.1974
0.18396	0.1873	-0.17162
0.17069	0.28008	-0.03952
0.17047	-0.43481	0.075934
0.17859	0.16661	0.054753
0.18388	-0.0037045	-0.019271
0.18021	0.1552	0.070436
0.18166	-0.01995	0.004908
0.18528	0.16282	-0.18753
0.18489	-0.036315	-0.10351
0.18619	0.033903	-0.18144
0.16499	-0.012774	0.16553
0.17569	-0.048503	-0.1317
0.16588	0.54028	0.27671
0.17091	-0.11518	0.2694
0.17516	-0.02371	-0.05417
0.17031	0.17028	-0.21004
0.17407	0.081272	0.1069
0.16483	-0.28573	0.11129
0.17521	-0.036963	-0.024807
0.14814	-0.068372	0.24014
0.17556	-0.42127	0.15871
0.1744	0.19116	0.028914
0.17077	-0.39501	0.15198
0.15655	-0.16327	-0.041496
0.16742	-0.28405	0.067529
0.17132	0.12375	0.11108
0.17212	-0.39118	0.06404
0.16914	-0.16326	0.28665
0.17268	-0.045567	0.21333
0.14833	-0.25363	0.17554
0.16902	0.29887	-0.083097
0.16299	-0.34456	0.11308
0.16801	0.040636	-0.21341
0.16779	-0.055303	-0.10686
0.16992	-0.20801	-0.0051517
0.16746	0.18802	0.068598
0.16756	0.027199	0.11153
0.15539	0.01203	0.1437
0.15008	-0.45484	0.13464
0.15698	0.24569	-0.0088714
0.15833	0.1245	-0.24745
0.15038	0.14871	0.13753
0.16378	-0.4435	0.15819
0.15976	-0.37742	0.13548
0.15372	0.26371	-0.18213
0.16396	-0.30011	0.09634
0.15463	-0.03934	-0.19199
0.15708	0.24949	-0.20303
0.16668	-0.090396	0.25401
0.17193	-0.4782	0.11989
0.15101	-0.3519	0.12425
0.16332	-0.070804	-0.13154
0.17412	0.082797	-0.22657
0.15552	0.21585	-0.19889
0.14555	0.051449	0.13764
0.15302	0.26934	-0.13443
0.15727	-0.31022	0.059162
0.14567	-0.20069	0.27294
0.15489	-0.30441	0.11578
0.16489	0.15733	-0.22467
0.15687	-0.058942	-0.064783
0.17549	0.54961	0.19036
0.18181	0.29387	-0.06999
0.16349	-0.10227	-0.05032
0.15726	0.10026	0.1344
0.13958	0.22892	0.086756
0.14841	-0.41498	0.14926
0.16384	-0.22571	0.22162
0.15244	-0.14879	0.29468
0.14392	0.030677	-0.25475
0.13803	0.14921	-0.25372
0.13672	0.23196	-0.21095
0.14946	0.21339	0.070141
0.13501	0.31822	-0.080183
0.14551	-0.40644	0.065416
0.16397	0.16925	0.10875
0.14279	-0.17692	0.29505
0.14109	-0.084206	-0.079955
0.14552	-0.38902	0.14044
0.14364	-0.0054224	-0.23549
0.13909	-0.13566	-0.069079
0.1441	-0.082877	-0.13674
0.13462	0.11116	-0.26683
0.13113	0.20749	0.12206
0.15049	0.26508	-0.019405
0.14186	-0.43929	0.090447
0.14671	0.28658	-0.11844
0.14135	0.085545	-0.2655
0.13458	-0.32367	0.04038
0.13852	-0.11906	-0.079905
0.14743	-0.28222	0.04424
0.13494	0.2884	-0.14332
0.13795	0.29678	-0.02402
0.12672	-0.34243	0.044385
0.1282	-0.21575	0.25749
0.14214	-0.074104	-0.11107
0.11957	0.065878	0.16467
0.14071	-0.02305	0.20654
0.14454	0.21326	0.011899
0.11313	0.042954	0.17581
0.12836	-0.093623	-0.1612
0.14618	0.19934	-0.22895
0.11902	-0.027891	-0.25219
0.1183	0.30749	-0.10018
0.11951	-0.31089	0.14006
0.13314	-0.22867	-0.0094853
0.13453	-0.19651	-0.039376
0.13497	-0.074963	-0.18595
0.13712	-0.13536	0.29523
0.12729	0.15574	0.15893
0.13552	0.21158	0.033712
0.12768	-0.42985	0.11179
0.12755	0.28501	-0.15955
0.12678	-0.40114	0.0706
0.13007	-0.42158	0.12918
0.12869	0.23044	0.0068985
0.12286	0.11369	0.16622
0.11301	-0.26256	0.014898
0.12972	0.3273	-0.06631
0.12637	-0.23487	0.23469
0.13138	-0.24121	0.20385
0.13139	0.22834	0.062129
0.1216	-0.069807	0.26321
0.11316	0.23939	0.10034
0.12753	-0.08677	-0.11376
0.12083	0.32451	-0.037293
0.12513	-0.054787	-0.22528
0.10506	0.010735	-0.28132
0.12535	0.27872	0.003903
0.11628	-0.40405	0.084715
0.10701	0.11708	-0.2889
0.10823	0.17295	-0.27372
0.10963	-0.30258	0.15841
0.12689	-0.26746	0.18756
0.12049	-0.015861	0.21515
0.12699	-0.36027	0.12545
0.11494	-0.28622	0.032099
0.098966	-0.1118	-0.1354
0.088075	0.13379	-0.29435
0.11438	-0.39411	0.11954
0.11156	0.25694	-0.20082
0.11513	0.25714	0.034763
0.11546	0.23836	0.074189
0.11309	-0.14036	-0.090378
0.1009	0.32821	0.0019815
0.10925	-0.26889	0.23378
0.11032	-0.039616	0.25205
0.1013	-0.2996	0.20522
0.13221	-0.10085	0.28951
0.10717	-0.36754	0.1123
0.099162	-0.23022	-0.022618
0.10408	0.20633	0.14509
0.10753	-0.24056	0.26693
0.10639	0.050663	-0.28834
0.10329	0.30512	0.023979
0.097175	0.2704	-0.18946
0.10247	0.33622	-0.12161
0.1035	0.32015	-0.14918
0.1055	0.34038	-0.086107
0.11758	-0.10505	-0.098176
0.093614	0.3449	-0.015161
0.10127	-0.13356	0.29889
0.103	0.23752	-0.2347
0.10341	0.018804	0.20535
0.10856	-0.20323	0.27834
0.10093	0.25546	0.047181
0.10114	-0.31916	0.13479
0.10027	-0.36792	0.096242
0.090789	-0.048453	-0.26162
0.060754	-0.1807	-0.087717
0.10202	-0.013198	0.23258
0.093723	0.33685	-0.10008
0.09624	-0.07957	-0.22866
0.10434	-0.36729	0.068275
0.094405	0.10896	0.18241
0.093611	-0.11898	-0.11087
0.076593	0.16953	0.17346
0.094173	0.26548	-0.21553
0.083497	-0.1783	0.29218
0.096343	0.23968	0.10761
0.067563	0.13903	0.18526
0.098399	-0.10381	0.29182
0.080304	0.23288	-0.26032
0.08091	-0.29461	0.038429
0.085678	0.31722	-0.15914
0.10026	0.348	-0.061967
0.077161	-0.11871	-0.174
0.092018	-0.07831	0.27795
0.080437	-0.017017	-0.28522
0.088234	-0.27205	0.26227
0.07697	0.099019	-0.30958
0.083673	-0.30617	0.23289
0.081	-0.32991	0.1057
0.095119	-0.10151	-0.18703
0.085032	0.073466	0.17838
0.097554	-0.3382	0.054998
0.065497	-0.33111	0.13759
0.085502	-0.33832	0.079978
0.058319	-0.15057	-0.10969
0.073708	0.25457	0.057176
0.083101	0.023638	0.21575
0.068564	-0.32616	0.11528
0.07546	-0.079531	-0.24102
0.071534	0.20124	0.15144
0.055815	0.36073	-0.032456
0.058949	0.35303	0.015216
0.072231	0.038765	-0.30731
0.075455	0.1656	-0.29678
0.053581	0.30199	0.032911
0.069134	-0.12756	-0.12886
0.062824	-0.024122	0.24869
0.074661	-0.1031	-0.20972
0.071618	0.31187	-0.18625
0.06519	-0.22522	0.29597
0.069219	-0.27222	0.016325
0.05719	0.31635	-0.21829
0.030453	-0.27283	0.28527
0.069131	0.28009	-0.23676
0.052582	0.35573	-0.079631
0.059883	-0.34286	0.17398
0.058279	0.24783	0.070767
0.04719	0.0013424	-0.30637
0.031039	-0.33864	0.24081
0.060623	-0.23882	-0.021458
0.058355	0.041913	0.2153
0.058085	-0.058656	0.27504
0.053646	0.31192	-0.179
0.044818	-0.27798	0.02903
0.056924	-0.30664	0.06765
0.044992	-0.21048	0.30189
0.050509	0.086563	0.18208
0.034399	-0.13559	-0.13604
0.036724	-0.076262	-0.26227
0.037279	-0.039391	-0.2857
0.03254	0.32705	0.032066
0.050709	0.22196	0.12345
0.039811	0.30925	-0.24703
0.054246	0.068294	-0.31912
0.036668	0.13899	-0.32257
0.03397	0.086408	-0.32846
0.036984	-0.35652	0.15076
0.011743	0.37186	-0.1233
0.027392	-0.25912	-0.00040084
0.033867	-0.08195	0.27509
0.054641	0.20433	-0.29539
0.037242	-0.17537	0.29485
0.043679	-0.22663	-0.040514
0.052157	-0.33898	0.21017
0.053157	0.3428	0.02689
0.019413	0.27826	-0.27749
0.035999	0.36983	0.01168
0.041721	0.10735	-0.3205
0.052178	-0.15513	0.29094
0.029617	0.16115	0.17554
0.01343	0.10627	0.18557
-0.0029773	0.38361	-0.089154
0.012908	-0.12627	-0.21128
0.021084	0.34736	-0.15486
0.049917	-0.324	0.10347
0.023894	-0.12828	-0.18803
0.021808	-0.25871	0.2981
0.02327	-0.15865	-0.10511
0.031673	0.31891	-0.20598
0.026999	0.35983	0.043555
0.003632	-0.010182	-0.31651
0.035881	-0.043024	0.25829
0.019171	0.09059	0.19194
0.018931	0.23641	0.085275
0.020064	0.29784	0.051376
0.026456	-0.15212	0.28729
0.002451	0.20481	0.11705
0.0070048	-0.37457	0.16836
0.015755	0.038511	-0.3271
0.014667	-0.23326	-0.0312
0.0063221	-0.11128	-0.23832
0.017508	-0.098817	0.26477
0.022353	-0.34166	0.12497
0.011664	0.0011788	0.23804
0.017896	0.38559	0.048248
-0.0060003	-0.28689	0.06541
-0.010471	0.19017	0.12876
0.013088	-0.12769	-0.15723
0.0055925	-0.37128	0.13538
0.013855	-0.055763	0.25696
0.012053	0.31888	-0.24041
-0.0071619	0.34912	-0.17113
-0.0034564	0.13943	0.16995
0.0047948	0.34073	0.043837
0.0094111	0.36736	0.083898
-0.0186	-0.18069	-0.075836
-0.0034872	-0.079584	-0.26974
0.00415	-0.37536	0.20949
-0.018469	0.18946	-0.33414
-0.0094542	0.11295	-0.34616
0.0041918	0.2531	0.087553
0.0077964	0.40099	0.0545
0.005918	-0.18182	0.30257
0.014268	0.1979	-0.31753
0.0073229	0.38716	0.10339
0.00601	0.32596	-0.21784
-0.0054569	0.034749	-0.33413
0.0045426	0.37942	0.13639
0.0051524	0.40198	0.030013
-0.003949	-0.3192	0.11006
-0.0050629	0.30232	0.082924
-0.01471	-0.12256	-0.1716
-0.011431	-0.27231	0.041104
-0.022153	-0.217	-0.054442
-0.016928	-0.019274	0.23613
-0.0040939	-0.14115	0.27541
0.002233	-0.35951	0.11562
0.0061984	0.38491	-0.03651
-0.011401	-0.29917	0.28793
-0.012846	-0.049868	-0.29662
-0.0038241	0.34602	0.071783
-0.026743	0.3801	-0.14447
-0.011125	0.30321	-0.28034
-0.0070314	0.41337	0.093268
-0.017418	-0.11105	0.25559
-0.019247	0.061948	-0.34513
-0.012113	-0.13257	-0.19969
-0.011662	0.36792	0.17479
-0.0088277	-0.35126	0.2553
0.0016062	0.23556	-0.30342
-0.0050274	-0.07128	0.24516
-0.016071	0.092034	0.19414
-0.016968	0.31038	0.11929
-0.028	-0.37734	0.23623
-0.0094589	-0.34037	0.088182
-0.0082871	-0.044987	0.2421
-0.03322	0.14122	-0.3492
0.0054575	-0.34204	0.11574
-0.041747	-0.34798	0.28253
-0.022735	-0.22776	-0.034446
-0.012192	0.36234	0.22153
-0.018256	0.38749	0.24959
-0.041229	-0.36785	0.062415
-0.028278	0.43317	0.078487
-0.037749	0.21965	0.1229
-0.024916	-0.25212	-0.0039231
-0.011477	0.34178	0.15946
-0.043762	-0.18617	-0.068395
-0.025052	0.0076058	0.23253
-0.033472	-0.28776	0.090125
-0.020807	0.38057	0.17642
-0.032763	0.35324	-0.18968
0.0099688	-0.3163	0.27289
-0.031932	0.39888	-0.11431
-0.002729	0.40526	0.00325
-0.029308	0.39675	-0.064446
-0.033781	0.42016	0.13585
-0.029406	0.37228	0.29337
-0.015956	-0.13175	-0.2148
-0.019516	0.30136	0.20514
-0.022104	0.2889	0.13449
-0.02576	0.12126	0.18389
-0.028357	0.14645	0.16237
-0.016637	0.33197	-0.23961
-0.014332	-0.24761	0.3048
-0.031889	0.41053	-0.034935
-0.023868	0.3483	0.27072
-0.02502	0.29429	0.18475
-0.016875	0.20838	0.11877
-0.031962	-0.22567	0.30491
-0.032089	-0.31252	0.11894
-0.02669	0.32025	0.25083
-0.026572	0.29869	0.23957
-0.024078	0.26635	0.11592
-0.027482	0.38992	0.21097
-0.039079	0.2112	-0.32767
-0.018164	-0.32707	0.10336
-0.045667	-0.023632	-0.31592
-0.045233	0.43526	-0.0033387
-0.041368	-0.14878	-0.13594
-0.029409	0.3972	0.25158
-0.044929	0.39704	0.28558
-0.031883	-0.40438	0.18774
-0.052035	-0.32553	0.057685
-0.052661	0.16522	0.14488
-0.029749	0.06016	0.20628
-0.029747	-0.33867	0.072096
-0.0354	0.26728	0.15218
-0.045542	0.39225	0.29948
-0.032644	-0.12877	-0.16494
-0.036288	0.39345	0.17532
-0.053911	-0.16306	-0.10805
-0.055098	-0.25005	0.027872
-0.041626	0.23792	0.1322
-0.050701	-0.41901	0.11421
-0.044744	0.01416	-0.33344
-0.027255	-0.38702	0.102
-0.037923	-0.1434	0.25954
-0.050808	-0.31214	0.094339
-0.036166	0.31912	-0.27868
-0.039749	0.44817	0.031373
-0.048209	-0.39015	0.065256
-0.057189	0.098234	-0.35796
-0.062963	0.083242	0.21727
-0.059902	-0.21229	-0.043901
-0.043121	0.27245	0.2057
-0.047961	0.35597	0.30782
-0.039115	-0.30129	0.12038
-0.053561	0.4474	0.11087
-0.048136	0.30959	0.26728
-0.039731	0.27582	0.2345
-0.043959	0.35071	-0.21751
-0.047701	-0.26076	0.074524
-0.067501	0.18182	-0.34123
-0.0632	-0.17071	-0.086095
-0.051127	-0.19383	0.29113
-0.048805	-0.15023	-0.16338
-0.07986	0.41261	-0.084365
-0.056268	0.18166	0.13283
-0.055868	-0.10444	0.21945
-0.057643	0.4438	0.16158
-0.073159	0.50854	-0.028892
-0.046133	0.28616	-0.3001
-0.048403	0.14916	0.17307
-0.068974	0.39871	0.21691
-0.063212	0.15202	-0.35178
-0.065302	-0.07784	0.20586
-0.069387	0.50824	-0.012286
-0.058693	0.46763	0.060074
-0.041893	-0.023603	0.22682
-0.070245	0.27369	0.25011
-0.056989	-0.4251	0.14222
-0.058558	0.38033	0.31779
-0.076198	-0.10596	-0.25
-0.078322	0.20997	0.12776
-0.053368	0.24902	0.15236
-0.08513	-0.067028	-0.28773
-0.069691	0.40895	-0.13169
-0.051686	-0.3129	0.29556
-0.077207	0.032527	-0.34392
-0.062933	0.39114	-0.16163
-0.082412	0.14345	0.18716
-0.066898	-0.2782	0.30487
-0.057274	0.013513	0.21909
-0.062898	-0.15451	-0.16639
-0.064851	0.43461	-0.025302
-0.074982	-0.2137	-0.025223
-0.074695	0.11533	0.2054
-0.062117	0.34222	-0.25101
-0.086754	0.36958	-0.20503
-0.074896	-0.4317	0.1689
-0.083156	-0.23439	0.065324
-0.080934	0.51607	0.038737
-0.067064	-0.42758	0.091904
-0.068255	0.34938	0.31782
-0.077276	0.30609	0.27855
-0.083148	0.43031	-0.045404
-0.08129	0.5134	0.015045
-0.074359	0.2274	0.13471
-0.074344	-0.15213	0.23412
-0.062267	-0.13668	-0.21186
-0.064606	0.26209	0.21018
-0.076199	0.25775	0.19491
-0.066168	0.44567	0.16626
-0.055752	-0.2235	-0.021952
-0.067919	-0.27374	0.13098
-0.071166	-0.18268	-0.058468
-0.075756	-0.34945	0.28559
-0.074698	-0.24137	0.076297
-0.071788	0.46659	-0.025668
-0.074216	0.47889	0.069888
-0.073772	0.40216	0.20723
-0.075735	-0.36978	0.036873
-0.078398	-0.16963	-0.12309
-0.087865	-0.31411	0.031543
-0.079714	0.46457	0.088863
-0.09331	-0.28156	0.1353
-0.08293	-0.41112	0.20972
-0.087045	0.4053	0.27861
-0.076611	0.24487	0.15747
-0.090491	0.38932	0.32542
-0.069191	-0.017654	0.2126
-0.080605	0.41698	-0.10232
-0.080726	0.16377	0.15738
-0.054507	0.45678	-0.0034204
-0.080216	-0.39056	0.23833
-0.0845	0.51324	0.04828
-0.094193	0.28315	-0.30753
-0.089595	-0.18423	-0.0354
-0.10744	-0.12017	-0.22239
-0.086106	0.41585	0.1919
-0.088902	-0.15199	-0.1781
-0.10272	0.43065	-0.057805
-0.091093	-0.21409	0.27893
-0.098682	-0.27505	0.29896
-0.089327	-0.1125	0.18109
-0.095825	0.40361	0.29673
-0.087529	-0.42704	0.06657
-0.088505	-0.0087646	-0.32507
-0.091985	0.13283	-0.355
-0.090114	0.027496	0.22198
-0.09177	-0.23633	0.14422
-0.091737	-0.26374	0.1469
-0.071939	-0.3197	0.30229
-0.097011	0.24687	0.15784
-0.090324	-0.21448	0.031317
-0.087265	0.44033	0.14325
-0.092829	0.1728	0.12954
-0.089401	-0.23036	0.11347
-0.092265	-0.39816	0.040155
-0.11396	0.11416	0.20295
-0.093444	0.4895	-0.039142
-0.086354	-0.14237	0.19792
-0.091193	0.48993	0.059628
-0.095486	-0.058395	0.19181
-0.11053	-0.46316	0.11216
-0.10946	-0.25617	0.28777
-0.11487	0.082862	-0.35192
-0.12626	0.1541	0.16939
-0.11115	0.56161	0.034059
-0.10829	0.32297	0.3057
-0.089957	0.4037	0.22378
-0.091381	0.3027	0.26643
-0.094369	-0.21917	0.12922
-0.10649	0.0099771	0.22055
-0.096428	0.46303	-0.037945
-0.10222	0.56181	0.028594
-0.11609	-0.18237	0.0078533
-0.10698	0.42338	0.16381
-0.089628	0.53455	-0.0024191
-0.10943	0.34465	-0.25201
-0.10211	0.31899	-0.28435
-0.11047	0.50435	0.042673
-0.097127	0.39973	-0.16655
-0.075453	-0.30272	0.1054
-0.11001	0.36162	-0.21892
-0.12569	0.20806	-0.32717
-0.10522	-0.037065	0.19753
-0.11509	-0.15695	-0.14518
-0.097166	0.28053	0.24632
-0.10822	-0.29051	0.092061
-0.10035	-0.35972	0.27638
-0.14155	-0.46135	0.039279
-0.12341	-0.36961	0.020252
-0.10944	-0.28798	0.1251
-0.10242	0.21624	0.11712
-0.1234	-0.024516	-0.30779
-0.10034	-0.16975	0.17758
-0.11709	-0.3342	0.27841
-0.10787	0.44481	0.12959
-0.10228	-0.19309	0.2327
-0.11984	-0.18191	-0.059831
-0.099454	-0.20869	0.099861
-0.11403	0.56628	-0.052953
-0.12081	-0.43021	0.19249
-0.11058	-0.45245	0.14922
-0.10503	0.46921	0.065639
-0.11112	-0.17917	-0.017876
-0.11782	0.042881	0.2198
-0.10281	-0.18852	0.1528
-0.11879	0.40886	-0.15
-0.1046	0.41793	-0.12834
-0.10283	-0.14794	0.1552
-0.11191	0.39656	0.24599
-0.10667	0.29673	0.24872
-0.13264	-0.3798	0.25362
-0.10899	0.35248	0.32025
-0.11473	-0.17318	-0.10284
-0.10387	0.26985	0.22919
-0.11481	0.41031	0.19402
-0.11178	-0.19748	0.029842
-0.1197	0.17673	-0.34014
-0.1113	-0.20011	0.21233
-0.11587	-0.1177	0.14226
-0.12806	-0.13336	-0.19917
-0.12714	-0.094931	-0.24989
-0.12171	0.59048	-0.0021772
-0.10746	0.57033	-0.041855
-0.11781	0.23704	0.1256
-0.13084	0.27286	0.18185
-0.12021	0.4248	-0.10692
-0.11084	-0.20745	0.18272
-0.12455	0.17173	0.11207
-0.13455	0.35506	0.31189
-0.12628	0.021429	-0.33444
-0.12231	0.38307	-0.19186
-0.12023	0.47217	0.038662
-0.1293	0.19588	0.11061
-0.13364	0.050439	-0.33957
-0.11699	-0.22628	0.26439
-0.11723	-0.17723	0.1339
-0.14239	0.35888	0.30236
-0.13128	0.57363	-0.053338
-0.1577	-0.47731	0.04264
-0.12991	0.52123	-0.053521
-0.12766	0.42418	-0.078471
-0.11719	-0.31269	0.021727
-0.13553	-0.28142	0.037178
-0.1193	0.46366	-0.027365
-0.13156	0.42054	-0.13518
-0.15556	0.40621	0.15707
-0.13688	-0.17093	0.043912
-0.16277	-0.23574	0.12943
-0.12121	0.39252	0.22426
-0.1367	-0.045035	-0.29222
-0.14	0.16389	0.14069
-0.13484	0.44155	0.10934
-0.14137	-0.042762	0.17622
-0.13346	-0.40266	0.23087
-0.13031	0.44277	-0.041228
-0.15386	-0.25365	0.13465
-0.16463	-0.23821	0.212
-0.12804	0.47465	0.014387
-0.13122	-0.17158	0.082036
-0.11591	0.28588	-0.30373
-0.097103	-0.29284	0.043511
-0.14609	0.31906	0.2639
-0.13202	0.25789	0.14274
-0.12802	-0.21278	0.21667
-0.12942	0.29637	0.22944
-0.13722	0.25101	-0.31346
-0.13231	-0.41617	0.024948
-0.13866	0.54188	0.022219
-0.12368	-0.074852	0.15862
-0.10374	-0.2265	0.16006
-0.13317	0.55595	-0.060822
-0.13957	0.46094	0.023987
-0.13483	-0.1287	0.11904
-0.14896	0.12493	0.18333
-0.12973	0.48645	0.0090374
-0.14465	-0.21469	0.18895
-0.14459	0.38056	0.21011
-0.13171	0.45751	-0.018906
-0.16804	0.42025	0.13688
-0.12577	0.0032173	0.21246
-0.15279	0.57527	-0.0099462
-0.13516	-0.29533	0.27268
-0.14569	0.21504	0.098495
-0.15284	-0.26352	0.12289
-0.1441	0.17082	0.1126
-0.1629	-0.30109	0.025759
-0.12905	0.47332	-0.021741
-0.13646	-0.21993	0.16466
-0.13414	0.36836	0.23128
-0.15015	-0.1627	0.020094
-0.15578	-0.071755	-0.26101
-0.14473	-0.27542	0.054053
-0.14145	0.11759	-0.34544
-0.13058	0.34273	-0.24945
-0.1547	0.44312	0.093003
-0.13961	0.39997	0.19036
-0.14727	0.30593	0.23807
-0.15037	0.49742	-0.013817
-0.16259	0.41858	-0.072765
-0.14281	-0.17922	-0.039474
-0.13955	-0.096408	0.13757
-0.17648	0.093752	-0.33044
-0.14415	-0.1408	0.089848
-0.15031	-0.48068	0.074927
-0.15638	0.17344	-0.32977
-0.16002	0.33753	0.21669
-0.15573	0.28614	0.16123
-0.15167	-0.022405	-0.29679
-0.17184	-0.26121	0.23008
-0.15549	0.36228	-0.20325
-0.16212	0.44111	0.064234
-0.15106	0.24507	0.10681
-0.16845	0.38775	0.19639
-0.16121	0.275	0.12856
-0.14524	0.50865	0.014373
-0.15425	0.54362	-0.052367
-0.15641	0.33143	0.24926
-0.17886	-0.39838	0.011025
-0.16562	0.30594	0.18673
-0.17327	-0.22286	0.16016
-0.14756	-0.12822	-0.19393
-0.1626	-0.48392	0.10603
-0.19077	-0.48802	0.11427
-0.15186	0.38995	-0.16211
-0.16363	0.34944	0.19627
-0.14053	-0.16975	-0.074403
-0.14997	-0.16281	-0.10425
-0.14707	-0.33791	0.26565
-0.16879	-0.16935	0.00052184
-0.1582	0.56032	-0.0092867
-0.16898	-0.14297	0.041507
-0.14948	0.41404	-0.13358
-0.15432	0.087694	0.19765
-0.16168	-0.091444	-0.23995
-0.16555	-0.29399	0.25235
-0.17893	-0.36135	0.24585
-0.15826	0.29142	-0.28926
-0.16949	0.41438	-0.11608
-0.19402	0.14131	0.14447
-0.19177	-0.27488	0.046748
-0.16592	-0.015387	0.17417
-0.15998	0.53852	-0.031933
-0.15843	0.56159	-0.050938
-0.16235	0.44904	0.023631
-0.16997	-0.072255	0.12519
-0.16831	0.32812	0.19264
-0.20019	0.41575	0.1054
-0.17849	0.39615	0.18011
-0.17621	-0.14031	-0.13232
-0.17819	0.31298	-0.25672
-0.18042	0.25283	0.08248
-0.17788	0.17686	0.096319
-0.17319	-0.15967	-0.031589
-0.17176	0.21309	0.080093
-0.18188	0.011032	-0.3036
-0.17007	0.055741	-0.32766
-0.18288	0.39734	0.14466
-0.19184	0.19494	-0.30608
-0.19144	0.030707	-0.30446
-0.17693	0.36773	-0.18087
-0.16016	-0.062547	0.15218
-0.18186	0.057374	0.18498
-0.17305	-0.42418	0.0098115
-0.17599	-0.25373	0.11297
-0.2087	-0.40946	0.2085
-0.17112	0.38099	-0.1732
-0.19889	0.10696	0.16176
-0.1898	-0.43355	0.19038
-0.17994	0.39347	-0.1403
-0.18403	-0.045683	0.13298
-0.17809	0.4315	-0.015743
-0.17746	0.41869	-0.04675
-0.17372	0.14725	-0.32585
-0.20015	-0.25853	0.096153
-0.18698	0.28155	0.10895
-0.205	-0.37727	0.014152
-0.18352	0.37863	0.18016
-0.18637	-0.49947	0.076829
-0.18194	-0.15263	-0.083096
-0.1784	-0.12111	-0.17295
-0.18791	-0.1512	-0.046397
-0.19688	0.42797	0.082485
-0.19519	0.28882	0.15092
-0.19264	0.34732	0.15501
-0.1857	0.25695	-0.2968
-0.2027	0.42628	0.035537
-0.18172	-0.11403	0.068509
-0.185	0.1601	0.11679
-0.1885	-0.14503	0.024441
-0.19502	-0.32009	0.02194
-0.21047	0.4103	-0.00080998
-0.20301	0.39034	-0.069705
-0.20065	-0.50324	0.047983
-0.21058	-0.098804	-0.16769
-0.19893	0.40952	0.11867
-0.19909	0.30298	0.15706
-0.19187	-0.057756	0.1103
-0.19154	0.40398	-0.1008
-0.21272	0.21982	0.059002
-0.19794	-0.098963	-0.19574
-0.19133	0.024916	0.1734
-0.20522	-0.12285	-0.13178
-0.19495	0.071804	-0.31372
-0.21068	-0.46869	-0.001316
-0.20279	0.2434	0.057186
-0.20446	-0.03694	-0.25726
-0.19444	-0.47506	0.14036
-0.19581	-0.23806	0.16527
-0.20152	0.37946	0.13832
-0.23315	0.16292	0.086828
-0.20346	0.31619	-0.22574
-0.21093	-0.49775	0.026811
-0.19652	0.26275	0.063449
-0.19923	0.39776	-0.12517
-0.2364	-0.44762	-0.012977
-0.21008	-0.27872	0.20903
-0.22529	0.12562	-0.29172
-0.20426	-0.024271	0.13052
-0.20498	0.37297	-0.14088
-0.21905	0.15092	-0.29453
-0.22427	-0.25725	0.11237
-0.2125	0.15248	0.12994
-0.20184	-0.13285	-0.0030487
-0.21065	0.10507	0.14972
-0.20942	0.068875	-0.30703
-0.22015	0.36271	0.11114
-0.22214	0.059457	0.14416
-0.24912	-0.4283	-0.010065
-0.21466	0.28808	0.10704
-0.23898	-0.49002	0.12104
-0.20808	-0.13255	-0.08175
-0.20699	0.43081	0.064167
-0.23731	0.25891	0.078792
-0.21446	0.39136	-0.028525
-0.22431	-0.28943	0.048311
-0.22866	-0.019259	-0.24677
-0.2001	-0.37207	0.22956
-0.2176	-0.2735	0.061233
-0.23546	0.1584	0.10183
-0.22655	-0.51053	0.068314
-0.22589	-0.43991	0.17611
-0.21983	-0.087977	-0.17955
-0.22068	0.27099	-0.2567
-0.23724	-0.41879	0.18746
-0.21143	-0.32507	0.22778
-0.22318	0.37997	-0.089104
-0.22977	-0.4935	0.0034687
-0.22235	-0.086991	0.037165
-0.21668	-0.074241	0.072538
-0.22187	0.43041	0.026353
-0.23707	0.12762	0.12965
-0.22123	0.44706	0.091275
-0.22372	0.30801	0.10479
-0.23521	-0.51321	0.036902
-0.22979	-0.10146	-0.12581
-0.23515	-0.33754	0.029373
-0.21719	0.40514	0.10908
-0.22862	-0.35753	0.21648
-0.21993	0.018027	0.14173
-0.22631	-0.30622	0.21114
-0.23699	-0.095834	-0.070817
-0.22254	0.28076	0.087585
-0.23482	-0.043474	-0.21596
-0.22436	0.23435	-0.27769
-0.22843	0.37564	-0.11035
-0.23943	-0.30806	0.043014
-0.23025	0.35859	-0.029059
-0.21993	0.45203	0.058058
-0.23523	-0.36666	0.030921
-0.22412	0.32517	-0.1842
-0.2435	-0.27953	0.15958
-0.2287	0.096108	0.13265
-0.24094	-0.50963	0.054739
-0.2365	0.055959	-0.2825
-0.22901	0.35984	-0.053355
-0.22725	0.39003	-0.013167
-0.23471	0.28675	-0.22393
-0.2397	-0.035212	0.10366
-0.24341	0.37628	0.084154
-0.23166	0.48978	0.074904
-0.2399	-0.080573	-0.057829
-0.2344	-0.39386	0.012804
-0.24212	0.41277	0.079742
-0.23975	-0.27709	0.085432
-0.24804	0.1593	0.091723
-0.24798	-0.45417	0.15223
-0.25561	-0.29936	0.17084
-0.24014	-0.077587	-0.0034303
-0.24048	0.4235	0.0083194
-0.26276	0.024655	0.13635
-0.2432	-0.28998	0.064331
-0.25454	0.50216	0.049165
-0.23706	0.35095	0.078775
-0.25712	-0.39625	0.18554
-0.25248	0.41136	0.0058126
-0.24708	0.34024	-0.11611
-0.24385	0.24723	-0.24943
-0.23804	0.47432	0.035211
-0.23794	0.37108	0.00027176
-0.25018	0.35521	-0.088902
-0.23993	-0.0068788	0.12747
-0.24265	0.48278	0.079628
-0.24482	-0.083471	-0.14105
-0.2408	-0.073349	0.0346
-0.27206	-0.30033	0.1168
-0.2421	-0.056548	0.071031
-0.24812	0.2292	0.075251
-0.2408	0.30493	-0.17949
-0.2715	0.022994	-0.21762
-0.25482	0.43885	0.069711
-0.24218	0.34577	0.015756
-0.24169	0.34326	0.050435
-0.26087	-0.35379	0.18939
-0.26517	-0.51554	0.027792
-0.26686	0.1041	-0.25091
-0.24378	0.32191	0.005064
-0.2573	0.46073	0.012233
-0.24018	0.29379	0.067629
-0.25012	0.2874	0.041923
-0.25666	0.18309	-0.25661
-0.25953	0.22749	-0.23874
-0.25853	-0.050849	0.084524
-0.25019	0.36885	0.030288
-0.26297	0.12413	0.11441
-0.25851	-0.3531	0.047967
-0.26415	0.14353	-0.2457
-0.27333	0.50797	0.051261
-0.25529	0.27975	-0.016158
-0.24774	0.36023	0.049224
-0.26185	0.058671	-0.25098
-0.27273	-0.48492	0.11674
-0.24415	-0.46786	-0.012869
-0.2603	0.19203	0.082485
-0.2728	-0.33112	0.16906
-0.25682	-0.068929	-0.089301
-0.27281	-0.044425	-0.061824
-0.26778	-0.063389	-0.0015808
-0.26532	0.24175	0.048525
-0.26244	-0.026539	-0.18608
-0.27311	-0.042631	-0.086132
-0.25608	-0.067392	0.041632
-0.25226	0.28957	-0.16969
-0.25695	0.28069	-0.14949
-0.26084	-0.056246	-0.14177
-0.24912	0.31753	-0.035134
-0.27335	-0.42081	-0.018814
-0.25748	-0.29363	0.076275
-0.26369	-0.31452	0.06598
-0.27081	-0.51099	0.085056
-0.27231	0.29093	-0.098347
-0.25952	0.33293	-0.070286
-0.27202	-0.42771	0.15867
-0.27557	0.44945	0.010491
-0.26913	0.24929	-0.025876
-0.27073	-0.36759	0.034798
-0.26203	-0.066678	-0.11827
-0.28449	-0.46363	-0.02944
-0.27565	0.47433	0.060805
-0.26914	0.22588	-0.019607
-0.26328	0.24161	-0.0014441
-0.26648	-0.0077309	0.13177
-0.26616	0.2233	0.060165
-0.27583	-0.44196	0.14249
-0.27754	0.18219	-0.22412
-0.27494	-0.39126	0.0012757
-0.27209	0.23692	-0.21002
-0.27973	0.28588	-0.054242
-0.26835	0.25206	-0.13273
-0.28129	0.20574	0.029704
-0.28278	-0.37049	0.16131
-0.2734	0.24894	-0.17429
-0.28339	0.0028087	-0.16977
-0.2852	0.05866	0.12979
-0.28418	0.18848	0.055884
-0.28339	-0.34518	0.074659
-0.27631	0.27541	-0.079361
-0.27946	-0.49656	-0.0080184
-0.28351	-0.3344	0.088028
-0.2802	0.20007	-0.22152
-0.29065	0.44712	0.057899
-0.2782	0.19525	-0.017798
-0.27795	0.22432	-0.10092
-0.28305	0.26242	-0.048149
-0.28917	-0.049146	0.10414
-0.27817	-0.047562	-0.036529
-0.27713	-0.032194	-0.13022
-0.31143	0.043209	0.13165
-0.29543	-0.022694	-0.06218
-0.28616	0.081459	-0.21685
-0.29195	0.19562	-0.18896
-0.30002	-0.35861	0.0188
-0.29505	0.23625	-0.041662
-0.29212	-0.070727	0.020747
-0.28421	0.43711	0.022327
-0.29232	-0.40077	0.14234
-0.2921	0.21892	-0.029617
-0.30438	0.0027506	-0.082524
-0.29487	-0.34874	0.13965
-0.31184	-0.34622	0.039174
-0.29245	0.15915	-0.20688
-0.32148	-0.061199	0.090365
-0.2889	0.21904	-0.073327
-0.31016	-0.3732	-0.027882
-0.29152	0.46889	0.021796
-0.28981	-0.0037167	-0.11342
-0.30562	-0.48761	0.10626
-0.30319	-0.34783	0.082137
-0.29501	0.027969	-0.15468
-0.29692	-0.036376	-0.041322
-0.3054	0.16674	-0.16005
-0.30986	-0.40091	-0.047755
-0.30393	-0.36211	0.11547
-0.3018	0.12684	-0.1598
-0.29405	0.17768	-0.12183
-0.30394	-0.382	0.12907
-0.29809	0.16189	0.038779
-0.30743	-0.40722	0.13646
-0.3014	0.16746	-0.18394
-0.30168	0.055207	-0.15746
-0.2979	0.087715	-0.17304
-0.3167	-0.42084	-0.059511
-0.30138	0.19574	-0.040315
-0.30309	-0.057595	-0.005461
-0.30376	0.1785	-0.073257
-0.30058	0.019429	-0.129
-0.27807	0.14698	0.076665
-0.33095	-0.44633	-0.063526
-0.29661	0.18376	0.018433
-0.29974	0.47374	0.047008
-0.32008	0.1082	0.10252
-0.29965	0.1338	-0.13476
-0.31194	-0.50249	0.086304
-0.30805	0.14243	0.044035
-0.30085	0.14582	-0.090362
-0.33209	-0.065867	0.058362
-0.31712	-0.46426	0.12226
-0.29419	0.15477	-0.019719
-0.3056	0.14812	0.009763
-0.29342	-0.5194	0.046869
-0.30504	0.15463	-0.060567
-0.33016	0.078189	0.10842
-0.32101	0.017838	0.13951
-0.31235	0.03248	-0.090699
-0.29848	-0.018184	0.12717
-0.30916	0.17816	-0.04565
-0.32016	-0.51385	0.061825
-0.30818	0.14626	-0.0377
-0.31074	0.080197	-0.13017
-0.31703	-0.054133	-0.032022
-0.33086	-0.053425	0.10655
-0.31377	-0.020765	-0.053868
-0.36376	-0.47612	-0.06015
-0.31714	0.12854	-0.04278
-0.31325	0.10492	-0.10749
-0.31967	0.070692	-0.08097
-0.33182	-0.36009	0.11029
-0.31644	0.089614	-0.061776
-0.33654	-0.062581	0.02154
-0.324	0.10557	-0.021678
-0.33182	-0.33812	0.065844
-0.32892	0.013187	-0.058839
-0.35226	-0.36654	-0.04634
-0.34096	-0.51481	-0.0079661
-0.33778	0.086197	-0.013469
-0.3298	0.047549	-0.059799
-0.34226	-0.045538	-0.066153
-0.35514	-0.4981	0.099828
-0.3519	-0.44808	0.12853
-0.33819	-0.067966	-0.045854
-0.3573	-0.34964	-0.021081
-0.33812	-0.4016	-0.067885
-0.3619	-0.33588	0.032098
-0.35386	-0.017124	-0.078504
-0.35093	-0.3783	0.12362
-0.34946	-0.062031	0.033575
-0.34058	-0.52115	0.024818
-0.34472	-0.076841	-0.028108
-0.33962	0.11814	0.054844
-0.34908	-0.51424	0.072343
-0.34281	0.10962	0.02119
-0.34611	0.032497	-0.052123
-0.35986	0.086895	0.091602
-0.33202	0.06291	0.11977
-0.36826	-0.42453	-0.079259
-0.37837	-0.058759	0.098451
-0.36324	0.024121	-0.066556
-0.36406	-0.059692	-0.057426
-0.38397	-0.52578	0.02369
-0.37548	0.05625	-0.030283
-0.35427	0.053058	0.11672
-0.37081	-0.51931	-0.0040316
-0.36792	-0.00013155	0.13398
-0.37275	-0.49457	-0.047327
-0.37099	-0.35599	0.098308
-0.35511	0.10111	0.068397
-0.36832	-0.073024	0.015239
-0.37597	-0.34102	0.058777
-0.41097	-0.45751	0.11681
-0.36664	0.081183	0.07919
-0.36555	-0.026317	-0.079906
-0.38441	-0.071782	0.058607
-0.40383	-0.34595	-0.044029
-0.39598	0.012332	0.12633
-0.36706	0.023278	-0.078164
-0.36533	-0.0050267	-0.088008
-0.3779	-0.071028	-0.038294
-0.37168	0.04253	-0.10099
-0.37738	0.039461	-0.13488
-0.39618	-0.39212	0.10603
-0.40001	0.064491	-0.007341
-0.38821	-0.33317	0.02663
-0.40035	-0.37791	-0.069143
-0.38567	-0.067838	0.0040312
-0.3862	0.083123	-0.081116
-0.3999	-0.48241	0.11065
-0.41246	-0.51952	0.05651
-0.38578	-0.040311	-0.097775
-0.37993	-6.1708e-05	-0.13017
-0.39455	0.056553	0.065266
-0.39621	0.076574	-0.05091
-0.37927	0.029177	0.11932
-0.39241	0.050342	-0.050495
-0.38961	-0.020893	0.12032
-0.38614	-0.03069	-0.13875
-0.39189	-0.33147	-0.012315
-0.39575	-0.51135	0.083096
-0.39417	0.0069126	-0.19035
-0.39195	0.075844	0.017645
-0.3914	0.10441	-0.16136
-0.39631	-0.031873	-0.16912
-0.39391	0.21635	-0.16466
-0.38408	0.091525	-0.14257
-0.43158	-0.44245	-0.079481
-0.40588	0.25816	-0.15734
-0.40874	0.054698	-0.033065
-0.39068	-0.05261	-0.077809
-0.42605	-0.42435	0.10542
-0.40134	-0.058709	0.055402
-0.40577	0.19328	-0.14653
-0.40046	0.23264	-0.14764
-0.40268	0.17565	-0.1795
-0.39456	-0.049392	0.09768
-0.40249	0.20342	-0.19097
-0.44045	-0.47602	-0.061531
-0.41798	0.1338	-0.10658
-0.4135	-0.37785	0.077451
-0.40686	0.074269	-0.19926
-0.41258	-0.062192	-0.083537
-0.41309	0.12084	-0.076517
-0.41234	0.10365	-0.054771
-0.41181	-0.35506	0.044164
-0.41373	-0.00013174	-0.2117
-0.40929	-0.053425	-0.14223
-0.40768	-0.33563	0.012507
-0.41639	0.15388	-0.16959
-0.42363	-0.037512	-0.18738
-0.4153	0.021419	0.1051
-0.42089	-0.32974	-0.0080976
-0.43098	-0.51297	-0.00716
-0.42684	0.27111	-0.16315
-0.419	0.12019	-0.17665
-0.4443	-0.39976	0.084258
-0.41681	0.032537	-0.22043
-0.42776	-0.033289	0.089149
-0.44282	0.067951	-0.013913
-0.43291	0.22135	-0.21486
-0.43064	-0.069003	-0.13079
-0.41678	-0.0019886	0.11456
-0.43864	0.027571	0.025175
-0.45627	-0.33257	-0.031805
-0.43338	0.20207	-0.13421
-0.42489	0.23824	-0.14247
-0.42176	0.053606	-0.0088084
-0.44334	-0.35384	-0.061257
-0.44604	0.26966	-0.18915
-0.43584	0.13725	-0.12645
-0.4253	0.16885	-0.21441
-0.4224	0.13702	-0.19127
-0.43929	-0.41385	-0.082707
-0.43044	-0.072543	-0.068695
-0.43036	-0.50313	0.082419
-0.43442	0.01979	0.05212
-0.42704	0.14775	-0.14942
-0.43678	0.053382	-0.016308
-0.44544	-0.004328	0.085914
-0.44156	-0.49296	-0.043271
-0.44809	0.082448	-0.055201
-0.45988	-0.36773	0.055475
-0.42737	0.12096	-0.1959
-0.46551	-0.002278	-0.22592
-0.44355	-0.073172	-0.018585
-0.44508	-0.45189	0.10189
-0.44995	0.036058	0.0024968
-0.42723	0.094086	-0.21039
-0.44805	0.15522	-0.13773
-0.43404	0.13317	-0.094717
-0.45386	0.23648	-0.14644
-0.44581	-0.51137	0.013259
-0.46248	-0.073828	-0.10592
-0.45095	-0.055466	-0.17193
-0.44825	-0.33613	0.0073088
-0.45356	-0.50082	0.057697
-0.42845	-0.049952	0.063826
-0.43721	0.14228	-0.21517
-0.46807	0.11187	-0.22152
-0.45285	0.28332	-0.16099
-0.46072	0.082997	-0.22979
-0.47439	-0.07269	-0.050461
-0.44881	0.073314	-0.036164
-0.46821	-0.070321	-0.14206
-0.46427	0.16291	-0.13569
-0.47088	0.017872	0.014534
-0.45708	0.2392	-0.21857
-0.46308	-0.064685	-0.0077731
-0.47135	-0.076403	-0.069611
-0.47865	-0.025821	-0.21128
-0.48558	-0.010346	0.024859
-0.46999	0.065465	-0.0051977
-0.48451	0.27765	-0.18569
-0.4647	0.11638	-0.093563
-0.48251	-0.3337	-0.05186
-0.46568	-0.49457	-0.024559
-0.4886	-0.043466	0.0035131
-0.4788	0.26491	-0.20978
-0.45299	-0.025312	0.068694
-0.46564	-0.38423	-0.080288
-0.4809	-0.46948	0.068591
-0.48327	0.13917	-0.23658
-0.48145	-0.49275	0.0081386
-0.49253	-0.42435	-0.087245
-0.48634	0.27047	-0.1657
-0.48737	-0.47488	-0.050386
-0.49465	-0.44188	-0.083311
-0.48748	-0.41879	0.078989
-0.4771	-0.20229	-0.045988
-0.48725	0.18732	-0.14642
-0.49031	-0.19085	-0.067372
-0.48861	-0.067935	-0.1326
-0.49306	-0.042599	-0.18709
-0.51233	0.20624	-0.24857
-0.50096	-0.17876	-0.066373
-0.48087	-0.2391	-0.057413
-0.4778	-0.2607	-0.022481
-0.48408	-0.32328	-0.0085154
-0.48585	-0.31876	-0.027786
-0.48226	-0.20981	0.0094969
-0.48753	-0.18732	0.005778
-0.48751	0.1673	-0.24272
-0.48124	-0.21446	-0.023388
-0.49101	-0.34188	0.020594
-0.49004	-0.25807	0.035104
-0.49037	0.23413	-0.15534
-0.46752	0.13741	-0.12239
-0.49116	-0.36272	-0.071714
-0.51415	0.055845	-0.037643
-0.50207	-0.21527	0.037481
-0.50431	0.055674	-0.23139
-0.48604	-0.29945	-0.042213
-0.49447	-0.27989	-0.080889
-0.49745	-0.33017	-0.062741
-0.48887	-0.29478	0.0064394
-0.48912	-0.1905	-0.019844
-0.50411	-0.24196	0.040958
-0.49543	-0.47655	0.04076
-0.51035	-0.18418	-0.016903
-0.4911	-0.17342	-0.044921
-0.50762	-0.18772	0.012481
-0.49348	-0.36951	0.051619
-0.52434	0.14038	-0.14019
-0.51019	-0.049206	-0.024555
-0.49714	-0.39813	-0.074538
-0.50924	0.29385	-0.17849
-0.49682	-0.32868	0.013685
-0.5088	0.24587	-0.23111
-0.49507	0.12555	-0.11251
-0.49596	-0.011915	0.012077
-0.51154	-0.010938	-0.20841
-0.52258	0.012331	-0.21751
-0.50117	0.048075	0.00015718
-0.5049	-0.28743	0.029489
-0.50701	-0.25741	-0.11106
-0.50395	-0.30399	-0.081483
-0.49764	-0.45141	0.065418
-0.50691	0.10387	-0.23384
-0.51736	-0.058377	-0.07278
-0.51356	-0.35224	-0.076215
-0.5193	-0.21515	0.044073
-0.51443	-0.018522	0.0022054
-0.52382	-0.47246	-0.016143
-0.51522	-0.44898	-0.071568
-0.49843	-0.2316	-0.082304
-0.53582	0.074185	-0.068751
-0.5255	-0.18611	-0.055013
-0.50852	-0.42013	0.062741
-0.52002	0.053705	-0.016894
-0.52442	-0.20087	-0.081262
-0.52353	0.27809	-0.20775
-0.53445	0.036896	-0.0092073
-0.52695	-0.28514	0.038717
-0.5165	-0.34193	0.026139
-0.52886	-0.43734	-0.065017
-0.50273	0.01281	0.013069
-0.51265	-0.22218	-0.11467
-0.52345	-0.3186	-0.090393
-0.52607	0.25163	-0.16712
-0.5292	0.18094	-0.25244
-0.53071	-0.45722	-0.047282
-0.51922	-0.38826	0.052222
-0.53568	-0.20764	-0.10708
-0.55103	-0.21626	-0.12165
-0.54172	0.097849	-0.092439
-0.53303	-0.36305	0.03489
-0.53845	0.094584	-0.2328
-0.5295	-0.26922	-0.11634
-0.54562	-0.016983	-0.033787
-0.53546	-0.041313	-0.056994
-0.53864	-0.038472	-0.10535
-0.5376	-0.1973	-0.040699
-0.54573	-0.39682	0.034331
-0.54323	-0.25739	-0.12265
-0.53542	0.028232	-0.20871
-0.55528	-0.44521	-0.020296
-0.5463	-0.30497	-0.10258
-0.53934	0.25893	-0.22629
-0.54332	0.050997	-0.21582
-0.54126	0.25961	-0.17731
-0.56113	0.02348	-0.17345
-0.51808	-0.036035	-0.16662
-0.53817	-0.40071	-0.073888
-0.53932	0.27456	-0.19725
-0.53453	-0.21148	0.028815
-0.54562	-0.42477	0.02928
-0.55174	0.071084	-0.056003
-0.55114	-0.43119	-0.060724
-0.53563	0.13104	-0.24143
-0.55259	-0.024435	-0.076486
-0.54964	0.021341	-0.022307
-0.54884	-0.21102	-0.075691
-0.55377	0.11232	-0.2256
-0.5612	0.20191	-0.17193
-0.55062	0.11949	-0.11593
-0.55272	0.15352	-0.158
-0.56098	-0.37749	-0.082846
-0.55208	-0.43781	0.0088802
-0.56587	-0.44601	-0.040908
-0.5613	0.059774	-0.050951
-0.54794	-0.32726	0.040882
-0.55007	0.22076	-0.24539
-0.56197	0.27761	-0.21439
-0.54898	-0.23009	0.030177
-0.56079	0.13311	-0.1451
-0.56076	-0.35537	-0.087377
-0.55959	-0.0016377	-0.13451
-0.55504	0.1406	-0.23766
-0.56447	0.10621	-0.09029
-0.57586	-0.38936	0.03439
-0.568	-0.27127	0.043385
-0.56866	0.017627	-0.062497
-0.56635	-0.40662	0.023826
-0.55951	0.18938	-0.24878
-0.5673	0.0030286	-0.097854
-0.5691	0.25845	-0.22816
-0.56505	-0.23634	-0.095461
-0.57906	-0.2774	-0.021582
-0.5694	0.08288	-0.2098
-0.57953	-0.4235	-0.067135
-0.5851	-0.28389	0.033695
-0.57684	0.19512	-0.23258
-0.57869	0.11645	-0.1111
-0.57238	0.088347	-0.078766
-0.56808	0.12319	-0.2109
-0.56867	0.24969	-0.18232
-0.58025	0.04827	-0.087352
-0.57602	0.15309	-0.21884
-0.57331	0.13547	-0.16706
-0.57413	-0.42905	0.0084508
-0.58988	-0.35315	0.042553
-0.57237	0.22255	-0.23879
-0.5808	0.036239	-0.1223
-0.57724	0.13343	-0.19432
-0.58129	0.07108	-0.1813
-0.58606	0.10662	-0.17789
-0.58904	0.22205	-0.21228
-0.58137	0.19939	-0.19135
-0.60851	-0.45559	-0.030701
-0.59023	0.084637	-0.15776
-0.568	0.27371	-0.2005
-0.58602	0.18446	-0.20558
-0.56753	-0.25904	-0.11106
-0.60002	-0.44483	-0.052133
-0.58501	0.25639	-0.20298
-0.58858	0.10773	-0.12915
-0.60082	-0.30965	-0.081147
-0.61096	-0.45085	-0.010361
-0.60592	-0.33018	-0.081014
-0.62821	-0.42048	0.018909
-0.64034	-0.37429	0.012652
-0.62761	-0.38841	-0.068799
-0.61568	-0.3389	0.03501
-0.60992	-0.32828	-0.036014
-0.62795	-0.44171	-0.056879
-0.62336	-0.38197	0.032995
-0.63687	-0.45415	-0.024815
-0.64517	-0.4384	0.00015983
-0.64492	-0.42778	-0.053078
-0.64788	-0.44395	-0.035895
-0.64492	-0.41132	0.014008
-0.65195	-0.41072	-0.001619
-0.64266	-0.39466	-0.042023
0.21628	0.20028	0.059246
-0.14141	0.5875	-0.030235
0.19234	0.51353	0.33157
-0.302	0.44281	0.048977
