3	123	126	137
3	108	105	126
3	1472	1517	1416
3	1309	1393	1416
3	1033	1085	1129
3	712	751	731
3	664	712	731
3	358	289	375
3	172	186	171
3	126	105	115
3	1701	1684	1767
3	1592	1622	1653
3	1592	1517	1622
3	455	558	556
3	127	111	139
3	21	13	23
3	1748	1820	1778
3	1561	1541	1585
3	1442	1455	1511
3	1272	1228	1376
3	1106	1175	1228
3	466	467	397
3	251	321	315
3	200	195	218
3	188	195	200
3	157	170	188
3	75	79	82
3	1455	1468	1541
3	39	47	51
3	1820	1854	1880
3	1737	1697	1740
3	1036	1096	1078
3	945	1096	1036
3	1963	1985	1988
3	1898	1886	1933
3	1886	1885	1933
3	979	1036	1098
3	727	781	797
3	775	762	797
3	1829	1821	1835
3	1441	1417	1447
3	647	631	684
3	1827	1852	1823
3	1489	1441	1530
3	1739	1753	1742
3	1713	1710	1716
3	1495	1525	1558
3	708	776	769
3	1911	1907	1913
3	1780	1733	1793
3	1406	1403	1512
3	1899	1911	1951
3	1870	1843	1899
3	1793	1843	1870
3	605	669	681
3	605	540	623
3	231	278	311
3	217	278	229
3	192	186	193
3	1416	1427	1472
3	1393	1427	1416
3	1393	1354	1427
3	1309	1186	1393
3	1309	1187	1186
3	1308	1187	1309
3	1147	1187	1308
3	1082	1186	1187
3	1147	1082	1187
3	1063	1082	1147
3	1026	1147	1085
3	1026	1063	1147
3	909	1014	1063
3	1026	909	1063
3	1028	1026	1085
3	1033	1028	1085
3	920	909	1026
3	920	1026	1028
3	974	1028	1033
3	974	948	1028
3	948	920	1028
3	969	920	948
3	896	834	914
3	839	834	896
3	805	830	835
3	777	787	805
3	749	777	805
3	767	749	805
3	767	805	811
3	805	804	830
3	787	804	805
3	811	805	835
3	811	835	833
3	777	773	787
3	716	773	777
3	787	773	804
3	751	767	811
3	751	811	833
3	731	751	833
3	716	688	773
3	688	742	773
3	681	688	716
3	681	669	688
3	726	664	731
3	669	696	688
3	694	664	726
3	669	683	696
3	605	623	669
3	694	609	664
3	669	623	683
3	683	623	694
3	623	609	694
3	662	683	694
3	623	540	609
3	480	534	585
3	480	375	534
3	375	482	534
3	428	375	480
3	358	480	441
3	358	428	480
3	375	344	406
3	358	375	428
3	311	344	375
3	289	311	375
3	289	231	311
3	229	193	217
3	220	193	229
3	193	196	217
3	193	185	196
3	172	193	186
3	172	185	193
3	185	187	196
3	172	156	185
3	169	187	185
3	156	169	185
3	153	156	172
3	156	146	169
3	146	160	169
3	137	156	153
3	156	145	146
3	137	145	156
3	146	149	160
3	137	126	145
3	145	132	146
3	126	132	145
3	127	149	146
3	132	127	146
3	115	132	126
3	115	127	132
3	115	101	127
3	1684	1701	1654
3	1701	1622	1654
3	1622	1603	1654
3	1517	1549	1622
3	1549	1603	1622
3	1549	1581	1603
3	1581	1601	1603
3	1549	1538	1581
3	1517	1472	1549
3	1472	1538	1549
3	1472	1427	1538
3	1427	1430	1538
3	1018	974	1106
3	1015	1018	1106
3	1018	966	974
3	1008	1015	1030
3	948	974	966
3	1008	966	1018
3	1015	1008	1018
3	969	966	1008
3	969	948	966
3	917	941	981
3	917	914	941
3	917	896	914
3	866	896	917
3	865	866	917
3	830	839	896
3	866	830	896
3	865	821	866
3	835	830	866
3	833	835	866
3	852	821	865
3	821	833	866
3	821	731	833
3	755	821	852
3	726	731	821
3	774	726	821
3	755	774	821
3	728	726	774
3	728	694	726
3	617	774	755
3	617	728	774
3	662	694	728
3	655	683	662
3	617	662	728
3	743	617	755
3	572	580	662
3	585	572	662
3	589	585	662
3	617	589	662
3	534	572	585
3	558	585	589
3	441	585	558
3	1002	1008	1030
3	441	480	585
3	556	558	589
3	529	556	589
3	529	589	617
3	455	441	558
3	529	517	556
3	199	187	205
3	187	189	205
3	205	189	208
3	189	209	208
3	189	197	209
3	169	181	187
3	187	181	189
3	182	197	189
3	181	182	189
3	182	180	197
3	169	160	181
3	160	176	181
3	181	176	182
3	176	180	182
3	178	188	180
3	176	178	180
3	160	155	176
3	176	157	178
3	176	155	157
3	157	188	178
3	149	155	160
3	149	127	155
3	155	139	157
3	127	139	155
3	44	57	69
3	57	56	63
3	63	53	75
3	56	53	63
3	44	43	57
3	57	43	56
3	27	43	44
3	43	26	56
3	27	25	43
3	25	26	43
3	14	25	27
3	14	21	25
3	25	21	26
3	23	32	26
3	26	21	23
3	14	13	21
3	1684	1723	1778
3	1723	1748	1778
3	1723	1695	1748
3	1748	1695	1732
3	1684	1695	1723
3	1654	1603	1684
3	1684	1660	1695
3	1603	1660	1684
3	1695	1660	1680
3	1642	1680	1660
3	1603	1601	1660
3	1601	1642	1660
3	1601	1598	1642
3	1598	1593	1642
3	1642	1593	1646
3	1601	1584	1598
3	1564	1593	1598
3	1491	1564	1598
3	1593	1561	1585
3	1564	1511	1561
3	1533	1564	1491
3	1534	1511	1564
3	1442	1511	1534
3	1278	1247	1229
3	1229	1228	1272
3	1172	1247	1278
3	1166	1247	1172
3	1229	1106	1228
3	1247	1106	1229
3	1030	1247	1166
3	1247	1015	1106
3	1030	1015	1247
3	1024	1044	1083
3	1024	944	1044
3	944	917	1044
3	944	1024	977
3	865	944	977
3	865	917	944
3	880	865	977
3	911	861	880
3	884	861	911
3	852	865	880
3	861	852	880
3	788	852	861
3	788	755	852
3	743	755	788
3	744	743	788
3	744	672	743
3	606	617	743
3	672	606	743
3	661	672	744
3	661	606	672
3	606	524	617
3	524	529	617
3	575	524	606
3	575	606	661
3	517	467	556
3	511	524	575
3	557	511	575
3	618	557	575
3	517	529	524
3	491	517	524
3	491	440	517
3	419	467	517
3	440	419	517
3	419	397	467
3	440	404	419
3	415	440	491
3	415	404	440
3	1044	917	981
3	404	412	419
3	399	412	404
3	412	330	397
3	330	315	397
3	399	330	412
3	399	320	330
3	320	399	338
3	315	244	251
3	320	315	330
3	235	244	315
3	235	315	320
3	246	235	320
3	301	246	320
3	235	218	244
3	225	218	235
3	225	235	246
3	225	215	218
3	208	215	225
3	202	218	215
3	209	215	208
3	209	202	215
3	197	202	209
3	202	200	218
3	197	180	202
3	188	200	202
3	180	188	202
3	53	79	75
3	53	59	79
3	59	66	79
3	51	79	66
3	51	77	79
3	26	33	56
3	33	59	53
3	59	33	66
3	33	53	56
3	33	48	66
3	32	48	33
3	26	32	33
3	32	39	48
3	39	51	48
3	23	39	32
3	1820	1774	1854
3	1820	1748	1774
3	1732	1774	1748
3	1732	1737	1774
3	1732	1683	1737
3	1695	1683	1732
3	1680	1683	1695
3	1683	1697	1737
3	1646	1683	1680
3	1683	1658	1697
3	1646	1658	1683
3	1642	1646	1680
3	1585	1658	1646
3	1593	1585	1646
3	1533	1534	1564
3	1533	1452	1534
3	1470	1477	1533
3	1452	1442	1534
3	1477	1452	1533
3	1470	1421	1477
3	1477	1421	1452
3	1452	1376	1442
3	1326	1452	1421
3	1424	1421	1470
3	1326	1376	1452
3	1326	1421	1424
3	1272	1376	1326
3	1360	1326	1424
3	1360	1278	1326
3	1326	1229	1272
3	1229	1326	1278
3	1159	1202	1233
3	1078	1137	1202
3	1078	1202	1159
3	1024	1083	1137
3	1096	1024	1137
3	1096	1137	1078
3	1159	1036	1078
3	977	1024	1096
3	971	977	1096
3	971	911	977
3	911	880	977
3	781	744	807
3	661	744	781
3	718	661	781
3	727	718	781
3	575	661	718
3	701	575	718
3	701	718	727
3	715	701	727
3	618	575	701
3	48	51	66
3	1963	1943	1985
3	1963	1933	1943
3	1943	1953	1985
3	1859	1866	1886
3	1886	1866	1885
3	1866	1837	1885
3	1859	1847	1866
3	1847	1837	1866
3	1286	1315	1339
3	1365	1339	1367
3	1189	1276	1315
3	1286	1189	1315
3	1312	1286	1339
3	1313	1312	1339
3	1313	1339	1365
3	1312	1183	1286
3	1189	1159	1276
3	1183	1189	1286
3	1120	1189	1183
3	1120	1159	1189
3	1098	1120	1183
3	1036	1159	1120
3	1120	1098	1036
3	715	727	797
3	762	715	797
3	698	715	762
3	698	701	715
3	719	621	733
3	618	701	698
3	733	698	762
3	621	698	733
3	671	621	719
3	689	671	719
3	621	652	698
3	649	671	689
3	671	646	621
3	649	646	671
3	607	646	649
3	631	607	649
3	583	621	646
3	607	583	646
3	583	607	631
3	1953	1983	1985
3	1953	1950	1983
3	1933	1885	1943
3	1936	1950	1953
3	1885	1873	1943
3	1943	1936	1953
3	1873	1936	1943
3	1873	1917	1936
3	1837	1849	1885
3	1885	1849	1873
3	1849	1842	1873
3	1873	1853	1917
3	1829	1837	1847
3	1849	1837	1842
3	1837	1832	1842
3	1829	1832	1837
3	1832	1829	1835
3	1832	1833	1842
3	1833	1835	1848
3	1835	1833	1832
3	1417	1409	1447
3	1367	1339	1409
3	1367	1409	1417
3	1365	1367	1417
3	647	581	631
3	553	583	631
3	581	553	631
3	581	601	564
3	1936	1924	1950
3	1936	1917	1924
3	1917	1904	1924
3	1851	1904	1917
3	1853	1851	1917
3	1851	1879	1904
3	1851	1848	1852
3	1852	1879	1851
3	1833	1848	1851
3	1853	1833	1851
3	1821	1852	1848
3	1835	1821	1848
3	1852	1827	1879
3	1823	1852	1821
3	1655	1663	1673
3	1652	1655	1673
3	1522	1574	1526
3	1526	1467	1522
3	1521	1467	1526
3	1447	1467	1521
3	1447	1521	1542
3	1441	1447	1542
3	1530	1441	1542
3	690	647	670
3	601	581	647
3	601	647	634
3	634	647	690
3	634	690	622
3	622	690	678
3	622	601	634
3	573	564	601
3	630	573	601
3	630	601	622
3	1871	1794	1856
3	1801	1794	1871
3	1824	1801	1871
3	1824	1785	1801
3	1796	1785	1824
3	1801	1766	1794
3	1766	1777	1794
3	1785	1766	1801
3	1766	1692	1777
3	1753	1785	1796
3	1734	1692	1766
3	1734	1766	1785
3	1753	1734	1785
3	1703	1734	1753
3	1722	1692	1734
3	1703	1722	1734
3	1739	1703	1753
3	1673	1692	1722
3	1716	1703	1739
3	1716	1710	1703
3	1703	1686	1722
3	1686	1673	1722
3	1704	1703	1710
3	1691	1686	1703
3	1652	1673	1686
3	1704	1691	1703
3	1659	1652	1686
3	1526	1574	1583
3	1526	1583	1591
3	1591	1583	1629
3	1572	1526	1591
3	1572	1521	1526
3	1611	1591	1629
3	1542	1521	1572
3	1594	1591	1611
3	1558	1572	1591
3	1558	1591	1594
3	1530	1542	1572
3	1530	1572	1558
3	708	678	776
3	739	708	769
3	739	697	708
3	708	697	678
3	697	622	678
3	653	697	739
3	691	653	739
3	653	622	697
3	630	622	645
3	1903	1922	1947
3	1871	1922	1903
3	1871	1902	1922
3	1903	1947	1939
3	1914	1903	1939
3	1914	1824	1903
3	1824	1871	1903
3	1713	1704	1710
3	1694	1704	1713
3	1694	1691	1704
3	1693	1691	1694
3	1718	1694	1713
3	1693	1694	1718
3	1605	1611	1634
3	1594	1611	1605
3	1558	1594	1605
3	1606	1605	1634
3	1495	1558	1605
3	1575	1495	1605
3	1599	1606	1634
3	1606	1575	1605
3	882	769	845
3	820	769	882
3	739	769	820
3	800	739	820
3	709	739	800
3	709	691	739
3	1947	1959	1965
3	1939	1947	1965
3	1967	1965	1972
3	1913	1965	1967
3	1913	1939	1965
3	1914	1939	1913
3	1747	1715	1775
3	1715	1713	1733
3	1715	1733	1775
3	1733	1780	1775
3	1718	1713	1715
3	1586	1575	1606
3	1599	1586	1606
3	1501	1575	1586
3	1576	1550	1586
3	1550	1512	1586
3	1512	1501	1586
3	1406	1512	1506
3	954	961	1007
3	954	887	961
3	887	935	961
3	887	882	935
3	820	882	887
3	855	820	887
3	800	820	855
3	1967	1972	1968
3	1968	1951	1967
3	1951	1913	1967
3	1951	1911	1913
3	1957	1951	1968
3	1961	1966	1968
3	1966	1957	1968
3	1925	1951	1957
3	1925	1899	1951
3	1940	1925	1957
3	1921	1925	1940
3	1921	1899	1925
3	1814	1899	1921
3	1814	1870	1899
3	1892	1834	1814
3	1791	1870	1814
3	1791	1793	1870
3	1791	1780	1793
3	1814	1790	1791
3	1775	1791	1790
3	1790	1814	1834
3	1763	1790	1834
3	1775	1780	1791
3	1752	1763	1834
3	1764	1775	1790
3	1764	1747	1775
3	1769	1747	1764
3	1763	1764	1790
3	1741	1769	1764
3	1727	1741	1764
3	1763	1727	1764
3	1565	1550	1576
3	1550	1506	1512
3	1506	1550	1565
3	1507	1506	1565
3	1450	1406	1506
3	1483	1450	1506
3	1483	1506	1507
3	1344	1406	1450
3	1429	1371	1483
3	1371	1450	1483
3	1371	1344	1450
3	1336	1371	1429
3	1336	1323	1371
3	1371	1168	1344
3	1252	1168	1371
3	1323	1252	1371
3	1246	1252	1323
3	1163	1246	1323
3	1246	1119	1252
3	1163	1119	1246
3	1007	1045	1119
3	1031	1119	1163
3	1054	1007	1119
3	1031	1054	1119
3	1054	954	1007
3	1031	954	1054
3	1957	1966	1960
3	1960	1966	1974
3	1966	1961	1974
3	1954	1960	1974
3	1940	1957	1960
3	1969	1954	1974
3	1954	1969	1964
3	1954	1940	1960
3	1946	1940	1954
3	1964	1946	1954
3	1946	1892	1940
3	1892	1921	1940
3	1934	1946	1964
3	1892	1814	1921
3	1934	1892	1946
3	1826	1892	1934
3	1860	1826	1934
3	1826	1834	1892
3	1860	1799	1826
3	1752	1826	1799
3	1826	1752	1834
3	311	278	344
3	278	333	344
3	278	296	333
3	1351	1430	1427
3	1354	1351	1427
3	1354	1197	1351
3	1186	1354	1393
3	1354	1240	1197
3	1109	1240	1354
3	1186	1109	1354
3	1082	1109	1186
3	1109	1117	1240
3	1014	1117	1109
3	1082	1014	1109
3	1014	965	1117
3	1063	1014	1082
3	1014	929	965
3	909	929	1014
3	909	885	929
3	878	909	920
3	914	920	969
3	878	857	909
3	857	885	909
3	920	914	878
3	914	834	878
3	878	834	857
3	857	785	885
3	834	770	857
3	770	785	857
3	830	804	839
3	770	834	839
3	804	770	839
3	742	770	804
3	773	742	804
3	742	565	770
3	655	565	742
3	696	655	742
3	688	696	742
3	565	667	770
3	683	655	696
3	655	580	565
3	565	542	667
3	542	565	580
3	481	542	580
3	572	481	580
3	534	481	572
3	482	481	534
3	383	473	542
3	481	383	542
3	383	481	482
3	375	406	482
3	406	383	482
3	344	383	406
3	333	382	383
3	344	333	383
3	333	351	382
3	333	296	351
3	296	236	313
3	296	237	236
3	278	237	296
3	278	217	237
3	221	236	237
3	217	201	237
3	201	221	237
3	226	224	242
3	217	196	201
3	226	199	224
3	201	226	221
3	201	199	226
3	201	196	199
3	196	187	199
3	1480	1556	1538
3	1538	1556	1581
3	1430	1480	1538
3	1480	1499	1556
3	1444	1499	1480
3	1430	1423	1480
3	1423	1444	1480
3	1430	1351	1423
3	1108	1166	1176
3	1721	1751	1770
3	1108	1030	1166
3	1002	1030	1108
3	1039	1002	1108
3	941	1002	1039
3	981	941	1039
3	941	914	969
3	941	969	1002
3	580	655	662
3	199	223	224
3	199	205	223
3	223	214	230
3	205	214	223
3	205	208	214
3	1278	1360	1270
3	1581	1584	1601
3	1581	1556	1584
3	1556	1520	1584
3	1584	1491	1598
3	1499	1520	1556
3	1584	1473	1491
3	1520	1473	1584
3	1473	1457	1491
3	1242	1270	1350
3	1242	1350	1234
3	1350	1270	1360
3	645	622	653
3	1172	1278	1270
3	1176	1172	1270
3	1234	1256	1242
3	1242	1176	1270
3	1108	1176	1242
3	1134	1108	1242
3	1166	1172	1176
3	1097	1039	1108
3	1134	1097	1108
3	1097	1134	1133
3	1184	1140	1155
3	1133	1155	1140
3	1083	1140	1184
3	1097	1133	1140
3	1100	1140	1083
3	1039	1097	1140
3	1100	1039	1140
3	1083	1044	1100
3	1044	1039	1100
3	1044	981	1039
3	491	524	511
3	453	449	511
3	449	491	511
3	453	476	379
3	415	491	449
3	453	394	449
3	394	415	449
3	379	394	453
3	415	399	404
3	379	301	338
3	363	301	379
3	243	301	363
3	301	320	338
3	265	230	243
3	243	246	301
3	243	225	246
3	214	243	230
3	214	225	243
3	214	208	225
3	1491	1470	1533
3	1457	1407	1491
3	1407	1470	1491
3	1394	1407	1457
3	1407	1360	1470
3	1360	1424	1470
3	1306	1360	1407
3	1306	1234	1360
3	399	415	394
3	1245	1289	1233
3	1202	1184	1245
3	1202	1245	1233
3	1137	1184	1202
3	1137	1083	1184
3	577	618	656
3	577	557	618
3	532	557	577
3	532	511	557
3	453	511	532
3	476	453	532
3	379	338	394
3	394	338	399
3	1375	1373	1435
3	1315	1375	1409
3	1317	1373	1375
3	1339	1315	1409
3	1315	1317	1375
3	1317	1289	1373
3	1315	1276	1317
3	1317	1233	1289
3	1276	1233	1317
3	1159	1233	1276
3	656	618	698
3	652	656	698
3	644	577	656
3	642	644	656
3	642	656	652
3	552	642	652
3	552	582	642
3	621	583	652
3	583	552	652
3	1842	1833	1873
3	1833	1853	1873
3	1523	1527	1579
3	1490	1527	1523
3	1474	1490	1523
3	1474	1434	1490
3	1467	1474	1522
3	1474	1523	1522
3	1467	1434	1474
3	1375	1434	1467
3	1375	1435	1434
3	1409	1375	1467
3	1447	1409	1467
3	583	553	552
3	547	552	553
3	553	581	564
3	548	553	564
3	548	547	553
3	573	548	564
3	548	464	547
3	435	426	548
3	1800	1789	1809
3	1777	1789	1800
3	1692	1699	1777
3	1699	1724	1777
3	1699	1687	1724
3	1682	1687	1699
3	1682	1661	1687
3	1682	1699	1692
3	1663	1661	1682
3	1663	1682	1692
3	1673	1663	1692
3	1644	1621	1661
3	1644	1661	1663
3	1635	1644	1663
3	1655	1635	1663
3	1579	1621	1644
3	1609	1579	1644
3	1635	1609	1644
3	1652	1635	1655
3	1595	1635	1637
3	1637	1635	1652
3	1595	1609	1635
3	1571	1579	1609
3	1595	1571	1609
3	1574	1595	1637
3	1571	1523	1579
3	1522	1523	1571
3	1522	1595	1574
3	1522	1571	1595
3	458	548	573
3	521	573	630
3	521	458	573
3	541	521	630
3	435	548	458
3	395	521	541
3	395	458	521
3	395	541	500
3	359	435	458
3	395	359	458
3	448	395	500
3	452	448	500
3	414	448	452
3	414	395	448
3	334	359	395
3	414	334	395
3	1856	1901	1902
3	1856	1874	1901
3	1871	1856	1902
3	1856	1809	1874
3	1809	1862	1874
3	1800	1809	1856
3	1794	1800	1856
3	1777	1800	1794
3	1659	1686	1691
3	1690	1659	1691
3	1667	1672	1675
3	1647	1659	1690
3	1672	1647	1690
3	1647	1672	1667
3	1659	1637	1652
3	1647	1637	1659
3	1651	1647	1667
3	1574	1637	1647
3	1641	1647	1651
3	1641	1629	1647
3	1629	1583	1647
3	1583	1574	1647
3	638	653	691
3	624	638	691
3	630	645	638
3	638	645	653
3	541	630	638
3	539	541	638
3	539	638	624
3	539	500	541
3	620	478	624
3	478	539	624
3	452	500	539
3	478	452	539
3	1922	1901	1944
3	1922	1902	1901
3	1947	1922	1944
3	1901	1923	1944
3	1944	1923	1959
3	1901	1874	1923
3	1708	1706	1721
3	1708	1672	1690
3	1706	1700	1736
3	1675	1672	1708
3	1690	1706	1708
3	1691	1693	1690
3	1690	1700	1706
3	1690	1693	1700
3	1693	1718	1700
3	1643	1641	1651
3	1634	1629	1641
3	1611	1629	1634
3	1640	1634	1641
3	1643	1640	1641
3	1617	1634	1640
3	1617	1599	1634
3	815	778	800
3	778	815	793
3	778	709	800
3	793	750	778
3	750	682	778
3	682	685	778
3	685	709	778
3	588	620	682
3	685	620	624
3	685	624	691
3	685	691	709
3	682	620	685
3	1947	1944	1959
3	1923	1932	1959
3	1965	1959	1972
3	192	193	220
3	228	213	229
3	231	228	278
3	228	229	278
3	536	540	605
3	536	493	540
3	540	518	609
3	633	536	605
3	493	518	540
3	554	536	633
3	633	605	660
3	604	554	658
3	554	633	658
3	660	605	681
3	658	633	660
3	660	681	716
3	658	660	704
3	660	716	704
3	704	716	752
3	680	658	704
3	680	704	752
3	676	680	752
3	752	716	777
3	723	749	767
3	687	676	749
3	749	676	752
3	752	777	749
3	429	439	493
3	429	536	554
3	429	493	536
3	429	554	604
3	439	504	518
3	494	429	604
3	549	504	567
3	494	604	658
3	566	431	494
3	494	658	680
3	619	494	680
3	494	619	566
3	549	567	687
3	687	567	676
3	567	566	676
3	676	566	619
3	619	680	676
3	439	429	431
3	439	431	504
3	431	429	494
3	504	431	567
3	431	566	567
3	1119	1045	1168
3	1119	1168	1252
3	1168	1203	1291
3	1168	1291	1344
3	1344	1291	1359
3	1344	1359	1406
3	1911	1843	1907
3	1843	1911	1899
3	876	930	935
3	935	930	1007
3	961	935	1007
3	930	931	968
3	1007	930	1045
3	930	968	1045
3	1045	1057	1131
3	1045	1131	1203
3	1168	1045	1203
3	1203	1131	1279
3	1203	1279	1291
3	1291	1279	1359
3	1279	1288	1359
3	1359	1288	1403
3	1359	1403	1406
3	1288	1389	1403
3	1389	1411	1403
3	1403	1411	1460
3	1512	1403	1501
3	1403	1460	1501
3	1501	1460	1516
3	1733	1713	1749
3	1733	1749	1793
3	1738	1776	1749
3	1793	1749	1776
3	1793	1776	1843
3	1843	1776	1864
3	1776	1802	1864
3	1864	1802	1863
3	1843	1864	1907
3	1864	1913	1907
3	1864	1863	1914
3	1913	1864	1914
3	769	776	845
3	845	776	876
3	882	845	935
3	776	768	828
3	845	876	935
3	828	875	889
3	776	828	889
3	876	776	889
3	876	889	931
3	930	876	931
3	1460	1422	1495
3	1460	1495	1516
3	1501	1516	1575
3	1516	1495	1575
3	1713	1738	1749
3	1713	1716	1738
3	1738	1716	1742
3	1738	1742	1776
3	1716	1739	1742
3	1776	1742	1802
3	1742	1786	1802
3	1802	1786	1825
3	1802	1825	1863
3	1786	1796	1825
3	1863	1825	1914
3	1796	1824	1825
3	1825	1824	1914
3	678	690	720
3	720	690	725
3	678	720	776
3	768	720	725
3	720	768	776
3	725	791	768
3	725	707	791
3	768	791	828
3	1422	1449	1495
3	1495	1449	1525
3	1449	1489	1525
3	1525	1530	1558
3	1525	1489	1530
3	1742	1753	1786
3	1786	1753	1796
3	1895	1889	1896
3	690	707	725
3	690	670	707
3	707	670	717
3	707	717	765
3	707	765	791
3	1366	1380	1386
3	1386	1380	1428
3	1380	1388	1441
3	1449	1428	1489
3	1428	1380	1489
3	1380	1441	1489
3	1821	1828	1823
3	1823	1828	1877
3	1823	1877	1827
3	1877	1867	1889
3	1827	1877	1882
3	1882	1877	1889
3	1879	1827	1882
3	1895	1882	1889
3	1879	1882	1924
3	1882	1895	1924
3	1924	1895	1896
3	1879	1924	1904
3	1924	1896	1949
3	1896	1975	1949
3	1950	1924	1949
3	1950	1949	1979
3	670	647	684
3	670	684	717
3	684	631	649
3	717	684	740
3	740	684	764
3	684	649	738
3	684	745	764
3	745	684	738
3	764	745	810
3	745	831	810
3	897	919	943
3	943	919	1021
3	1076	1048	1105
3	1076	1105	1123
3	1123	1105	1170
3	1170	1199	1313
3	1206	1313	1307
3	1307	1313	1366
3	1366	1313	1335
3	1366	1335	1380
3	1335	1313	1365
3	1380	1335	1388
3	1335	1365	1388
3	1388	1365	1417
3	1388	1417	1441
3	1828	1821	1829
3	1828	1829	1844
3	1828	1844	1845
3	1828	1845	1877
3	1877	1845	1867
3	1845	1844	1868
3	1844	1807	1846
3	1844	1846	1868
3	1950	1979	1986
3	1983	1950	1986
3	1986	1981	1983
3	649	689	738
3	738	689	719
3	738	719	775
3	719	762	775
3	719	733	762
3	745	738	831
3	738	824	831
3	775	797	813
3	824	738	775
3	775	813	847
3	797	781	813
3	813	836	847
3	824	775	847
3	813	781	836
3	824	847	869
3	824	869	897
3	847	836	869
3	869	919	897
3	869	836	899
3	869	899	919
3	1021	919	1011
3	919	899	1011
3	899	927	1023
3	899	1023	1011
3	1023	927	1046
3	1021	1011	1048
3	1048	1011	1023
3	1046	927	979
3	1048	1023	1105
3	1046	979	1098
3	1023	1046	1105
3	1105	1046	1098
3	1105	1098	1199
3	1098	1183	1199
3	1170	1105	1199
3	1313	1199	1312
3	1199	1183	1312
3	1711	1744	1740
3	1711	1688	1756
3	1744	1711	1756
3	1688	1760	1756
3	1740	1744	1787
3	1756	1760	1807
3	1744	1756	1787
3	1787	1756	1830
3	1756	1807	1831
3	1844	1829	1847
3	1787	1830	1836
3	1830	1756	1831
3	1831	1807	1844
3	1830	1831	1844
3	1830	1844	1847
3	1830	1847	1859
3	1836	1830	1859
3	1854	1774	1836
3	1854	1836	1886
3	1836	1859	1886
3	1898	1933	1963
3	1905	1898	1942
3	1942	1898	1963
3	1905	1942	1945
3	1945	1942	1962
3	1942	1982	1962
3	1942	1963	1988
3	1982	1942	1988
3	1988	1985	1983
3	1988	1983	1993
3	1982	1988	1993
3	1983	1995	1994
3	1993	1983	1994
3	1990	1982	1993
3	1990	1993	1994
3	31	38	47
3	47	38	46
3	47	46	67
3	47	67	51
3	51	67	77
3	67	46	58
3	58	76	67
3	67	76	86
3	836	781	807
3	807	744	788
3	836	807	899
3	807	788	884
3	788	861	884
3	899	807	884
3	899	884	927
3	927	884	945
3	884	911	945
3	927	945	979
3	945	911	971
3	945	971	1096
3	979	945	1036
3	1585	1541	1577
3	1551	1589	1577
3	1589	1648	1656
3	1577	1589	1656
3	1585	1577	1658
3	1577	1656	1658
3	1656	1648	1711
3	1648	1688	1711
3	1656	1711	1658
3	1697	1658	1711
3	1697	1711	1740
3	1737	1740	1787
3	1737	1787	1774
3	1774	1787	1836
3	1854	1886	1894
3	1880	1854	1894
3	1894	1886	1898
3	1880	1894	1905
3	1894	1898	1905
3	1880	1905	1918
3	1869	1880	1918
3	1850	1869	1930
3	1869	1918	1930
3	1930	1918	1945
3	1918	1905	1945
3	1930	1945	1962
3	22	38	31
3	23	31	39
3	23	24	31
3	39	31	47
3	77	67	86
3	88	77	86
3	79	77	82
3	82	77	88
3	76	87	86
3	89	82	88
3	87	89	86
3	89	88	86
3	75	82	89
3	81	89	90
3	122	125	159
3	147	122	159
3	125	140	159
3	150	147	159
3	150	159	170
3	159	165	170
3	165	177	195
3	170	165	195
3	188	170	195
3	195	177	198
3	198	190	207
3	195	198	212
3	198	207	212
3	195	212	218
3	218	212	227
3	218	227	244
3	244	227	251
3	227	248	251
3	251	248	321
3	248	306	321
3	321	367	315
3	315	367	397
3	367	321	306
3	367	306	396
3	306	319	396
3	397	367	466
3	367	396	466
3	396	468	466
3	466	468	467
3	467	468	556
3	1106	1104	1175
3	1228	1175	1304
3	1175	1253	1304
3	1228	1362	1376
3	1228	1304	1362
3	1376	1362	1442
3	1304	1349	1401
3	1362	1304	1468
3	1304	1401	1414
3	1455	1362	1468
3	1442	1362	1455
3	1304	1414	1468
3	1511	1455	1541
3	1468	1414	1551
3	1511	1541	1561
3	1468	1551	1541
3	1541	1551	1577
3	1551	1532	1589
3	1767	1684	1778
3	1767	1778	1813
3	1767	1813	1788
3	1869	1820	1880
3	1778	1820	1869
3	1813	1778	1869
3	1788	1813	1850
3	1850	1813	1869
3	13	24	23
3	24	13	11
3	42	27	44
3	42	44	69
3	69	57	63
3	65	42	69
3	69	63	75
3	60	42	65
3	81	75	89
3	65	69	75
3	65	75	81
3	65	81	60
3	110	81	96
3	60	81	110
3	64	85	106
3	60	110	85
3	85	110	106
3	110	129	116
3	111	101	106
3	106	110	116
3	111	106	116
3	125	116	129
3	111	116	122
3	122	116	125
3	111	122	131
3	111	131	139
3	131	122	147
3	139	131	147
3	139	147	150
3	157	139	150
3	157	150	170
3	212	207	222
3	227	212	248
3	212	222	248
3	248	216	306
3	216	250	319
3	306	216	319
3	319	250	380
3	250	310	380
3	319	380	455
3	396	319	455
3	396	455	468
3	380	441	455
3	468	455	556
3	974	1104	1106
3	974	1033	1104
3	1104	1033	1141
3	1104	1141	1175
3	1033	1129	1141
3	1175	1141	1253
3	1141	1129	1174
3	1253	1141	1174
3	1304	1253	1349
3	1426	1535	1625
3	1535	1517	1592
3	1625	1535	1618
3	1535	1592	1618
3	1625	1618	1632
3	1618	1592	1653
3	1632	1618	1665
3	1665	1618	1653
3	1622	1701	1653
3	1665	1653	1712
3	1702	1665	1712
3	1712	1653	1701
3	1712	1701	1767
3	1702	1712	1767
3	7	5	11
3	7	11	13
3	7	13	14
3	7	14	20
3	12	7	20
3	20	14	27
3	12	20	37
3	20	27	42
3	37	20	42
3	41	37	42
3	41	42	60
3	64	41	60
3	64	60	85
3	101	64	106
3	54	64	94
3	72	54	99
3	64	101	94
3	54	94	99
3	72	99	105
3	105	99	94
3	94	101	115
3	105	94	115
3	101	111	127
3	161	153	172
3	161	172	171
3	184	210	204
3	211	232	210
3	219	232	310
3	232	290	310
3	232	289	290
3	232	231	289
3	250	219	310
3	290	289	358
3	310	290	380
3	380	290	358
3	380	358	441
3	1174	1129	1085
3	1174	1085	1225
3	1225	1085	1147
3	1225	1147	1290
3	1225	1290	1379
3	1290	1364	1379
3	1290	1147	1308
3	1290	1308	1364
3	1364	1308	1309
3	1379	1364	1426
3	1364	1309	1426
3	1379	1426	1459
3	1426	1309	1535
3	1309	1416	1535
3	1535	1416	1517
3	72	108	80
3	98	80	108
3	72	105	108
3	108	112	98
3	123	108	126
3	112	108	123
3	112	123	118
3	118	123	138
3	138	123	137
3	118	138	134
3	138	137	153
3	142	138	153
3	134	138	142
3	161	142	153
3	142	161	158
3	158	161	171
3	158	171	179
3	179	171	184
3	171	186	192
3	171	192	184
3	184	192	213
3	210	184	211
3	184	213	211
3	213	192	220
3	213	220	229
3	211	213	231
3	232	211	231
3	231	213	228
3	609	518	640
3	609	640	664
3	518	568	640
3	664	640	712
3	640	723	712
3	640	568	723
3	568	687	723
3	712	723	751
3	723	687	749
3	751	723	767
3	493	439	518
3	518	504	549
3	518	549	568
3	568	549	687
3	968	1057	1045
3	968	1034	1057
3	1057	1034	1131
3	1034	1149	1131
3	1131	1149	1279
3	1279	1149	1288
3	1149	1220	1288
3	1288	1342	1389
3	875	877	889
3	889	877	931
3	931	877	957
3	877	938	957
3	931	957	968
3	968	957	1034
3	957	938	1027
3	1034	957	1071
3	957	1027	1071
3	1034	1071	1149
3	1149	1071	1216
3	1149	1216	1220
3	1071	1130	1216
3	1216	1130	1178
3	1288	1220	1342
3	1178	1294	1216
3	1220	1216	1342
3	1216	1341	1345
3	1342	1216	1345
3	1216	1294	1341
3	1342	1345	1389
3	1389	1345	1411
3	1411	1345	1460
3	1345	1341	1460
3	1341	1392	1460
3	1392	1422	1460
3	828	791	844
3	828	844	875
3	791	765	844
3	875	844	910
3	877	875	910
3	844	859	910
3	877	910	938
3	859	902	910
3	910	902	938
3	938	902	1009
3	902	951	1009
3	938	1009	1027
3	1009	951	1068
3	1027	1009	1130
3	1071	1027	1130
3	1009	1068	1130
3	1130	1068	1178
3	1178	1068	1236
3	1068	1207	1236
3	1178	1236	1294
3	1207	1277	1236
3	1294	1236	1277
3	1294	1277	1341
3	1341	1277	1392
3	1277	1320	1392
3	1320	1386	1392
3	1422	1392	1449
3	1392	1386	1449
3	1386	1428	1449
3	765	717	740
3	765	740	826
3	765	826	844
3	844	826	859
3	740	806	826
3	826	806	840
3	859	826	871
3	826	840	871
3	859	871	902
3	871	840	870
3	902	871	951
3	871	870	928
3	871	928	951
3	870	912	928
3	951	928	1068
3	928	912	1068
3	1068	912	1065
3	1068	1065	1207
3	1065	1121	1207
3	1277	1207	1121
3	1277	1121	1320
3	1121	1206	1307
3	1121	1307	1320
3	1320	1307	1386
3	1307	1366	1386
3	1896	1889	1906
3	1889	1867	1906
3	1906	1867	1900
3	1896	1906	1975
3	1900	1909	1906
3	1949	1975	1979
3	740	764	806
3	806	764	810
3	806	810	840
3	810	831	840
3	840	831	849
3	870	840	912
3	849	831	897
3	840	849	912
3	849	894	912
3	894	849	897
3	831	824	897
3	897	943	958
3	912	894	990
3	894	897	958
3	894	958	990
3	958	943	1021
3	912	990	1065
3	958	1021	1048
3	990	958	1048
3	1065	990	1092
3	990	1076	1092
3	990	1048	1076
3	1065	1092	1121
3	1092	1076	1123
3	1121	1092	1123
3	1121	1123	1206
3	1123	1170	1206
3	1206	1170	1313
3	1845	1868	1867
3	1867	1868	1890
3	1900	1867	1890
3	1868	1846	1890
3	1846	1872	1890
3	1900	1890	1909
3	1890	1872	1915
3	1890	1915	1938
3	1909	1890	1938
3	1906	1909	1981
3	1975	1906	1981
3	1979	1975	1981
3	1909	1938	1981
3	1929	1984	1938
3	1986	1979	1981
3	1981	1938	1984
3	1981	1984	1995
3	1981	1995	1983
3	1984	1991	1995
3	1760	1688	1698
3	1760	1698	1812
3	1698	1765	1812
3	1807	1760	1840
3	1760	1812	1840
3	1812	1765	1816
3	1807	1840	1846
3	1846	1840	1872
3	1840	1812	1857
3	1857	1812	1816
3	1840	1857	1872
3	1816	1887	1857
3	1816	1876	1887
3	1872	1857	1915
3	1857	1887	1915
3	1915	1929	1938
3	1915	1887	1920
3	1929	1915	1952
3	1915	1920	1952
3	1952	1920	1931
3	1952	1931	1976
3	1929	1952	1987
3	1931	1971	1976
3	1952	1976	1987
3	1929	1987	1984
3	1984	1987	1991
3	1976	1971	1987
3	1962	1982	1980
3	1980	1982	1990
3	1987	1971	1989
3	1987	1992	1991
3	1980	1990	1989
3	1971	1980	1989
3	1987	1989	1992
3	1995	1991	1994
3	1991	1992	1994
3	1992	1990	1994
3	1992	1989	1990
3	58	46	62
3	1589	1597	1657
3	1648	1589	1657
3	1597	1607	1657
3	1607	1613	1670
3	1657	1607	1670
3	1648	1698	1688
3	1648	1657	1698
3	1657	1670	1698
3	1670	1613	1638
3	1698	1670	1765
3	1670	1719	1765
3	1772	1808	1818
3	1818	1808	1875
3	1876	1818	1893
3	1808	1815	1875
3	1876	1893	1887
3	1818	1875	1893
3	1815	1850	1875
3	1887	1931	1920
3	1887	1893	1931
3	1875	1908	1893
3	1875	1850	1930
3	1908	1875	1930
3	1893	1908	1931
3	1908	1930	1962
3	1931	1908	1971
3	1908	1962	1980
3	1971	1908	1980
3	24	22	31
3	22	16	35
3	38	22	35
3	46	38	35
3	16	15	35
3	46	35	62
3	62	35	50
3	35	45	50
3	62	76	58
3	62	50	70
3	62	70	76
3	50	45	71
3	70	50	73
3	76	70	87
3	50	71	74
3	73	50	74
3	70	73	87
3	87	73	92
3	89	87	92
3	90	89	92
3	73	74	92
3	92	74	96
3	96	74	100
3	96	100	109
3	109	107	121
3	117	135	121
3	125	129	109
3	125	109	121
3	125	121	140
3	121	135	140
3	135	144	140
3	144	135	148
3	135	133	148
3	140	144	152
3	140	152	159
3	144	148	152
3	165	159	152
3	152	148	163
3	165	152	177
3	152	163	177
3	177	163	190
3	198	177	190
3	1414	1532	1551
3	1414	1401	1518
3	1414	1518	1543
3	1532	1414	1543
3	1589	1532	1597
3	1532	1607	1597
3	1532	1543	1613
3	1532	1613	1607
3	1613	1543	1638
3	1638	1543	1563
3	1563	1649	1679
3	1638	1563	1679
3	1679	1649	1677
3	1679	1677	1772
3	1677	1674	1745
3	1745	1674	1784
3	1677	1745	1772
3	1772	1745	1808
3	1784	1674	1702
3	1745	1784	1808
3	1784	1767	1788
3	1784	1702	1767
3	1808	1784	1815
3	1784	1788	1815
3	1815	1788	1850
3	10	16	22
3	5	10	11
3	10	22	24
3	11	10	24
3	81	90	96
3	90	92	96
3	100	83	107
3	100	107	109
3	129	96	109
3	110	96	129
3	107	117	121
3	148	154	163
3	163	154	164
3	163	164	190
3	164	173	191
3	173	174	191
3	164	191	190
3	174	183	191
3	190	191	203
3	190	203	207
3	183	194	191
3	207	203	222
3	203	191	216
3	191	194	216
3	203	216	222
3	248	222	216
3	216	194	250
3	250	194	219
3	1349	1253	1390
3	1401	1349	1390
3	1253	1174	1390
3	1390	1174	1225
3	1379	1398	1225
3	1390	1225	1433
3	1401	1390	1518
3	1225	1398	1433
3	1398	1379	1440
3	1390	1433	1518
3	1440	1379	1459
3	1518	1433	1543
3	1398	1440	1500
3	1543	1433	1563
3	1500	1440	1459
3	1433	1398	1500
3	1433	1500	1563
3	1459	1426	1625
3	1500	1459	1625
3	1563	1500	1649
3	1625	1632	1662
3	1500	1625	1649
3	1649	1625	1662
3	1662	1632	1665
3	1649	1662	1677
3	1674	1662	1665
3	1662	1674	1677
3	1674	1665	1702
3	2	8	5
3	1	2	5
3	5	8	10
3	1	5	7
3	1	7	12
3	4	1	12
3	4	12	19
3	12	37	28
3	19	12	28
3	19	28	40
3	30	19	40
3	28	41	64
3	37	41	28
3	40	28	54
3	28	64	54
3	52	30	40
3	40	54	72
3	151	166	168
3	151	158	166
3	168	166	175
3	174	168	183
3	168	175	183
3	166	158	179
3	175	166	179
3	183	175	194
3	175	179	204
3	179	184	204
3	194	175	206
3	175	204	206
3	194	206	219
3	206	204	210
3	206	210	219
3	210	232	219
3	68	52	40
3	52	68	95
3	40	72	80
3	40	80	68
3	68	80	98
3	68	98	102
3	95	68	102
3	93	95	113
3	95	102	113
3	98	112	102
3	102	112	118
3	102	118	134
3	113	102	128
3	128	102	134
3	134	143	128
3	134	142	143
3	128	143	151
3	143	142	158
3	151	143	158
3	1816	1819	1876
3	1670	1638	1719
3	1638	1730	1719
3	1765	1719	1816
3	1816	1719	1819
3	1719	1730	1819
3	1730	1772	1818
3	1819	1730	1818
3	1819	1818	1876
3	1638	1679	1730
3	1730	1679	1772
3	6	15	16
3	8	6	16
3	8	16	10
3	15	6	18
3	6	17	18
3	15	18	35
3	35	18	45
3	18	17	49
3	45	18	49
3	17	29	49
3	45	49	71
3	29	78	49
3	74	71	83
3	74	83	100
3	71	49	83
3	83	49	84
3	78	84	49
3	84	78	91
3	83	84	104
3	84	91	104
3	83	104	107
3	107	104	117
3	104	91	119
3	91	97	114
3	91	114	119
3	117	104	124
3	104	119	124
3	135	117	133
3	133	117	124
3	119	114	124
3	148	133	154
3	124	114	141
3	133	124	154
3	124	141	154
3	154	141	167
3	164	154	167
3	167	173	164
3	167	141	174
3	167	174	173
3	2	6	8
3	2	3	6
3	1	0	2
3	0	3	2
3	17	6	3
3	3	0	9
3	17	3	9
3	29	17	9
3	29	9	36
3	9	19	34
3	19	30	34
3	9	34	36
3	34	30	61
3	55	34	61
3	30	52	61
3	36	34	55
3	29	36	78
3	36	55	78
3	61	52	95
3	78	55	97
3	91	78	97
3	55	61	93
3	61	95	93
3	55	93	103
3	97	55	103
3	97	103	120
3	114	97	120
3	120	103	130
3	114	120	141
3	103	128	130
3	141	120	136
3	120	130	136
3	130	128	151
3	130	151	162
3	136	130	162
3	141	136	162
3	141	162	174
3	162	151	168
3	162	168	174
3	0	1	4
3	9	0	4
3	9	4	19
3	93	113	103
3	128	103	113
3	924	994	993
3	904	892	963
3	892	924	993
3	892	993	963
3	963	1035	1017
3	1190	1319	1348
3	1266	1190	1348
3	1387	1266	1348
3	1387	1348	1413
3	1387	1413	1445
3	654	702	692
3	692	702	734
3	734	702	754
3	734	754	812
3	737	692	734
3	734	812	832
3	737	734	832
3	838	737	832
3	812	818	832
3	838	832	862
3	832	818	868
3	832	868	862
3	862	868	904
3	862	904	963
3	915	862	963
3	915	963	980
3	980	963	1017
3	1017	1035	1075
3	980	1017	1075
3	1061	980	1075
3	1113	1075	1132
3	1075	1035	1132
3	1113	1132	1156
3	1113	1169	1146
3	1156	1132	1190
3	1113	1156	1169
3	1266	1156	1190
3	1169	1156	1266
3	1169	1266	1239
3	1239	1266	1327
3	1327	1266	1387
3	675	737	801
3	666	648	735
3	648	801	735
3	735	801	772
3	801	737	838
3	772	801	808
3	784	772	808
3	808	801	838
3	848	808	838
3	784	808	848
3	838	862	915
3	848	838	915
3	903	848	915
3	863	848	903
3	863	903	921
3	903	915	921
3	946	915	980
3	921	915	967
3	915	946	967
3	881	921	962
3	962	921	967
3	946	980	1061
3	1058	946	1061
3	967	946	1058
3	962	967	1058
3	1061	1075	1113
3	956	962	1058
3	1051	956	1058
3	1061	1113	1146
3	1058	1061	1146
3	479	537	686
3	657	537	666
3	537	657	686
3	657	666	735
3	657	735	772
3	657	772	784
3	686	657	760
3	657	784	760
3	825	760	784
3	786	760	825
3	819	786	825
3	784	848	863
3	825	784	863
3	819	825	881
3	825	863	881
3	799	819	881
3	890	799	881
3	863	921	881
3	890	881	913
3	913	881	962
3	907	890	913
3	907	913	947
3	947	913	962
3	956	947	962
3	1029	956	1051
3	947	956	1029
3	947	1029	1047
3	461	408	686
3	408	479	686
3	651	461	686
3	443	461	593
3	593	461	651
3	443	593	603
3	593	651	665
3	603	593	665
3	786	651	686
3	651	786	746
3	665	651	706
3	706	651	746
3	714	665	706
3	706	746	799
3	786	819	799
3	746	786	799
3	706	799	816
3	714	706	816
3	695	714	802
3	714	816	802
3	816	799	890
3	867	816	890
3	883	867	890
3	851	816	867
3	883	890	907
3	883	907	934
3	934	907	947
3	934	947	1047
3	1001	934	1047
3	1193	1192	1231
3	1212	1193	1231
3	1212	1231	1227
3	1227	1231	1318
3	1231	1192	1318
3	1318	1192	1310
3	1227	1318	1324
3	1227	1324	1285
3	1318	1310	1355
3	1318	1355	1324
3	1324	1355	1384
3	1285	1324	1384
3	1285	1384	1378
3	1384	1355	1400
3	1400	1355	1405
3	1384	1400	1432
3	1378	1384	1432
3	1400	1405	1451
3	1432	1400	1451
3	1432	1451	1486
3	879	953	985
3	1049	893	985
3	987	893	1049
3	985	953	1069
3	1072	953	983
3	1069	953	1072
3	985	1114	1049
3	985	1069	1114
3	1069	1072	1193
3	1114	1069	1193
3	1072	1192	1193
3	1072	1165	1192
3	1114	1193	1212
3	1049	1114	1212
3	1227	1049	1212
3	1378	1432	1461
3	1451	1405	1482
3	1451	1482	1486
3	1432	1486	1461
3	1482	1536	1486
3	1461	1486	1537
3	1531	1461	1537
3	1486	1536	1537
3	1531	1537	1553
3	1537	1536	1553
3	1553	1536	1562
3	823	856	842
3	809	794	893
3	856	809	893
3	794	879	893
3	856	949	842
3	856	893	949
3	893	879	985
3	1514	1531	1553
3	1514	1553	1569
3	1540	1514	1569
3	1514	1540	1546
3	1540	1545	1546
3	1562	1569	1553
3	1540	1569	1578
3	1569	1562	1588
3	1569	1588	1578
3	1546	1545	1567
3	1545	1540	1582
3	1567	1545	1582
3	1582	1540	1578
3	1546	1567	1614
3	1608	1582	1578
3	1567	1608	1623
3	700	711	756
3	700	668	711
3	711	668	741
3	730	700	756
3	756	711	796
3	730	756	763
3	756	796	823
3	711	741	809
3	796	711	809
3	763	756	823
3	823	809	856
3	796	809	823
3	1555	1546	1614
3	1567	1623	1614
3	1560	1555	1614
3	1614	1623	1624
3	1602	1560	1614
3	1612	1560	1602
3	1602	1614	1624
3	1612	1602	1619
3	1619	1602	1624
3	1624	1666	1619
3	1624	1650	1666
3	1619	1666	1664
3	1681	1664	1714
3	329	356	354
3	356	417	354
3	354	417	402
3	402	417	632
3	451	402	562
3	562	402	632
3	562	632	700
3	700	632	668
3	490	451	596
3	562	700	639
3	451	562	639
3	596	451	639
3	555	592	636
3	639	700	730
3	592	596	677
3	636	592	677
3	596	639	722
3	677	596	722
3	722	639	730
3	722	730	766
3	753	722	766
3	1612	1619	1664
3	1616	1612	1664
3	1616	1664	1681
3	1559	1627	1669
3	1616	1668	1627
3	1668	1616	1681
3	1668	1681	1685
3	1627	1668	1685
3	1669	1627	1685
3	1669	1685	1705
3	1685	1681	1705
3	1705	1681	1714
3	1676	1669	1705
3	1707	1676	1705
3	1707	1705	1768
3	1743	1707	1768
3	269	274	288
3	279	269	288
3	339	279	300
3	279	288	300
3	300	329	339
3	300	288	314
3	300	314	328
3	329	300	328
3	329	328	356
3	339	329	354
3	274	299	288
3	563	1996	591
3	563	591	636
3	597	563	626
3	563	736	659
3	736	563	636
3	736	636	677
3	626	563	659
3	677	722	736
3	736	722	753
3	748	753	779
3	748	736	753
3	748	710	659
3	659	736	748
3	1476	1413	1559
3	1573	1559	1669
3	1476	1573	1628
3	1476	1628	1630
3	1573	1669	1676
3	1628	1573	1689
3	1630	1628	1678
3	1678	1628	1689
3	1573	1676	1707
3	1689	1573	1707
3	1636	1630	1678
3	1636	1678	1671
3	1671	1678	1709
3	1709	1678	1689
3	1671	1709	1728
3	1689	1707	1743
3	1709	1689	1754
3	1750	1709	1754
3	1728	1709	1750
3	1754	1689	1743
3	1754	1771	1750
3	1771	1754	1743
3	269	272	274
3	272	269	277
3	274	272	283
3	283	272	305
3	272	277	293
3	272	293	307
3	305	272	307
3	283	305	360
3	305	307	322
3	305	337	360
3	305	322	337
3	346	360	381
3	360	337	411
3	337	322	373
3	386	360	411
3	381	360	386
3	337	373	411
3	411	373	526
3	430	411	526
3	386	430	528
3	430	526	563
3	1564	1561	1593
3	526	1996	563
3	528	430	597
3	430	563	597
3	528	597	626
3	579	528	626
3	641	626	659
3	579	626	643
3	626	641	643
3	641	659	673
3	635	579	643
3	579	635	594
3	594	635	663
3	1327	1387	1356
3	1356	1387	1404
3	1404	1387	1445
3	1383	1356	1404
3	1404	1445	1487
3	1383	1404	1487
3	1445	1476	1487
3	1464	1383	1487
3	1487	1476	1547
3	1464	1487	1547
3	1547	1476	1630
3	1464	1547	1570
3	1570	1547	1630
3	1570	1630	1636
3	654	594	663
3	614	594	654
3	654	663	702
3	614	654	692
3	674	614	692
3	613	614	674
3	675	674	692
3	737	675	692
3	1146	1169	1255
3	1255	1169	1239
3	1205	1255	1287
3	1255	1239	1347
3	1287	1255	1347
3	1239	1327	1347
3	1347	1327	1356
3	1287	1347	1331
3	1347	1356	1331
3	1331	1356	1383
3	595	613	674
3	502	525	610
3	525	595	610
3	610	595	675
3	675	595	674
3	648	610	675
3	648	675	801
3	1051	1058	1127
3	1127	1058	1146
3	1051	1127	1144
3	1127	1146	1255
3	1091	1051	1144
3	1144	1127	1194
3	1205	1127	1255
3	1194	1127	1205
3	1179	1144	1194
3	392	388	423
3	502	423	462
3	392	423	502
3	502	462	525
3	537	392	502
3	447	392	537
3	479	447	537
3	502	610	648
3	537	502	648
3	537	648	666
3	1091	1029	1051
3	1029	1091	1125
3	1029	1125	1047
3	1091	1144	1182
3	1125	1091	1182
3	1182	1144	1179
3	1182	1250	1243
3	1182	1204	1250
3	1125	1182	1221
3	1221	1182	1243
3	1295	1221	1243
3	268	291	312
3	291	303	392
3	362	312	291
3	303	388	392
3	362	291	392
3	357	312	362
3	286	312	357
3	357	362	408
3	362	392	447
3	357	408	444
3	374	357	444
3	362	447	479
3	408	362	479
3	461	444	408
3	374	444	443
3	851	802	816
3	996	867	883
3	883	934	996
3	996	934	1001
3	996	1001	1074
3	1001	1047	1126
3	1126	1047	1148
3	1047	1125	1148
3	1074	1001	1126
3	1148	1125	1221
3	1180	1126	1268
3	1221	1295	1148
3	1268	1126	1148
3	1148	1321	1268
3	1321	1148	1295
3	286	357	374
3	349	286	374
3	421	374	443
3	349	374	433
3	374	421	433
3	349	433	436
3	487	436	433
3	538	433	421
3	421	443	603
3	433	538	487
3	538	421	603
3	487	538	599
3	538	603	665
3	599	538	705
3	538	665	714
3	695	538	714
3	538	695	705
3	705	695	732
3	705	732	757
3	732	695	802
3	757	732	783
3	732	790	783
3	790	732	802
3	783	790	827
3	790	802	851
3	827	790	854
3	790	851	854
3	827	854	984
3	898	851	867
3	854	851	898
3	898	867	996
3	984	854	950
3	854	898	950
3	950	898	996
3	950	996	1070
3	984	950	970
3	1070	996	1074
3	1070	1074	1135
3	1135	1074	1126
3	1135	1126	1180
3	1165	1217	1192
3	1217	1167	1296
3	1167	1280	1296
3	1192	1217	1310
3	1310	1217	1296
3	1310	1296	1346
3	1310	1346	1352
3	1310	1352	1355
3	1296	1336	1346
3	1355	1352	1346
3	1346	1336	1397
3	1355	1346	1405
3	1405	1346	1456
3	1346	1397	1456
3	1720	1746	1758
3	1792	1746	1761
3	1792	1761	1805
3	1758	1746	1792
3	1783	1792	1838
3	1838	1792	1817
3	1817	1858	1891
3	953	895	923
3	923	937	983
3	953	923	983
3	983	937	1043
3	1081	983	1043
3	1072	983	1081
3	1081	1043	1080
3	1072	1081	1165
3	1165	1081	1217
3	1217	1081	1167
3	1405	1456	1482
3	1482	1456	1494
3	1482	1494	1528
3	1482	1528	1529
3	1482	1529	1536
3	1536	1529	1554
3	1529	1557	1554
3	1536	1554	1562
3	1562	1554	1568
3	1726	1720	1758
3	1726	1758	1757
3	1783	1758	1792
3	822	793	850
3	822	850	864
3	850	853	864
3	795	879	794
3	822	864	895
3	795	822	895
3	795	895	879
3	864	900	923
3	895	864	923
3	923	900	937
3	879	895	953
3	1562	1568	1588
3	1588	1568	1600
3	1578	1588	1608
3	1588	1600	1610
3	1588	1610	1608
3	1600	1620	1610
3	1608	1610	1631
3	1623	1608	1631
3	1610	1620	1626
3	1610	1626	1631
3	1736	1735	1782
3	1773	1736	1782
3	632	588	693
3	668	632	693
3	588	682	693
3	668	693	724
3	693	682	729
3	724	693	729
3	668	724	741
3	724	729	741
3	729	682	750
3	741	729	794
3	794	750	795
3	729	750	794
3	795	750	822
3	750	793	822
3	741	794	809
3	1633	1623	1631
3	1633	1631	1626
3	1620	1617	1626
3	1626	1617	1639
3	1639	1617	1640
3	1633	1626	1639
3	1623	1633	1645
3	1624	1623	1645
3	1645	1633	1639
3	1640	1643	1639
3	1639	1643	1645
3	1624	1645	1650
3	1645	1643	1651
3	1666	1650	1675
3	1666	1675	1696
3	1664	1666	1696
3	1664	1696	1714
3	1714	1696	1759
3	1696	1675	1721
3	1706	1736	1751
3	1721	1706	1751
3	1696	1721	1759
3	1751	1736	1773
3	1751	1773	1795
3	1759	1721	1770
3	1759	1770	1779
3	1751	1795	1804
3	1770	1751	1804
3	1779	1770	1804
3	1804	1795	1841
3	1779	1804	1798
3	1804	1865	1798
3	1804	1841	1881
3	1798	1865	1884
3	1865	1804	1884
3	1884	1804	1881
3	1798	1884	1888
3	1881	1841	1919
3	1881	1919	1932
3	1884	1881	1932
3	1888	1884	1923
3	1923	1884	1932
3	328	352	384
3	356	328	384
3	352	370	384
3	356	384	417
3	370	352	452
3	384	370	420
3	420	370	452
3	384	420	520
3	417	384	520
3	520	420	478
3	417	520	588
3	420	452	478
3	632	417	588
3	520	620	588
3	1645	1651	1650
3	1650	1651	1667
3	1675	1650	1667
3	1714	1759	1755
3	1705	1714	1755
3	1755	1759	1779
3	1705	1755	1768
3	1755	1779	1798
3	1743	1768	1803
3	1755	1798	1803
3	1771	1743	1803
3	1768	1755	1803
3	1811	1771	1803
3	1803	1798	1862
3	1809	1789	1811
3	1862	1798	1888
3	1811	1803	1862
3	1809	1811	1862
3	1874	1862	1888
3	1874	1888	1923
3	288	299	314
3	328	314	352
3	314	299	316
3	314	316	352
3	352	334	414
3	316	334	352
3	352	414	452
3	334	316	359
3	316	346	359
3	1661	1621	1687
3	1687	1621	1587
3	1687	1587	1671
3	1687	1671	1728
3	1724	1687	1728
3	1724	1789	1777
3	1724	1728	1789
3	1728	1750	1789
3	1750	1771	1811
3	1789	1750	1811
3	299	274	283
3	316	299	283
3	283	360	346
3	316	283	346
3	359	346	366
3	366	346	381
3	366	426	435
3	426	366	434
3	366	381	434
3	434	381	386
3	426	434	489
3	434	386	528
3	464	426	489
3	489	434	528
3	547	464	489
3	489	528	578
3	547	489	578
3	528	579	578
3	578	579	594
3	552	547	578
3	552	578	582
3	578	594	614
3	1373	1383	1435
3	1435	1383	1464
3	1435	1464	1492
3	1434	1435	1492
3	1490	1434	1492
3	1490	1492	1527
3	1492	1464	1508
3	1508	1464	1570
3	1492	1508	1527
3	1527	1508	1587
3	1587	1508	1570
3	1527	1587	1621
3	1587	1570	1636
3	1587	1636	1671
3	582	578	608
3	578	614	628
3	582	608	642
3	608	578	628
3	642	608	628
3	628	614	613
3	628	644	642
3	613	569	628
3	550	577	644
3	628	569	644
3	1287	1331	1259
3	1259	1331	1383
3	1289	1259	1373
3	1259	1383	1373
3	456	476	525
3	525	476	569
3	476	550	569
3	476	532	550
3	532	577	550
3	569	550	644
3	525	569	613
3	525	613	595
3	1194	1205	1259
3	1259	1205	1287
3	1191	1179	1194
3	1222	1194	1259
3	1191	1194	1222
3	1184	1222	1245
3	1155	1222	1184
3	1155	1191	1222
3	1245	1259	1289
3	1245	1222	1259
3	1306	1407	1394
3	247	265	295
3	265	243	363
3	247	295	303
3	295	265	363
3	303	295	388
3	410	363	379
3	295	363	388
3	388	363	410
3	410	379	456
3	388	410	462
3	410	456	462
3	388	462	423
3	462	456	525
3	456	379	476
3	1133	1191	1155
3	1182	1179	1204
3	1133	1256	1191
3	1179	1191	1204
3	1133	1134	1256
3	1191	1256	1213
3	1204	1191	1213
3	1213	1256	1262
3	1250	1213	1262
3	1274	1256	1234
3	1204	1213	1250
3	1256	1134	1242
3	1262	1256	1274
3	1274	1234	1306
3	1274	1306	1262
3	1250	1262	1243
3	1262	1306	1394
3	1243	1262	1394
3	1402	1295	1243
3	1243	1394	1402
3	1402	1394	1473
3	1394	1457	1473
3	1321	1402	1446
3	1446	1402	1473
3	1520	1446	1473
3	1446	1520	1499
3	247	230	265
3	223	247	259
3	224	223	259
3	259	247	303
3	291	259	303
3	224	259	268
3	268	259	291
3	1180	1268	1314
3	1321	1295	1402
3	1314	1268	1321
3	1322	1314	1321
3	1322	1321	1431
3	1431	1321	1446
3	1423	1322	1431
3	1423	1431	1444
3	1431	1446	1499
3	1444	1431	1499
3	221	226	266
3	242	224	268
3	263	242	268
3	226	242	266
3	242	263	266
3	221	266	236
3	286	263	268
3	286	268	312
3	266	263	308
3	308	263	286
3	313	236	266
3	308	286	349
3	266	308	313
3	308	349	436
3	313	308	436
3	313	436	351
3	382	351	473
3	351	436	473
3	436	487	473
3	473	487	599
3	505	473	599
3	542	505	667
3	505	599	705
3	667	505	705
3	667	705	758
3	667	758	771
3	705	757	758
3	771	758	783
3	758	757	783
3	771	783	785
3	770	771	785
3	829	783	827
3	785	783	829
3	829	827	860
3	785	829	885
3	885	829	860
3	860	827	984
3	885	860	929
3	860	984	960
3	929	860	960
3	960	984	970
3	960	965	929
3	970	950	1070
3	965	960	1117
3	970	1070	1099
3	1099	1070	1135
3	960	970	1117
3	970	1099	1117
3	1099	1135	1180
3	1117	1099	1173
3	1173	1099	1180
3	1197	1117	1173
3	1117	1197	1240
3	1173	1180	1314
3	1173	1314	1322
3	1197	1173	1322
3	1197	1322	1351
3	1805	1810	1858
3	1858	1810	1883
3	1810	1860	1883
3	1858	1883	1916
3	1883	1860	1910
3	1916	1883	1910
3	1912	1858	1916
3	1910	1860	1934
3	1916	1910	1935
3	1916	1935	1973
3	1910	1934	1948
3	1916	1973	1912
3	1935	1910	1948
3	1948	1934	1964
3	1973	1935	1977
3	1958	1912	1973
3	1935	1948	1977
3	1958	1973	1977
3	1948	1964	1969
3	1977	1948	1969
3	1970	1958	1977
3	1970	1977	1969
3	1162	1163	1280
3	1167	1162	1280
3	1280	1163	1323
3	1336	1280	1323
3	1296	1280	1336
3	1397	1336	1429
3	1456	1397	1463
3	1397	1429	1463
3	1720	1761	1746
3	1720	1729	1752
3	1761	1720	1752
3	1761	1752	1799
3	1761	1799	1810
3	1792	1805	1817
3	1805	1761	1810
3	1817	1805	1858
3	1810	1799	1860
3	1838	1817	1891
3	1891	1858	1912
3	1822	1838	1891
3	1822	1891	1926
3	1926	1891	1912
3	1822	1926	1928
3	1912	1958	1926
3	1926	1958	1970
3	1928	1926	1970
3	1961	1928	1970
3	1969	1974	1970
3	1974	1961	1970
3	874	887	954
3	922	874	954
3	922	954	995
3	995	954	1031
3	937	922	995
3	937	995	1043
3	995	1031	1043
3	1043	1031	1080
3	1080	1163	1162
3	1081	1080	1167
3	1167	1080	1162
3	1463	1429	1483
3	1456	1463	1494
3	1483	1507	1463
3	1528	1494	1463
3	1463	1507	1552
3	1529	1528	1557
3	1528	1463	1552
3	1528	1552	1557
3	1552	1507	1565
3	1554	1557	1576
3	1557	1552	1576
3	1552	1565	1576
3	1717	1720	1726
3	1720	1717	1729
3	1717	1726	1725
3	1717	1727	1729
3	1725	1726	1757
3	1727	1717	1725
3	1727	1725	1741
3	1741	1725	1769
3	1725	1757	1781
3	1757	1758	1783
3	1769	1725	1781
3	1757	1783	1797
3	1797	1783	1822
3	1781	1757	1797
3	1783	1838	1822
3	1839	1781	1797
3	1839	1797	1855
3	1855	1797	1822
3	1861	1839	1855
3	1855	1822	1928
3	1937	1855	1928
3	1861	1855	1927
3	1937	1928	1961
3	1927	1855	1937
3	1955	1927	1937
3	1955	1937	1961
3	1897	1927	1941
3	1927	1955	1941
3	1955	1961	1978
3	1956	1941	1955
3	1978	1968	1972
3	1956	1955	1978
3	853	815	855
3	793	815	853
3	815	800	855
3	850	793	853
3	855	874	853
3	864	853	900
3	853	874	922
3	900	853	922
3	900	922	937
3	1568	1554	1600
3	1596	1554	1576
3	1554	1596	1600
3	1576	1604	1596
3	1617	1600	1596
3	1604	1599	1596
3	1599	1617	1596
3	1620	1600	1617
3	1718	1715	1731
3	1762	1747	1769
3	1700	1718	1731
3	1731	1715	1762
3	1715	1747	1762
3	1735	1700	1731
3	1736	1700	1735
3	1735	1731	1782
3	1731	1762	1782
3	1762	1769	1781
3	1782	1762	1839
3	1762	1781	1839
3	1782	1839	1806
3	1773	1782	1806
3	1806	1839	1861
3	1773	1806	1861
3	1773	1861	1878
3	1878	1861	1897
3	1861	1927	1897
3	1878	1897	1941
3	1919	1878	1941
3	1841	1878	1919
3	1919	1941	1956
3	1959	1956	1978
3	1959	1978	1972
3	1932	1956	1959
3	1675	1708	1721
3	1795	1773	1841
3	1841	1773	1878
3	520	478	620
3	359	366	435
3	548	426	464
3	1527	1621	1579
3	223	230	247
3	1351	1322	1423
3	296	313	351
3	383	382	473
3	542	473	505
3	770	667	771
3	1080	1031	1163
3	1729	1727	1763
3	1752	1729	1763
3	1961	1968	1978
3	874	855	887
3	1576	1586	1604
3	1586	1599	1604
3	650	496	615
3	514	515	616
3	515	496	616
3	616	496	650
3	590	616	650
3	398	401	446
3	514	446	515
3	398	446	522
3	398	522	510
3	446	514	522
3	424	398	510
3	497	424	510
3	522	514	590
3	510	551	598
3	522	590	1998
3	625	590	650
3	510	1998	551
3	643	641	673
3	1559	1573	1476
3	591	576	636
3	1627	1559	1616
3	1510	1612	1616
3	779	753	766
3	798	763	823
3	782	763	798
3	730	763	782
3	1524	1546	1555
3	1502	1531	1514
3	893	987	949
3	1035	1190	1132
3	754	747	812
3	663	679	702
3	1348	1319	1353
3	868	892	904
3	868	818	892
3	754	679	747
3	702	679	754
3	747	721	789
3	679	721	747
3	679	713	721
3	713	703	721
3	679	663	713
3	663	635	713
3	673	703	713
3	635	643	713
3	643	673	713
3	472	498	1996
3	1996	385	472
3	345	385	1996
3	322	345	373
3	345	323	385
3	307	345	322
3	307	323	345
3	307	281	323
3	323	281	297
3	293	281	307
3	277	260	293
3	260	281	293
3	260	277	273
3	273	277	269
3	258	260	273
3	1413	1510	1559
3	1445	1413	1476
3	1458	1510	1413
3	1458	1437	1510
3	1413	1410	1458
3	1458	1410	1437
3	1413	1348	1410
3	1348	1353	1410
3	1410	1325	1437
3	1437	1325	1408
3	1410	1353	1325
3	1319	1260	1353
3	1260	1325	1353
3	1325	1237	1374
3	1150	1237	1325
3	1237	1214	1271
3	1139	1214	1237
3	1150	1115	1237
3	1115	1139	1237
3	1016	1139	1115
3	1016	1050	1139
3	1050	1066	1139
3	1055	1016	1115
3	994	1016	1055
3	1050	976	1066
3	1016	918	1050
3	1000	976	1050
3	994	918	1016
3	918	1000	1050
3	924	918	994
3	918	908	1000
3	908	905	1000
3	873	858	908
3	817	837	858
3	817	780	837
3	761	780	817
3	721	761	789
3	780	803	837
3	703	780	761
3	721	703	761
3	780	759	803
3	703	759	780
3	759	779	803
3	703	673	710
3	703	710	759
3	710	748	759
3	673	659	710
3	1002	969	1008
3	576	544	636
3	1996	576	591
3	544	555	636
3	1996	531	576
3	1996	498	531
3	576	531	544
3	523	555	544
3	531	523	544
3	498	507	531
3	531	507	530
3	523	531	530
3	506	523	530
3	570	506	530
3	506	490	523
3	318	340	342
3	318	339	340
3	275	318	342
3	304	275	342
3	287	294	275
3	275	294	318
3	287	269	294
3	287	273	269
3	294	269	279
3	294	279	318
3	279	339	318
3	258	273	287
3	1559	1510	1616
3	1510	1471	1612
3	1510	1437	1471
3	1437	1425	1471
3	1471	1519	1612
3	1408	1425	1437
3	1425	1396	1471
3	1471	1493	1519
3	1408	1374	1425
3	1325	1374	1408
3	1338	1385	1396
3	1374	1396	1425
3	1374	1271	1396
3	1237	1271	1374
3	1271	1338	1396
3	1338	1340	1385
3	1269	1340	1338
3	1219	1269	1338
3	1214	1338	1271
3	1214	1219	1338
3	1269	1210	1298
3	1219	1177	1269
3	1214	1139	1219
3	1139	1066	1219
3	1066	1177	1219
3	932	976	1000
3	905	932	1000
3	932	906	942
3	908	858	905
3	905	837	906
3	837	846	906
3	858	837	905
3	837	803	846
3	803	792	846
3	779	792	803
3	759	748	779
3	779	766	792
3	766	730	792
3	592	490	596
3	555	490	592
3	523	490	555
3	485	506	570
3	442	451	490
3	442	506	485
3	506	442	490
3	442	485	477
3	390	442	477
3	442	390	451
3	451	390	402
3	409	390	477
3	409	342	390
3	390	340	402
3	340	354	402
3	342	340	390
3	331	342	409
3	340	339	354
3	304	342	331
3	1519	1560	1612
3	1519	1548	1560
3	1548	1555	1560
3	1555	1548	1524
3	1519	1493	1548
3	1493	1524	1548
3	1493	1419	1524
3	1471	1385	1493
3	1385	1419	1493
3	1419	1504	1524
3	1396	1385	1471
3	1419	1448	1504
3	1391	1419	1385
3	1399	1415	1448
3	1385	1340	1391
3	1419	1399	1448
3	1391	1399	1419
3	1399	1361	1415
3	1340	1337	1391
3	1391	1337	1399
3	1337	1361	1399
3	1269	1337	1340
3	1337	1298	1361
3	1269	1298	1337
3	906	872	925
3	846	872	906
3	872	901	925
3	872	886	901
3	886	888	901
3	886	843	888
3	846	886	872
3	843	842	888
3	846	792	886
3	792	843	886
3	798	842	843
3	792	782	843
3	843	782	798
3	798	823	842
3	730	782	792
3	1524	1504	1505
3	1505	1546	1524
3	1505	1502	1546
3	1502	1514	1546
3	1504	1498	1505
3	1505	1498	1502
3	1498	1497	1502
3	1010	997	1077
3	986	997	1010
3	986	949	997
3	888	949	986
3	940	888	986
3	987	997	949
3	949	888	842
3	1497	1453	1502
3	1502	1453	1531
3	1497	1498	1509
3	1481	1485	1509
3	1485	1497	1509
3	1462	1485	1481
3	1485	1453	1497
3	1453	1461	1531
3	1462	1453	1485
3	1420	1453	1462
3	1453	1378	1461
3	1420	1378	1453
3	1377	1420	1462
3	1377	1462	1481
3	1358	1378	1420
3	1377	1357	1420
3	1357	1358	1420
3	1358	1285	1378
3	1285	1358	1357
3	1264	1285	1357
3	1285	1241	1227
3	1241	1285	1264
3	1230	1241	1264
3	1241	1124	1227
3	1230	1157	1241
3	1157	1124	1241
3	1049	1227	1124
3	1143	1157	1230
3	1157	1088	1124
3	1077	1088	1157
3	1101	1077	1157
3	1088	1049	1124
3	1088	987	1049
3	997	987	1088
3	1077	997	1088
3	1190	1142	1319
3	1035	1142	1190
3	1142	1079	1073
3	1035	1079	1142
3	993	1079	1035
3	963	993	1035
3	1055	1073	1079
3	993	1055	1079
3	993	994	1055
3	892	891	924
3	818	891	892
3	891	918	924
3	891	841	918
3	818	814	891
3	814	841	891
3	812	747	818
3	747	814	818
3	747	789	814
3	463	475	501
3	472	463	498
3	472	400	463
3	463	413	475
3	445	454	475
3	454	474	475
3	400	413	463
3	413	445	475
3	472	385	400
3	400	376	413
3	385	350	400
3	350	376	400
3	335	376	350
3	323	350	385
3	297	335	350
3	323	297	350
3	297	285	335
3	271	285	297
3	281	271	297
3	267	285	271
3	256	267	271
3	260	271	281
3	257	256	271
3	257	271	260
3	234	256	257
3	257	260	258
3	238	257	258
3	238	239	257
3	239	234	257
3	239	233	234
3	1142	1260	1319
3	1260	1150	1325
3	1142	1150	1260
3	1142	1073	1150
3	1073	1115	1150
3	1073	1055	1115
3	841	873	918
3	873	908	918
3	841	817	873
3	814	789	841
3	817	858	873
3	789	817	841
3	789	761	817
3	507	501	543
3	501	474	543
3	507	463	501
3	570	543	559
3	530	543	570
3	530	507	543
3	498	463	507
3	475	474	501
3	543	516	559
3	474	516	543
3	474	513	516
3	474	454	484
3	513	519	516
3	270	275	304
3	261	258	287
3	275	261	287
3	238	258	261
3	261	275	270
3	249	238	261
3	270	249	261
3	239	238	249
3	264	253	270
3	249	270	253
3	1249	1211	1293
3	1298	1249	1300
3	1210	1249	1298
3	1177	1210	1269
3	1210	1136	1249
3	1136	1211	1249
3	1136	1094	1211
3	1210	1111	1136
3	1090	1111	1210
3	1177	1090	1210
3	1066	1090	1177
3	1111	1094	1136
3	1067	1094	1111
3	1066	1025	1090
3	1037	1093	1094
3	1090	1067	1111
3	1067	1037	1094
3	1025	1067	1090
3	1066	976	1025
3	1025	1019	1067
3	1019	1037	1067
3	976	1005	1025
3	1025	992	1019
3	1005	992	1025
3	992	999	1019
3	976	932	1005
3	964	992	1005
3	932	942	1005
3	992	978	999
3	942	964	1005
3	964	978	992
3	559	560	574
3	574	570	559
3	516	560	559
3	574	560	600
3	574	485	570
3	516	519	560
3	546	574	600
3	546	485	574
3	477	485	546
3	409	477	546
3	471	409	546
3	377	409	471
3	438	377	471
3	377	331	409
3	302	331	377
3	331	270	304
3	302	270	331
3	264	270	302
3	298	264	302
3	1448	1439	1504
3	1448	1415	1439
3	1415	1382	1439
3	1369	1382	1415
3	1361	1369	1415
3	1361	1293	1369
3	1298	1300	1361
3	1300	1293	1361
3	1300	1249	1293
3	942	952	964
3	952	978	964
3	952	926	978
3	926	939	978
3	906	925	942
3	942	925	952
3	925	926	952
3	936	939	926
3	925	901	926
3	936	933	955
3	936	916	933
3	926	916	936
3	901	916	926
3	916	901	888
3	916	888	940
3	1439	1479	1504
3	1504	1479	1498
3	1382	1412	1439
3	1439	1412	1479
3	1498	1479	1509
3	1509	1479	1515
3	1479	1412	1465
3	975	1032	1060
3	933	1032	975
3	933	940	1032
3	940	1010	1032
3	933	975	955
3	940	986	1010
3	916	940	933
3	1515	1479	1999
3	1509	1515	1999
3	1580	1509	1999
3	1465	1469	1999
3	1999	1469	1566
3	1469	1544	1566
3	1479	1465	1999
3	1481	1509	1580
3	1469	1496	1544
3	1539	1481	1580
3	1475	1377	1481
3	1436	1377	1475
3	1454	1436	1484
3	1454	1418	1436
3	1436	1372	1377
3	1372	1436	1418
3	1368	1372	1418
3	1330	1377	1372
3	1297	1330	1372
3	1368	1297	1372
3	1377	1330	1357
3	1281	1297	1368
3	1297	1258	1330
3	1330	1258	1357
3	1258	1264	1357
3	1188	1258	1297
3	1218	1244	1258
3	1244	1264	1258
3	1188	1218	1258
3	1261	1264	1244
3	1244	1164	1261
3	1164	1301	1261
3	1264	1261	1273
3	1230	1264	1273
3	1188	1145	1218
3	1218	1164	1244
3	1116	1077	1101
3	1053	1101	1157
3	1060	1032	1089
3	1116	1101	1053
3	1089	1032	1059
3	1032	1010	1116
3	1116	1010	1077
3	1053	1032	1116
3	1059	1032	1053
3	1999	1566	1615
3	1590	1580	1999
3	1590	1999	1615
3	1566	1544	1615
3	1539	1580	1590
3	1503	1539	1590
3	1503	1590	1513
3	1475	1481	1539
3	1475	1539	1503
3	1503	1436	1475
3	1484	1436	1503
3	1484	1503	1478
3	1466	1454	1484
3	1284	1301	1328
3	1261	1301	1284
3	1301	1316	1328
3	1301	1254	1316
3	1302	1284	1328
3	1302	1273	1284
3	1273	1261	1284
3	1226	1273	1302
3	1226	1230	1273
3	1143	1230	1226
3	1158	1161	1209
3	1084	1089	1161
3	1143	1053	1157
3	1185	1226	1257
3	1089	1059	1161
3	1185	1143	1226
3	1161	1053	1209
3	1059	1053	1161
3	1185	1053	1143
3	1209	1053	1185
3	1328	1316	1329
3	1329	1302	1328
3	1997	1329	1316
3	1267	1997	1316
3	1257	1302	1329
3	1224	1257	1329
3	1257	1226	1302
3	1997	1224	1329
3	1209	1997	1208
3	1185	1257	1224
3	1209	1224	1997
3	1209	1185	1224
3	393	445	413
3	445	416	457
3	445	457	469
3	393	416	445
3	416	450	457
3	454	445	469
3	376	393	413
3	393	372	416
3	376	335	393
3	335	284	393
3	284	372	393
3	284	309	372
3	285	284	335
3	284	282	309
3	267	284	285
3	284	267	282
3	254	262	282
3	267	254	282
3	256	234	267
3	234	254	267
3	254	241	262
3	234	241	254
3	233	241	234
3	233	240	241
3	1093	1042	1062
3	1041	1062	1042
3	1004	1041	1042
3	484	454	535
3	474	484	513
3	454	486	535
3	484	535	513
3	513	535	519
3	457	450	469
3	469	486	454
3	486	527	535
3	255	325	280
3	241	240	252
3	252	240	255
3	245	325	255
3	240	245	255
3	233	239	249
3	233	249	240
3	245	249	253
3	240	249	245
3	1305	1283	1303
3	1293	1211	1305
3	1211	1200	1305
3	1305	1200	1251
3	1200	1196	1251
3	1200	1171	1196
3	1094	1200	1211
3	1062	1171	1200
3	1094	1093	1200
3	1093	1062	1200
3	1037	1042	1093
3	991	1042	1037
3	991	1004	1042
3	999	991	1037
3	1019	999	1037
3	1004	972	1003
3	991	972	1004
3	978	991	999
3	978	972	991
3	959	972	978
3	973	972	959
3	560	519	612
3	600	560	612
3	519	527	612
3	612	533	600
3	519	535	527
3	527	561	612
3	561	545	612
3	545	533	612
3	533	546	600
3	508	533	545
3	471	546	533
3	438	471	533
3	368	377	438
3	368	438	403
3	405	403	459
3	327	368	403
3	336	327	403
3	365	336	403
3	365	403	405
3	327	377	368
3	327	302	377
3	298	302	327
3	325	276	336
3	276	327	336
3	276	298	327
3	276	264	298
3	245	264	276
3	325	245	276
3	245	253	264
3	1382	1370	1412
3	1369	1305	1382
3	1305	1370	1382
3	1293	1305	1369
3	1305	1332	1370
3	1305	1303	1332
3	1332	1363	1370
3	1332	1311	1363
3	1303	1292	1332
3	1332	1292	1311
3	1311	1299	1363
3	982	939	1022
3	939	988	1022
3	959	939	982
3	939	959	978
3	939	955	988
3	936	955	939
3	508	438	533
3	403	438	508
3	459	403	508
3	1412	1395	1465
3	1395	1412	1370
3	1395	1443	1465
3	1363	1395	1370
3	1395	1381	1443
3	1363	1334	1395
3	1381	1333	1443
3	1343	1381	1395
3	1299	1334	1363
3	1334	1343	1395
3	1265	1333	1381
3	1343	1265	1381
3	1232	1265	1343
3	1232	1343	1334
3	1282	1232	1334
3	1160	1232	1282
3	1238	1333	1265
3	1265	1181	1238
3	1232	1181	1265
3	1181	1232	1160
3	1138	1181	1160
3	1181	1107	1238
3	1095	1138	1160
3	1138	1107	1181
3	1095	1040	1138
3	1138	1040	1107
3	1052	1040	1095
3	1022	988	1052
3	1040	1060	1107
3	988	1040	1052
3	1060	1040	975
3	988	975	1040
3	955	975	988
3	1465	1443	1469
3	1469	1443	1488
3	1469	1488	1496
3	1443	1333	1488
3	419	412	397
3	1333	1438	1488
3	1333	1368	1438
3	1368	1418	1438
3	1438	1454	1466
3	1438	1418	1454
3	1333	1281	1368
3	1238	1281	1333
3	1107	1281	1238
3	1107	1188	1281
3	1281	1188	1297
3	1145	1164	1218
3	1102	1188	1107
3	1102	1145	1188
3	1145	1118	1164
3	1102	1118	1145
3	1060	1102	1107
3	1118	1151	1164
3	1060	1084	1102
3	1102	1084	1118
3	1544	1513	1615
3	1496	1488	1544
3	1488	1513	1544
3	1478	1503	1513
3	1488	1466	1513
3	1350	1360	1234
3	1466	1478	1513
3	1466	1484	1478
3	1254	1267	1316
3	1164	1254	1301
3	1254	1151	1267
3	1164	1151	1254
3	1151	1208	1267
3	1158	1208	1151
3	1084	1161	1158
3	1208	1158	1209
3	1158	1118	1084
3	1118	1158	1151
3	1513	1590	1615
3	1208	1997	1267
3	416	364	450
3	416	372	364
3	332	364	372
3	332	324	364
3	309	332	372
3	309	324	332
3	309	292	324
3	309	282	292
3	282	262	292
3	469	470	486
3	450	470	469
3	486	503	527
3	470	509	503
3	470	503	486
3	364	425	450
3	450	425	470
3	364	355	425
3	355	389	425
3	364	324	355
3	324	317	355
3	317	326	341
3	292	317	324
3	292	262	317
3	317	252	326
3	262	252	317
3	252	280	326
3	262	241	252
3	252	255	280
3	1283	1248	1303
3	1248	1223	1303
3	1248	1215	1223
3	1283	1196	1248
3	1152	1215	1248
3	1251	1196	1283
3	1196	1152	1248
3	1196	1154	1152
3	1154	1087	1152
3	1171	1154	1196
3	1087	1154	1171
3	1062	1087	1171
3	1087	1086	1152
3	1087	1041	1086
3	1062	1041	1087
3	1041	1038	1086
3	1004	1003	1041
3	998	1038	1041
3	1003	998	1041
3	998	989	1038
3	972	998	1003
3	989	998	972
3	973	1012	1013
3	973	989	972
3	973	959	982
3	503	509	571
3	586	571	627
3	527	503	571
3	527	571	561
3	561	571	545
3	545	571	586
3	407	361	391
3	378	365	405
3	361	378	391
3	341	343	361
3	343	365	361
3	361	365	378
3	280	343	341
3	326	280	341
3	336	365	343
3	280	325	343
3	325	336	343
3	1303	1223	1292
3	1275	1311	1292
3	1263	1299	1311
3	1223	1275	1292
3	1275	1263	1311
3	1195	1275	1223
3	1195	1235	1275
3	1128	1195	1223
3	1275	1235	1263
3	1263	1282	1299
3	1263	1201	1282
3	1235	1201	1263
3	1128	1110	1195
3	1195	1153	1235
3	1153	1201	1235
3	1110	1153	1195
3	1153	1122	1201
3	1103	1122	1153
3	1056	1153	1110
3	1056	1103	1153
3	1103	1095	1122
3	1056	1022	1103
3	1022	1095	1103
3	1012	1056	1110
3	1006	1022	1056
3	1022	1052	1095
3	1012	1006	1056
3	973	1006	1012
3	1006	982	1022
3	973	982	1006
3	611	586	699
3	512	611	699
3	587	586	611
3	545	586	587
3	512	587	611
3	495	545	587
3	495	508	545
3	459	508	495
3	495	587	512
3	437	459	495
3	437	495	512
3	465	437	512
3	437	405	459
3	391	437	465
3	391	378	437
3	378	405	437
3	1299	1282	1334
3	1201	1160	1282
3	1201	1122	1160
3	1122	1095	1160
3	492	483	551
3	488	483	492
3	488	460	483
3	470	492	509
3	470	425	492
3	418	460	488
3	418	488	492
3	425	418	492
3	418	422	460
3	418	369	422
3	389	418	425
3	389	369	418
3	348	387	369
3	348	369	389
3	348	353	387
3	317	389	355
3	353	398	387
3	398	353	401
3	317	348	389
3	348	347	353
3	341	348	317
3	348	341	347
3	1152	1198	1215
3	1086	1198	1152
3	1198	1112	1215
3	1086	1112	1198
3	1112	1223	1215
3	1112	1128	1223
3	1086	1064	1112
3	1020	1128	1112
3	1064	1020	1112
3	1038	1064	1086
3	1038	989	1064
3	989	1020	1064
3	989	973	1020
3	1020	973	1013
3	625	551	602
3	509	551	625
3	509	492	551
3	627	625	650
3	509	625	627
3	571	509	627
3	446	427	515
3	371	427	446
3	401	371	446
3	353	347	401
3	347	371	401
3	371	407	427
3	347	361	371
3	371	361	407
3	347	341	361
3	1128	1020	1110
3	1020	1013	1110
3	1013	1012	1110
3	615	627	650
3	586	627	699
3	629	627	615
3	629	637	699
3	627	629	699
3	615	584	629
3	496	584	615
3	629	584	637
3	496	499	584
3	499	512	637
3	427	499	496
3	427	496	515
3	499	465	512
3	427	465	499
3	407	391	465
3	427	407	465
3	584	499	637
3	637	512	699
3	598	483	460
3	551	483	598
3	460	432	598
3	432	497	598
3	510	598	497
3	422	432	460
3	432	424	497
3	369	432	422
3	369	424	432
3	369	387	424
3	424	387	398
3	590	602	1998
3	551	1998	602
3	602	590	625
3	510	522	1998
3	686	760	786
3	1608	1567	1582
3	386	411	430
3	443	444	461
3	1919	1956	1932
3	514	616	590
3	905	906	932
3	1089	1084	1060
3	1251	1283	1305
3	1488	1438	1466
3	526	373	1996
3	373	345	1996
