3	314	370	393
3	490	484	529
3	516	487	529
3	487	490	529
3	438	408	481
3	928	950	1016
3	42	52	59
3	59	52	76
3	1798	1762	1808
3	1857	1886	1916
3	14	21	39
3	39	21	42
3	28	65	68
3	65	82	93
3	736	760	749
3	760	770	808
3	1245	1238	1285
3	1756	1788	1816
3	1937	1953	1966
3	2	0	1
3	12	28	38
3	844	749	760
3	744	765	795
3	791	744	795
3	872	936	962
3	1223	1107	1239
3	1850	1816	1851
3	1843	1850	1917
3	1850	1961	1917
3	1961	1971	1991
3	7	2	11
3	1845	1872	1864
3	1835	1806	1828
3	179	190	211
3	179	211	223
3	211	190	240
3	223	211	278
3	211	240	278
3	223	278	300
3	278	314	300
3	347	300	314
3	347	314	393
3	347	393	396
3	396	393	442
3	396	442	452
3	442	393	449
3	456	442	449
3	442	456	452
3	452	456	484
3	16	35	32
3	146	152	128
3	146	141	152
3	128	152	166
3	147	128	179
3	166	152	168
3	168	152	141
3	179	128	190
3	128	166	190
3	464	452	484
3	448	461	487
3	464	484	461
3	487	461	490
3	484	456	497
3	490	461	484
3	154	169	141
3	168	141	188
3	188	141	169
3	168	188	192
3	188	169	203
3	188	203	216
3	192	188	224
3	188	216	224
3	224	216	268
3	216	203	245
3	224	268	267
3	216	266	268
3	216	245	266
3	266	245	268
3	267	268	298
3	245	305	268
3	298	268	305
3	397	353	408
3	305	353	397
3	363	298	305
3	305	397	438
3	410	445	408
3	438	397	408
3	445	448	487
3	408	445	481
3	481	445	487
3	245	275	305
3	305	275	353
3	874	876	927
3	927	876	931
3	931	928	1016
3	876	928	931
3	931	1016	1006
3	974	931	1036
3	931	1006	1036
3	1006	1016	1068
3	1036	1006	1084
3	1006	1068	1084
3	1084	1068	1115
3	1036	1084	1126
3	1098	1036	1126
3	1126	1084	1115
3	1132	1098	1126
3	59	76	90
3	69	59	90
3	69	90	82
3	82	90	108
3	833	808	820
3	820	808	822
3	820	822	876
3	820	876	835
3	874	835	876
3	1126	1115	1170
3	1132	1126	1170
3	1132	1170	1171
3	1171	1170	1187
3	1170	1115	1225
3	1115	1157	1225
3	1178	1179	1187
3	1178	1187	1225
3	1225	1157	1238
3	1187	1170	1225
3	1798	1857	1862
3	1798	1808	1857
3	1853	1798	1862
3	1808	1803	1886
3	1857	1808	1886
3	1862	1857	1890
3	1890	1857	1916
3	9	14	22
3	22	14	30
3	30	14	39
3	39	42	59
3	28	30	39
3	28	39	69
3	65	28	69
3	39	59	69
3	69	82	65
3	760	808	833
3	760	833	809
3	760	809	804
3	804	809	840
3	871	804	840
3	809	833	847
3	840	809	847
3	1070	891	1017
3	1143	1091	1178
3	1147	1143	1178
3	1091	1179	1178
3	1147	1178	1209
3	1147	1209	1198
3	1178	1225	1232
3	1209	1178	1245
3	1198	1209	1245
3	1178	1232	1245
3	1225	1238	1232
3	1239	1198	1245
3	1245	1232	1238
3	1784	1798	1853
3	1788	1784	1853
3	1816	1788	1851
3	1851	1788	1853
3	1853	1862	1890
3	1851	1853	1945
3	1853	1890	1945
3	1945	1890	1937
3	1945	1937	1966
3	1945	1966	1971
3	1971	1966	1977
3	2	1	19
3	19	1	9
3	11	2	12
3	19	9	22
3	2	19	12
3	19	28	12
3	28	19	22
3	28	22	30
3	844	760	804
3	795	765	844
3	774	791	795
3	851	795	844
3	804	871	844
3	774	795	850
3	850	795	851
3	851	844	892
3	844	871	892
3	852	850	872
3	892	871	891
3	851	892	923
3	850	851	937
3	872	850	937
3	936	872	937
3	851	923	937
3	937	923	1013
3	923	892	1070
3	1070	892	891
3	923	1070	1013
3	962	936	1053
3	936	937	1053
3	1079	1013	1106
3	1013	1070	1106
3	1013	1079	1107
3	937	1013	1107
3	1053	937	1107
3	1070	1130	1106
3	1106	1130	1147
3	1107	1079	1106
3	1106	1147	1198
3	1053	1107	1186
3	1107	1106	1198
3	1223	1186	1107
3	1107	1198	1239
3	1239	1245	1283
3	1850	1851	1961
3	1851	1945	1961
3	1961	1945	1971
3	1971	1977	1991
3	0	2	3
3	1789	1797	1802
3	1999	12	17
3	16	1999	17
3	708	723	693
3	693	723	780
3	774	797	802
3	780	791	802
3	1327	1341	1365
3	802	797	764
3	797	848	764
3	848	774	852
3	797	774	848
3	1620	1578	1619
3	1566	1620	1660
3	1558	1578	1620
3	1566	1558	1620
3	1547	1508	1566
3	1518	1558	1566
3	1508	1518	1566
3	1518	1525	1558
3	1518	1507	1525
3	1488	1507	1518
3	1458	1488	1518
3	1508	1458	1518
3	1458	1415	1488
3	1415	1431	1488
3	1805	1780	1815
3	1743	1780	1805
3	1743	1727	1780
3	1698	1710	1743
3	1710	1727	1743
3	1710	1660	1727
3	1657	1660	1710
3	1698	1657	1710
3	1622	1657	1698
3	1632	1657	1622
3	1614	1660	1657
3	1632	1614	1657
3	1614	1566	1660
3	1585	1632	1622
3	1585	1614	1632
3	1547	1614	1585
3	1547	1566	1614
3	1805	1815	1799
3	1786	1799	1807
3	1799	1786	1805
3	1786	1743	1805
3	1742	1717	1786
3	1786	1717	1743
3	1717	1698	1743
3	1675	1717	1742
3	1669	1698	1717
3	1675	1669	1717
3	1669	1622	1698
3	1638	1669	1675
3	1638	1622	1669
3	1891	1911	1949
3	1782	1786	1807
3	1742	1786	1782
3	1712	1742	1782
3	1675	1742	1712
3	1951	1954	1970
3	1970	1949	1965
3	1954	1949	1970
3	1954	1929	1949
3	1922	1929	1954
3	1915	1922	1954
3	1867	1891	1949
3	1929	1867	1949
3	1922	1867	1929
3	1080	1140	1174
3	1080	1042	1140
3	913	969	1042
3	750	775	913
3	1095	1200	1240
3	1095	1174	1200
3	1080	1174	1095
3	1095	1035	1080
3	1008	1095	1155
3	1008	1035	1095
3	1035	1042	1080
3	939	1035	1008
3	1035	939	1042
3	979	939	1008
3	939	913	1042
3	779	913	939
3	779	939	979
3	790	779	979
3	779	750	913
3	692	790	742
3	692	779	790
3	692	750	779
3	1322	1308	1390
3	1277	1308	1322
3	1278	1277	1322
3	1234	1277	1278
3	1277	1240	1308
3	1234	1240	1277
3	1234	1155	1240
3	1155	1095	1240
3	1214	1155	1234
3	1044	1155	1214
3	1112	1044	1214
3	1044	1008	1155
3	1005	1008	1044
3	1044	930	1005
3	1005	930	1008
3	930	979	1008
3	930	790	979
3	813	790	930
3	878	813	930
3	813	742	790
3	757	742	813
3	661	742	757
3	661	692	742
3	1314	1322	1376
3	1376	1346	1314
3	1314	1278	1322
3	1259	1314	1346
3	1259	1278	1314
3	1214	1234	1278
3	1259	1197	1278
3	1197	1214	1278
3	1228	1197	1259
3	1108	1214	1197
3	1108	1112	1214
3	1065	963	1108
3	956	1112	1108
3	963	956	1108
3	956	1044	1112
3	995	963	1031
3	956	930	1044
3	882	963	995
3	878	956	963
3	956	878	930
3	882	878	963
3	815	878	882
3	771	878	815
3	757	813	878
3	771	757	878
3	771	728	757
3	728	661	757
3	728	694	661
3	1274	1259	1346
3	1259	1274	1287
3	1228	1259	1287
3	1153	1228	1287
3	1287	1136	1153
3	1108	1197	1228
3	1153	1065	1228
3	1065	1108	1228
3	1136	1065	1153
3	1050	1065	1136
3	1050	1031	1065
3	1050	1010	1031
3	1031	963	1065
3	943	1010	1050
3	1010	995	1031
3	915	995	1010
3	915	882	995
3	943	915	1010
3	867	915	943
3	867	882	915
3	815	882	867
3	810	815	867
3	810	755	815
3	755	771	815
3	755	728	771
3	726	728	755
3	954	958	1026
3	958	1004	1026
3	958	941	1004
3	941	947	1004
3	941	896	947
3	1076	1092	1105
3	1076	1026	1092
3	1067	1076	1105
3	1054	1105	1087
3	1046	1026	1076
3	239	235	258
3	1021	1067	1105
3	1054	1021	1105
3	1067	1020	1076
3	957	1020	1067
3	954	1026	1046
3	1021	957	1067
3	1004	971	1007
3	991	957	1021
3	947	971	1004
3	947	905	971
3	896	900	947
3	926	888	991
3	926	914	888
3	900	905	947
3	914	926	902
3	902	898	914
3	900	898	905
3	896	898	900
3	898	896	914
3	881	888	914
3	896	881	914
3	991	1021	1054
3	1011	926	1054
3	967	926	1011
3	926	991	1054
3	966	954	1020
3	873	954	966
3	873	864	954
3	864	958	954
3	864	941	958
3	864	862	941
3	862	896	941
3	881	896	862
3	862	864	879
3	864	873	879
3	1020	1046	1076
3	1046	1020	954
3	957	966	1020
3	888	957	991
3	879	873	966
3	957	879	966
3	888	879	957
3	888	881	879
3	862	879	881
3	1545	1538	1563
3	1535	1545	1570
3	1545	1512	1538
3	1527	1512	1545
3	1535	1527	1545
3	1481	1512	1527
3	482	580	556
3	513	482	556
3	429	467	482
3	459	429	482
3	429	354	467
3	336	429	459
3	389	336	459
3	336	354	429
3	336	349	354
3	303	336	389
3	303	297	336
3	297	349	336
3	297	274	349
3	249	274	297
3	132	137	191
3	106	112	162
3	112	100	158
3	92	100	112
3	106	92	112
3	74	92	106
3	85	75	100
3	74	85	92
3	74	60	85
3	67	57	74
3	57	60	74
3	61	67	73
3	67	61	57
3	549	510	528
3	57	50	60
3	46	50	57
3	1846	1865	1879
3	1785	1846	1879
3	1791	1846	1785
3	1763	1813	1846
3	1791	1763	1846
3	1760	1813	1763
3	1766	1763	1791
3	1763	1730	1760
3	1730	1763	1766
3	1732	1738	1766
3	1738	1730	1766
3	1730	1715	1760
3	1732	1709	1738
3	1731	1711	1730
3	1716	1709	1732
3	1709	1692	1738
3	1692	1730	1738
3	1692	1731	1730
3	1692	1681	1731
3	1709	1682	1692
3	1665	1682	1709
3	559	537	571
3	537	552	571
3	469	517	537
3	441	419	469
3	236	155	238
3	163	220	238
3	163	151	220
3	151	194	220
3	151	148	194
3	116	151	163
3	148	106	162
3	151	106	148
3	89	106	151
3	116	89	151
3	89	74	106
3	73	89	116
3	67	74	89
3	73	67	89
3	1667	1681	1692
3	1682	1643	1692
3	1665	1643	1682
3	1667	1656	1681
3	1605	1656	1667
3	1643	1593	1667
3	1593	1605	1667
3	1593	1561	1605
3	1593	1571	1561
3	1575	1571	1593
3	1506	1571	1575
3	1521	1561	1571
3	1506	1521	1571
3	1536	1506	1575
3	1490	1506	1536
3	1506	1501	1521
3	1490	1476	1506
3	1506	1461	1501
3	1476	1461	1506
3	1391	1476	1490
3	1393	1423	1447
3	1422	1447	1461
3	1427	1422	1461
3	1422	1393	1447
3	1372	1393	1422
3	572	609	611
3	552	572	611
3	523	565	572
3	572	552	517
3	523	532	565
3	517	523	572
3	537	517	552
3	523	494	532
3	469	419	517
3	415	523	517
3	415	494	523
3	419	415	517
3	431	494	415
3	395	431	415
3	395	369	431
3	326	419	441
3	326	415	419
3	326	395	415
3	369	327	383
3	327	369	395
3	326	327	395
3	292	335	327
3	326	262	327
3	262	292	327
3	250	292	262
3	236	262	244
3	262	238	250
3	238	262	236
3	220	250	238
3	155	163	238
3	220	237	250
3	1361	1423	1393
3	1373	1389	1423
3	1361	1373	1423
3	1373	1365	1389
3	1372	1361	1393
3	1355	1373	1361
3	1327	1365	1373
3	1355	1327	1373
3	1297	1327	1355
3	1297	1229	1327
3	1189	1229	1297
3	1241	1189	1297
3	1207	1189	1241
3	1146	1145	1189
3	1207	1146	1189
3	660	682	785
3	634	660	785
3	628	612	682
3	628	682	660
3	612	654	682
3	634	628	660
3	572	565	609
3	609	628	634
3	609	565	628
3	560	612	628
3	565	560	628
3	1229	1281	1327
3	1244	1279	1237
3	1229	1237	1281
3	1237	1165	1244
3	1145	1165	1237
3	1229	1145	1237
3	1189	1145	1229
3	1043	1145	1146
3	1072	1043	1146
3	825	834	869
3	773	825	869
3	754	825	773
3	825	754	834
3	754	805	834
3	754	758	805
3	785	682	773
3	682	754	773
3	754	679	758
3	682	696	754
3	696	679	754
3	682	654	696
3	654	646	696
3	1273	1343	1354
3	1349	1273	1354
3	1329	1279	1349
3	1279	1273	1349
3	1244	1273	1279
3	1244	1235	1273
3	1244	1183	1235
3	1165	1094	1244
3	1094	1183	1244
3	1145	1094	1165
3	1043	1094	1145
3	1043	1014	1094
3	1043	980	1014
3	997	980	1043
3	980	904	1014
3	901	904	980
3	901	980	997
3	935	901	1019
3	834	901	935
3	834	805	901
3	793	901	805
3	762	792	793
3	758	793	805
3	758	732	793
3	732	762	793
3	732	699	762
3	732	758	679
3	1356	1347	1411
3	699	711	762
3	667	699	732
3	679	667	732
3	650	667	679
3	653	711	699
3	667	625	699
3	650	625	667
3	625	653	699
3	538	625	650
3	625	557	653
3	546	557	625
3	538	546	625
3	508	538	493
3	538	489	546
3	489	474	546
3	508	489	538
3	454	474	489
3	462	489	508
3	462	454	489
3	435	474	454
3	425	454	462
3	425	435	454
3	425	388	435
3	381	388	425
3	385	388	381
3	1273	1307	1343
3	1307	1210	1310
3	1273	1235	1307
3	1235	1210	1307
3	1210	1175	1310
3	1235	1137	1210
3	1137	1175	1210
3	1137	1109	1175
3	1137	1235	1183
3	1137	1088	1109
3	1094	1137	1183
3	1088	1089	1109
3	1094	1088	1137
3	1094	1057	1088
3	1088	1074	1089
3	1001	1074	1088
3	1057	1001	1088
3	1014	1018	1094
3	1018	1057	1094
3	1018	1001	1057
3	1018	904	1001
3	1014	904	1018
3	904	984	1001
3	904	857	984
3	889	934	984
3	857	889	984
3	793	857	901
3	901	857	904
3	792	889	857
3	792	827	889
3	793	792	857
3	787	827	792
3	1507	1426	1510
3	787	753	800
3	748	753	787
3	762	787	792
3	711	748	787
3	762	711	787
3	670	748	711
3	385	360	388
3	358	360	385
3	358	340	360
3	356	340	358
3	340	339	360
3	683	701	753
3	288	241	303
3	180	132	191
3	180	158	132
3	162	158	180
3	162	112	158
3	100	132	158
3	92	85	100
3	1711	1715	1730
3	369	383	431
3	327	335	383
3	1389	1410	1423
3	1237	1279	1320
3	646	679	696
3	1307	1359	1343
3	381	358	385
3	1195	1280	1293
3	1216	1269	1282
3	1280	1190	1282
3	1190	1216	1282
3	1216	1256	1269
3	827	787	800
3	1190	1097	1216
3	1097	1144	1216
3	1387	1334	1395
3	1135	1097	1190
3	1151	1135	1280
3	1056	1097	1135
3	1056	1078	1144
3	1097	1056	1144
3	1039	1078	1056
3	986	1039	1056
3	961	986	1056
3	986	917	1039
3	917	1000	1039
3	894	917	986
3	961	894	986
3	767	917	894
3	848	852	866
3	1111	1123	1128
3	1128	1053	1150
3	1122	1128	1150
3	1122	1111	1128
3	1980	1959	1972
3	706	714	768
3	714	818	838
3	838	818	866
3	1123	1111	1129
3	1257	1221	1246
3	355	300	347
3	448	444	461
3	203	229	245
3	408	353	410
3	410	433	445
3	927	931	974
3	820	832	833
3	1179	1171	1187
3	833	832	847
3	840	847	899
3	871	840	899
3	1143	1100	1091
3	693	780	802
3	866	856	848
3	1117	1111	1122
3	1111	1117	1125
3	1125	1117	1131
3	1122	1150	1117
3	1131	1163	1125
3	1117	1150	1167
3	1131	1117	1167
3	1150	1053	1186
3	1163	1131	1167
3	1167	1150	1186
3	1167	1211	1163
3	1167	1186	1211
3	1186	1223	1211
3	1211	1223	1258
3	1258	1257	1211
3	1610	1584	1627
3	695	691	693
3	691	695	706
3	706	695	714
3	714	695	731
3	802	695	693
3	731	695	764
3	695	802	764
3	731	764	818
3	714	731	818
3	764	848	818
3	818	848	856
3	818	856	866
3	1111	1125	1129
3	1129	1125	1156
3	1159	1129	1188
3	1156	1125	1251
3	1125	1163	1251
3	1129	1156	1188
3	1156	1251	1263
3	1163	1211	1251
3	1156	1263	1188
3	1251	1211	1263
3	1263	1211	1303
3	1211	1257	1303
3	1257	1246	1303
3	1246	1188	1263
3	1246	1263	1303
3	153	167	177
3	177	167	223
3	167	179	223
3	177	223	201
3	263	201	300
3	201	223	300
3	263	300	259
3	259	300	355
3	259	355	372
3	330	372	451
3	372	355	406
3	355	347	396
3	406	355	396
3	406	396	452
3	451	406	452
3	451	452	464
3	123	121	128
3	146	121	124
3	128	121	146
3	123	128	147
3	146	124	141
3	153	147	167
3	167	147	179
3	348	330	451
3	372	406	451
3	371	348	451
3	371	451	444
3	399	371	444
3	399	444	448
3	444	451	464
3	461	444	464
3	141	124	154
3	124	140	154
3	154	140	169
3	140	159	165
3	165	159	204
3	140	165	169
3	169	165	203
3	203	165	229
3	229	165	230
3	165	204	214
3	165	214	230
3	311	228	296
3	296	344	311
3	344	371	399
3	344	399	412
3	311	344	410
3	410	344	412
3	410	412	433
3	412	399	448
3	433	412	448
3	445	433	448
3	230	214	228
3	245	229	230
3	230	228	284
3	245	230	275
3	275	230	284
3	284	228	311
3	284	311	275
3	275	311	353
3	353	311	410
3	886	916	918
3	916	920	959
3	920	927	974
3	916	959	996
3	918	916	996
3	959	920	974
3	977	918	996
3	996	959	974
3	974	1036	1066
3	996	974	1066
3	977	996	1073
3	996	1066	1073
3	1073	1066	1081
3	1081	1066	1098
3	831	820	835
3	820	831	832
3	831	845	832
3	831	835	874
3	831	874	886
3	831	886	918
3	832	845	903
3	916	886	920
3	874	927	920
3	886	874	920
3	1009	1052	1086
3	1086	1052	1120
3	1081	1098	1132
3	1116	1073	1081
3	1081	1132	1162
3	1120	1119	1169
3	1119	1116	1169
3	1116	1081	1162
3	1116	1162	1169
3	1132	1171	1162
3	1161	1120	1179
3	1169	1162	1179
3	1120	1169	1179
3	1179	1162	1171
3	847	832	903
3	885	871	899
3	847	903	899
3	885	891	871
3	899	903	973
3	885	899	973
3	973	903	960
3	891	885	1017
3	885	973	1017
3	973	960	1009
3	1017	973	1032
3	973	1009	1032
3	1070	1017	1040
3	1017	1032	1040
3	1032	1009	1086
3	1040	1032	1100
3	1032	1091	1100
3	1032	1086	1091
3	1070	1040	1130
3	1040	1100	1143
3	1091	1086	1161
3	1130	1040	1143
3	1086	1120	1161
3	1130	1143	1147
3	1091	1161	1179
3	201	263	259
3	121	123	127
3	849	784	894
3	784	767	894
3	663	767	784
3	638	663	784
3	663	674	767
3	638	577	663
3	663	577	674
3	577	591	674
3	577	495	591
3	495	477	591
3	492	495	577
3	457	495	492
3	477	446	515
3	457	477	495
3	457	446	477
3	436	403	457
3	403	446	457
3	1737	1725	1777
3	1725	1740	1777
3	1740	1708	1729
3	1708	1701	1729
3	1708	1740	1725
3	1703	1708	1725
3	1695	1703	1725
3	1703	1679	1708
3	1708	1679	1701
3	1641	1679	1703
3	1670	1641	1703
3	1695	1670	1703
3	1676	1670	1695
3	1470	1438	1494
3	1402	1438	1470
3	1402	1470	1450
3	1342	1402	1450
3	1402	1378	1438
3	1378	1400	1438
3	1378	1269	1400
3	1342	1378	1402
3	1282	1378	1342
3	1066	1036	1098
3	1282	1269	1378
3	1643	1667	1692
3	1804	1831	1823
3	1777	1804	1823
3	1804	1773	1831
3	1777	1778	1804
3	1804	1778	1773
3	1740	1778	1777
3	1751	1773	1778
3	1740	1751	1778
3	1740	1729	1751
3	1594	1610	1629
3	1569	1610	1594
3	1569	1584	1610
3	1569	1554	1584
3	1554	1574	1584
3	1543	1569	1594
3	1494	1554	1569
3	1516	1494	1569
3	1543	1516	1569
3	1543	1450	1516
3	1470	1516	1450
3	1516	1470	1494
3	1934	1942	1919
3	1919	1863	1934
3	1882	1919	1924
3	1903	1882	1924
3	1882	1863	1919
3	1831	1858	1903
3	1858	1882	1903
3	1848	1882	1858
3	1848	1863	1882
3	1823	1831	1859
3	1848	1826	1863
3	1790	1848	1858
3	1790	1826	1848
3	1831	1790	1858
3	1773	1790	1831
3	1790	1752	1826
3	1752	1765	1826
3	1761	1752	1790
3	1773	1761	1790
3	1680	1685	1728
3	1646	1647	1685
3	1680	1646	1685
3	1627	1646	1680
3	1600	1647	1646
3	1600	1645	1647
3	1629	1627	1680
3	1610	1627	1629
3	1627	1600	1646
3	1599	1600	1627
3	1602	1609	1600
3	1599	1627	1584
3	1599	1574	1600
3	1600	1574	1602
3	1584	1574	1599
3	1988	1989	1993
3	1988	1976	1980
3	1984	1976	1988
3	1980	1972	1988
3	1972	1989	1988
3	1935	1976	1984
3	1942	1972	1959
3	1942	1963	1972
3	1959	1924	1942
3	1923	1924	1959
3	1924	1919	1942
3	1864	1934	1863
3	1863	1812	1864
3	1826	1812	1863
3	1779	1801	1821
3	1801	1811	1821
3	1801	1794	1811
3	1765	1812	1826
3	1765	1779	1812
3	1757	1801	1779
3	1757	1794	1801
3	1757	1768	1794
3	1746	1757	1779
3	1747	1768	1757
3	1765	1746	1779
3	1747	1755	1768
3	1728	1747	1757
3	1747	1688	1755
3	1746	1728	1757
3	1728	1647	1747
3	1680	1728	1746
3	1647	1688	1747
3	1685	1647	1728
3	1647	1645	1688
3	1935	1938	1976
3	1938	1935	1908
3	1912	1938	1918
3	1918	1938	1908
3	1873	1900	1912
3	1895	1912	1918
3	1895	1873	1912
3	1841	1873	1895
3	1841	1855	1873
3	1841	1793	1855
3	1822	1821	1811
3	1793	1841	1811
3	1811	1794	1793
3	1768	1783	1794
3	1783	1793	1794
3	1768	1755	1783
3	1255	1191	1309
3	1191	1243	1309
3	1181	1191	1255
3	1191	1172	1243
3	1023	1191	1181
3	1023	1024	1191
3	1191	1024	1172
3	1012	1093	1172
3	1024	1012	1172
3	1023	865	1024
3	865	1012	1024
3	865	953	1012
3	865	801	953
3	759	801	865
3	705	801	759
3	675	705	759
3	759	690	675
3	1420	1381	1477
3	1395	1381	1420
3	1334	1381	1395
3	1334	1309	1381
3	1381	1309	1377
3	1334	1276	1309
3	1276	1255	1309
3	690	759	781
3	618	675	690
3	618	690	665
3	635	675	618
3	604	618	665
3	604	548	618
3	548	604	550
3	548	540	618
3	548	465	540
3	1520	1475	1513
3	1475	1464	1513
3	1464	1477	1513
3	1387	1475	1478
3	1464	1420	1477
3	1420	1464	1475
3	1387	1420	1475
3	1395	1420	1387
3	542	539	550
3	504	539	542
3	550	518	548
3	504	550	539
3	504	518	550
3	518	465	548
3	504	491	518
3	1533	1529	1517
3	1533	1520	1529
3	1491	1520	1533
3	1491	1478	1520
3	1486	1491	1533
3	1478	1475	1520
3	1491	1439	1478
3	1467	1491	1486
3	503	504	525
3	503	491	504
3	511	486	503
3	486	491	503
3	472	486	511
3	1517	1495	1533
3	1485	1495	1517
3	1514	1485	1517
3	1495	1486	1533
3	1493	1486	1495
3	1468	1493	1495
3	1468	1386	1493
3	1435	1486	1493
3	1386	1435	1493
3	519	526	541
3	527	503	525
3	526	503	527
3	509	511	519
3	519	511	526
3	511	503	526
3	509	480	511
3	1479	1495	1485
3	1479	1468	1495
3	1408	1468	1479
3	1440	1428	1479
3	1440	1407	1428
3	521	519	541
3	929	1000	917
3	767	854	917
3	477	515	591
3	1269	1319	1400
3	1818	1777	1823
3	1609	1645	1600
3	1688	1739	1755
3	1938	1957	1976
3	983	865	1023
3	550	604	665
3	578	542	550
3	1467	1439	1491
3	1439	1387	1478
3	525	504	542
3	1435	1467	1486
3	1900	1915	1912
3	1900	1897	1915
3	1915	1897	1922
3	1838	1897	1900
3	1873	1838	1900
3	1838	1847	1897
3	1855	1838	1873
3	1855	1793	1838
3	1838	1793	1847
3	1783	1767	1809
3	1783	1809	1847
3	1793	1783	1847
3	1739	1767	1783
3	1755	1739	1783
3	1085	1023	1181
3	1085	981	1023
3	981	983	1023
3	846	983	981
3	846	865	983
3	846	759	865
3	846	781	759
3	1272	1276	1334
3	1212	1276	1272
3	1212	1255	1276
3	1181	1255	1212
3	1174	1140	1272
3	1140	1212	1272
3	1085	1181	1212
3	1140	1085	1212
3	981	1085	1140
3	1042	981	1140
3	830	981	969
3	981	830	846
3	828	830	913
3	775	828	913
3	781	846	830
3	828	781	830
3	681	781	828
3	710	681	828
3	775	710	828
3	665	690	781
3	673	710	775
3	681	665	781
3	550	681	710
3	550	665	681
3	1280	1135	1190
3	1364	1334	1387
3	1308	1272	1364
3	1272	1334	1364
3	1240	1272	1308
3	1240	1200	1272
3	750	673	775
3	673	550	710
3	640	578	692
3	692	578	673
3	550	673	578
3	617	578	640
3	542	578	617
3	1467	1421	1439
3	1390	1421	1467
3	1439	1364	1387
3	1421	1364	1439
3	1421	1308	1364
3	1390	1308	1421
3	555	640	661
3	555	617	640
3	555	525	617
3	525	542	617
3	527	525	555
3	1435	1390	1467
3	1435	1376	1390
3	1386	1376	1435
3	694	555	661
3	616	569	694
3	569	555	694
3	541	555	569
3	541	527	555
3	526	527	541
3	1408	1352	1386
3	1352	1408	1398
3	1346	1376	1386
3	1352	1346	1386
3	1274	1352	1398
3	1274	1346	1352
3	1305	1287	1274
3	680	726	755
3	680	616	726
3	616	694	726
3	576	575	680
3	575	616	680
3	576	568	575
3	575	569	616
3	541	569	575
3	1305	1274	1398
3	1313	1305	1398
3	1215	1305	1313
3	1254	1215	1313
3	1291	1199	1254
3	1254	1184	1215
3	1215	1287	1305
3	1184	1254	1199
3	1141	1287	1215
3	1184	1141	1215
3	1141	1136	1287
3	1141	1184	1199
3	1142	1141	1199
3	1136	1141	1142
3	1062	1136	1142
3	1062	985	1136
3	985	943	1136
3	829	943	985
3	829	810	943
3	908	829	985
3	810	867	943
3	812	829	908
3	761	810	829
3	715	761	829
3	715	829	812
3	761	755	810
3	707	715	812
3	685	761	715
3	761	680	755
3	685	680	761
3	645	685	715
3	645	715	707
3	608	680	685
3	645	608	685
3	608	576	680
3	1177	1199	1291
3	1205	1218	1266
3	1218	1177	1291
3	1142	1218	1205
3	1142	1177	1218
3	1177	1142	1199
3	1061	1142	1205
3	1061	1083	1142
3	1083	1062	1142
3	976	1062	1083
3	976	985	1062
3	968	985	976
3	985	968	908
3	952	976	1083
3	952	968	976
3	870	968	952
3	841	870	952
3	870	812	908
3	870	908	968
3	883	841	952
3	841	789	870
3	789	841	883
3	789	812	870
3	789	707	812
3	740	789	883
3	740	707	789
3	657	707	740
3	730	657	740
3	657	643	707
3	1206	1138	1222
3	1138	1205	1222
3	1173	1138	1206
3	1030	1138	1173
3	1138	1061	1205
3	1030	1061	1138
3	945	1061	1030
3	906	1083	1061
3	945	906	1061
3	975	945	1030
3	906	952	1083
3	932	945	975
3	855	906	945
3	906	883	952
3	932	855	945
3	855	883	906
3	740	883	855
3	782	766	855
3	766	740	855
3	766	730	740
3	687	730	766
3	1436	1437	1531
3	1471	1436	1531
3	1429	1436	1471
3	1436	1356	1437
3	1429	1356	1436
3	1306	1356	1429
3	1338	1306	1429
3	1262	1306	1338
3	1262	1260	1306
3	1173	1206	1260
3	1113	1173	1260
3	1113	1030	1173
3	1099	1113	1127
3	1099	1047	1113
3	1113	1047	1030
3	1060	1047	1099
3	1027	1047	1060
3	1047	975	1030
3	1027	975	1047
3	1007	987	1060
3	987	1027	1060
3	987	895	1027
3	895	975	1027
3	895	932	975
3	933	895	987
3	912	895	933
3	912	893	895
3	932	895	893
3	932	782	855
3	1549	1555	1590
3	1578	1549	1590
3	1510	1549	1578
3	1558	1510	1578
3	1525	1510	1558
3	1471	1531	1555
3	1525	1507	1510
3	1549	1471	1555
3	1510	1471	1549
3	1426	1471	1510
3	1431	1426	1507
3	1429	1471	1426
3	1416	1426	1431
3	1426	1338	1429
3	1416	1338	1426
3	1415	1316	1416
3	1262	1416	1316
3	1262	1338	1416
3	1105	1099	1110
3	1092	1099	1105
3	1087	1105	1110
3	1092	1060	1099
3	1011	1054	1087
3	1110	1049	1087
3	1060	1092	1026
3	1049	1011	1087
3	1022	982	1049
3	1049	982	1011
3	988	982	1022
3	971	987	1007
3	933	987	971
3	905	933	971
3	921	967	982
3	967	902	926
3	988	921	982
3	921	902	967
3	905	912	933
3	909	921	988
3	909	912	905
3	898	902	905
3	909	902	921
3	902	909	905
3	1590	1619	1578
3	1488	1431	1507
3	1415	1416	1431
3	967	1011	982
3	1897	1847	1922
3	1847	1867	1922
3	1042	969	981
3	913	830	969
3	1200	1174	1272
3	692	673	750
3	661	640	692
3	1376	1322	1390
3	726	694	728
3	1136	943	1050
3	1007	1060	1026
3	1004	1007	1026
3	365	363	401
3	308	363	365
3	308	298	363
3	280	267	308
3	308	267	298
3	260	280	308
3	277	260	308
3	260	192	280
3	224	267	280
3	192	224	280
3	233	192	260
3	233	199	192
3	199	168	192
3	533	543	594
3	545	529	551
3	551	533	594
3	529	533	551
3	529	497	533
3	529	484	497
3	533	497	543
3	233	260	277
3	256	233	277
3	257	197	256
3	221	197	257
3	256	197	233
3	166	197	221
3	190	166	221
3	197	199	233
3	197	168	199
3	168	197	166
3	497	573	543
3	497	430	573
3	430	497	456
3	449	430	456
3	449	370	430
3	393	370	449
3	370	380	430
3	392	380	370
3	291	392	370
3	291	370	314
3	1951	1915	1954
3	1965	1981	1970
3	1648	1675	1712
3	1782	1807	1891
3	1949	1911	1965
3	1638	1611	1622
3	1648	1638	1675
3	1622	1611	1585
3	1460	1508	1547
3	1660	1620	1619
3	1660	1705	1727
3	909	893	912
3	965	988	1022
3	1022	1049	1110
3	1312	1316	1415
3	814	782	932
3	1110	1099	1127
3	1203	1113	1260
3	1260	1288	1306
3	1306	1347	1356
3	698	766	782
3	1205	1266	1222
3	1260	1206	1298
3	1266	1218	1315
3	1218	1291	1315
3	1313	1398	1369
3	1724	1712	1767
3	1867	1847	1809
3	1912	1915	1951
3	1938	1912	1951
3	1938	1951	1957
3	1957	1951	1970
3	1965	1962	1981
3	1957	1970	1981
3	1976	1957	1981
3	1609	1638	1648
3	1609	1648	1661
3	1609	1661	1645
3	1645	1661	1688
3	1661	1648	1724
3	1661	1724	1739
3	1688	1661	1739
3	1724	1648	1712
3	1739	1724	1767
3	1767	1712	1782
3	1809	1767	1782
3	1809	1782	1891
3	1867	1809	1891
3	1807	1799	1892
3	1799	1869	1892
3	1891	1807	1911
3	1807	1892	1911
3	1911	1892	1936
3	1892	1869	1923
3	1892	1923	1936
3	1923	1869	1924
3	1936	1923	1962
3	1911	1936	1962
3	1965	1911	1962
3	1962	1923	1959
3	1962	1959	1981
3	1981	1959	1980
3	1981	1980	1976
3	1574	1586	1592
3	1574	1592	1602
3	1602	1592	1603
3	1603	1592	1611
3	1592	1586	1611
3	1609	1602	1603
3	1603	1611	1638
3	1603	1638	1609
3	1799	1815	1869
3	1815	1840	1871
3	1840	1859	1871
3	1869	1815	1871
3	1859	1831	1871
3	1871	1831	1903
3	1869	1871	1903
3	1869	1903	1924
3	1438	1455	1553
3	1455	1550	1553
3	1494	1438	1553
3	1455	1460	1550
3	1494	1553	1554
3	1460	1547	1550
3	1554	1553	1574
3	1550	1585	1553
3	1585	1550	1547
3	1574	1553	1586
3	1553	1585	1586
3	1611	1586	1585
3	1727	1771	1818
3	1780	1727	1818
3	1771	1777	1818
3	1780	1818	1840
3	1815	1780	1840
3	1840	1818	1823
3	1840	1823	1859
3	1256	1312	1319
3	1312	1415	1319
3	1400	1319	1460
3	1455	1400	1460
3	1438	1400	1455
3	1319	1415	1458
3	1460	1319	1458
3	1460	1458	1508
3	1619	1662	1690
3	1662	1676	1690
3	1660	1619	1705
3	1619	1690	1705
3	1690	1676	1695
3	1737	1695	1725
3	1705	1690	1695
3	1705	1695	1745
3	1727	1705	1745
3	1745	1695	1737
3	1745	1737	1771
3	1727	1745	1771
3	1771	1737	1777
3	515	564	591
3	591	564	639
3	591	639	662
3	674	591	662
3	662	639	712
3	639	688	712
3	662	712	796
3	796	712	814
3	662	796	854
3	796	814	854
3	674	662	767
3	767	662	854
3	854	814	858
3	858	814	893
3	858	893	909
3	854	858	929
3	858	909	929
3	917	854	929
3	909	988	965
3	929	909	965
3	929	965	1000
3	1000	965	1058
3	965	1022	1058
3	1039	1000	1058
3	1039	1058	1078
3	1022	1110	1058
3	1078	1058	1133
3	1078	1133	1144
3	1144	1133	1154
3	1144	1154	1202
3	1202	1154	1193
3	1144	1202	1216
3	1202	1193	1262
3	1216	1202	1256
3	1193	1253	1262
3	1256	1202	1312
3	1316	1202	1262
3	1202	1316	1312
3	1555	1573	1598
3	1590	1555	1598
3	1590	1598	1662
3	1598	1573	1644
3	1619	1590	1662
3	1598	1644	1662
3	1644	1653	1662
3	1662	1653	1676
3	488	530	590
3	515	488	564
3	488	590	627
3	488	629	564
3	488	627	629
3	564	629	639
3	629	627	652
3	629	652	698
3	688	629	698
3	639	629	688
3	712	688	814
3	688	698	782
3	688	782	814
3	814	932	893
3	1139	1110	1127
3	1058	1110	1139
3	1058	1139	1133
3	1133	1139	1154
3	1127	1113	1203
3	1139	1127	1203
3	1154	1139	1203
3	1193	1154	1203
3	1193	1203	1253
3	1253	1203	1260
3	1262	1253	1260
3	1288	1260	1298
3	1306	1288	1347
3	1437	1499	1531
3	1531	1499	1577
3	1555	1531	1577
3	1499	1552	1577
3	1573	1555	1577
3	1577	1552	1573
3	1552	1601	1573
3	1644	1573	1601
3	590	596	632
3	627	590	632
3	596	624	632
3	627	632	687
3	652	627	687
3	652	687	698
3	687	657	730
3	698	687	766
3	1206	1222	1302
3	1298	1206	1302
3	1222	1266	1328
3	1302	1222	1328
3	1328	1339	1302
3	1288	1298	1347
3	1298	1302	1401
3	1347	1298	1401
3	1302	1339	1430
3	1339	1368	1403
3	1430	1339	1403
3	1401	1302	1430
3	1411	1347	1401
3	1430	1403	1454
3	1401	1430	1469
3	1411	1401	1469
3	1469	1430	1454
3	1437	1356	1480
3	1356	1411	1480
3	1411	1469	1480
3	1454	1524	1469
3	1480	1469	1499
3	1437	1480	1499
3	1499	1469	1552
3	624	600	615
3	624	615	632
3	632	657	687
3	615	643	632
3	657	632	643
3	1266	1315	1328
3	1291	1336	1315
3	1339	1328	1315
3	1339	1315	1368
3	549	528	581
3	528	568	576
3	581	528	608
3	549	581	615
3	528	576	608
3	589	549	615
3	600	589	615
3	581	608	645
3	615	581	645
3	643	615	645
3	1254	1313	1369
3	1332	1254	1369
3	1336	1291	1332
3	1291	1254	1332
3	1332	1369	1358
3	1332	1358	1336
3	1358	1369	1384
3	1384	1369	1394
3	1394	1369	1398
3	1384	1394	1428
3	1407	1384	1428
3	509	519	521
3	509	521	506
3	510	506	528
3	506	521	568
3	568	521	575
3	521	541	575
3	528	506	568
3	1394	1398	1428
3	1408	1386	1468
3	1428	1398	1408
3	1428	1408	1479
3	278	291	314
3	291	290	392
3	291	240	290
3	240	291	278
3	240	257	290
3	240	221	257
3	190	221	240
3	1860	1885	1901
3	1866	1885	1860
3	1860	1832	1866
3	1832	1825	1866
3	1832	1817	1825
3	1213	1248	1217
3	1213	1168	1231
3	1213	1231	1248
3	1168	1182	1231
3	1182	1220	1231
3	1217	1160	1213
3	1160	1168	1213
3	1168	1118	1182
3	1160	1118	1168
3	1075	1104	1071
3	1071	1182	1118
3	1025	1118	1160
3	1025	1055	1118
3	1071	998	1075
3	1055	1071	1118
3	998	1071	1055
3	887	1055	1025
3	887	998	1055
3	925	880	998
3	887	925	998
3	839	925	887
3	806	880	925
3	839	772	925
3	772	806	925
3	806	836	880
3	836	863	880
3	806	763	836
3	763	799	836
3	778	799	763
3	63	80	84
3	66	63	84
3	66	53	63
3	43	37	63
3	43	63	53
3	47	43	53
3	36	43	47
3	29	36	47
3	31	29	47
3	1901	1947	1948
3	1941	1901	1948
3	1944	1941	1948
3	1921	1941	1944
3	1907	1901	1941
3	1921	1907	1941
3	1907	1860	1901
3	1877	1907	1921
3	1877	1842	1907
3	1833	1842	1877
3	1842	1860	1907
3	1842	1832	1860
3	1817	1832	1842
3	1833	1800	1842
3	1792	1800	1833
3	1800	1817	1842
3	1800	1796	1817
3	1817	1796	1802
3	1792	1769	1800
3	1774	1769	1792
3	1722	1769	1774
3	1753	1722	1774
3	1311	1362	1397
3	1304	1311	1344
3	1311	1294	1337
3	1304	1294	1311
3	1304	1231	1294
3	1248	1231	1304
3	1231	1249	1294
3	772	725	806
3	725	763	806
3	746	778	763
3	772	745	725
3	747	746	763
3	725	709	763
3	709	747	763
3	709	668	747
3	138	131	134
3	113	131	138
3	115	134	131
3	113	115	131
3	115	105	134
3	79	115	113
3	103	105	115
3	79	103	115
3	96	79	113
3	103	97	105
3	110	86	113
3	86	96	113
3	103	72	97
3	72	84	97
3	86	79	96
3	70	103	79
3	103	70	72
3	70	79	86
3	72	66	84
3	70	66	72
3	58	27	70
3	31	53	66
3	27	66	70
3	27	31	66
3	31	47	53
3	48	27	58
3	20	27	48
3	24	31	27
3	24	29	31
3	15	24	27
3	1932	1921	1944
3	1870	1921	1932
3	1905	1932	1928
3	1883	1905	1920
3	1880	1883	1920
3	1905	1870	1932
3	1870	1877	1921
3	1883	1876	1905
3	1883	1844	1876
3	1876	1870	1905
3	1792	1833	1877
3	1870	1792	1877
3	1792	1870	1876
3	1824	1792	1844
3	1844	1792	1876
3	1795	1792	1824
3	1795	1774	1792
3	1753	1774	1795
3	1696	1722	1753
3	1722	1697	1723
3	1697	1722	1696
3	1663	1697	1696
3	1671	1668	1700
3	1666	1668	1671
3	1663	1671	1697
3	1658	1663	1696
3	1639	1671	1663
3	1671	1639	1666
3	1639	1640	1666
3	1634	1663	1658
3	1634	1639	1663
3	1392	1433	1481
3	1392	1481	1482
3	1453	1392	1482
3	1362	1392	1453
3	1392	1382	1433
3	1397	1362	1453
3	1392	1360	1382
3	1362	1340	1392
3	1360	1350	1382
3	1340	1360	1392
3	1311	1337	1362
3	1337	1340	1362
3	1350	1360	1333
3	1340	1325	1360
3	1337	1301	1340
3	1360	1325	1333
3	704	734	788
3	737	704	788
3	668	700	747
3	651	737	703
3	651	704	737
3	642	700	668
3	651	664	704
3	642	651	703
3	651	584	664
3	597	642	668
3	642	584	651
3	553	584	642
3	597	553	642
3	254	239	258
3	235	208	258
3	258	208	251
3	185	208	235
3	187	185	235
3	200	187	235
3	239	200	235
3	200	239	189
3	193	208	185
3	134	187	200
3	138	134	200
3	49	58	70
3	49	48	58
3	50	45	51
3	51	45	49
3	33	48	49
3	45	33	49
3	40	33	45
3	33	20	48
3	1905	1928	1920
3	1928	1925	1920
3	1879	1896	1920
3	1910	1920	1925
3	1910	1879	1920
3	1909	1910	1925
3	1896	1880	1920
3	1865	1896	1879
3	1909	1856	1910
3	1910	1856	1879
3	1668	1651	1684
3	1666	1652	1668
3	1640	1652	1666
3	1652	1651	1668
3	1637	1651	1652
3	1607	1628	1634
3	1640	1637	1652
3	1628	1623	1637
3	46	45	50
3	1856	1785	1879
3	1684	1651	1683
3	1637	1623	1651
3	322	308	365
3	277	308	322
3	257	256	286
3	1217	1248	1299
3	911	887	1025
3	824	839	887
3	1344	1311	1397
3	1248	1304	1299
3	633	725	745
3	709	725	633
3	668	709	633
3	1849	1844	1883
3	558	553	597
3	189	138	200
3	78	49	70
3	249	254	274
3	774	850	852
3	1159	1188	1246
3	1221	1159	1246
3	1164	1159	1221
3	1123	1159	1164
3	1123	1129	1159
3	783	714	838
3	768	714	783
3	56	77	71
3	37	56	71
3	77	56	55
3	37	32	56
3	26	32	37
3	1994	1978	1975
3	1975	1985	1994
3	1967	1975	1978
3	1975	1969	1985
3	1983	1958	1978
3	1958	1967	1978
3	1947	1958	1983
3	1967	1969	1975
3	1967	1968	1969
3	1958	1968	1967
3	1968	1931	1969
3	1947	1926	1958
3	1926	1968	1958
3	1917	1956	1969
3	1931	1917	1969
3	1885	1968	1926
3	1968	1893	1931
3	1931	1874	1917
3	1885	1893	1968
3	1893	1887	1931
3	1898	1874	1931
3	1887	1898	1931
3	1866	1893	1885
3	1828	1887	1893
3	1866	1835	1893
3	1898	1843	1874
3	1835	1828	1893
3	1827	1898	1887
3	1828	1827	1887
3	1827	1843	1898
3	1827	1814	1843
3	1825	1806	1835
3	1828	1806	1827
3	1817	1806	1825
3	1827	1797	1814
3	1806	1797	1827
3	1802	1806	1817
3	1806	1802	1797
3	1252	1257	1258
3	1252	1270	1257
3	1252	1220	1270
3	1249	1252	1261
3	1223	1236	1258
3	1194	1221	1257
3	1194	1257	1270
3	1220	1194	1270
3	1194	1164	1221
3	1182	1071	1194
3	1194	1071	1164
3	1071	1104	1164
3	1104	1121	1164
3	1121	1123	1164
3	1121	1128	1123
3	1051	1053	1128
3	1104	1037	1121
3	1051	1128	1121
3	1037	1051	1121
3	1037	1104	1075
3	1051	962	1053
3	998	1037	1075
3	999	962	1051
3	1037	964	1051
3	998	964	1037
3	964	999	1051
3	910	962	999
3	910	872	962
3	964	910	999
3	863	910	964
3	880	863	964
3	877	872	910
3	863	877	910
3	852	860	866
3	860	872	877
3	860	852	872
3	860	877	863
3	836	860	863
3	860	823	866
3	823	838	866
3	836	823	860
3	799	823	836
3	823	783	838
3	799	783	823
3	768	783	799
3	778	706	799
3	706	768	799
3	723	744	780
3	702	706	778
3	708	744	723
3	697	702	746
3	689	717	744
3	689	697	717
3	708	689	744
3	702	689	706
3	689	691	706
3	689	702	697
3	693	689	708
3	691	689	693
3	80	83	95
3	80	95	84
3	77	91	83
3	71	83	80
3	77	68	91
3	71	77	83
3	55	38	77
3	55	35	38
3	56	32	55
3	32	35	55
3	43	36	37
3	35	17	38
3	25	16	32
3	26	37	36
3	17	12	38
3	36	25	26
3	32	26	25
3	16	17	35
3	25	18	16
3	36	18	25
3	18	36	29
3	24	8	29
3	8	18	29
3	18	1999	16
3	10	8	24
3	8	1999	18
3	1999	11	12
3	1999	7	11
3	8	7	1999
3	3	2	7
3	1997	1994	1998
3	1996	1997	1998
3	1996	1995	1997
3	1985	1998	1994
3	1983	1994	1997
3	1992	1983	1997
3	1998	1977	1996
3	1995	1992	1997
3	1991	1977	1998
3	1998	1985	1991
3	1983	1978	1994
3	1992	1947	1983
3	1948	1947	1992
3	1985	1956	1991
3	1982	1948	1992
3	1969	1956	1985
3	1956	1961	1991
3	1917	1961	1956
3	1874	1843	1917
3	1814	1850	1843
3	1814	1797	1850
3	1797	1816	1850
3	1797	1787	1816
3	1787	1756	1816
3	1769	1796	1800
3	1796	1789	1802
3	1789	1787	1797
3	1258	1236	1252
3	1236	1261	1252
3	780	744	791
3	10	7	8
3	1990	1995	1996
3	1987	1992	1995
3	1977	1990	1996
3	1987	1982	1992
3	1901	1926	1947
3	1901	1885	1926
3	1835	1866	1825
3	1249	1220	1252
3	1231	1220	1249
3	1182	1194	1220
3	880	964	998
3	746	702	778
3	63	71	80
3	63	37	71
3	1944	1948	1982
3	1734	1706	1761
3	1706	1752	1761
3	1706	1746	1752
3	1706	1680	1746
3	1734	1689	1706
3	1689	1680	1706
3	1989	1979	1993
3	1984	1993	1979
3	1979	1974	1984
3	1974	1935	1984
3	1950	1899	1974
3	1913	1872	1906
3	1821	1845	1864
3	1834	1854	1872
3	1845	1834	1872
3	1821	1830	1845
3	1830	1834	1845
3	1830	1836	1834
3	1899	1935	1974
3	1899	1908	1935
3	1878	1895	1908
3	1899	1878	1908
3	1868	1878	1899
3	1878	1868	1895
3	1868	1841	1895
3	1868	1836	1841
3	1836	1811	1841
3	1836	1868	1839
3	1822	1811	1836
3	1830	1822	1836
3	368	389	450
3	1496	1448	1492
3	586	613	644
3	817	944	826
3	1148	1166	1180
3	323	286	325
3	310	286	323
3	339	361	360
3	360	386	388
3	748	683	753
3	388	426	435
3	773	869	868
3	60	50	64
3	241	249	297
3	241	297	303
3	368	337	389
3	459	482	513
3	1482	1481	1527
3	1515	1527	1535
3	1570	1545	1582
3	1582	1545	1563
3	1563	1607	1582
3	1570	1625	1587
3	1570	1582	1625
3	1582	1607	1625
3	1607	1634	1658
3	1587	1625	1674
3	1704	1687	1720
3	1720	1687	1721
3	1760	1715	1748
3	1720	1721	1758
3	1720	1758	1776
3	1748	1720	1776
3	1748	1776	1760
3	1760	1776	1813
3	1820	1758	1810
3	1776	1758	1820
3	1776	1820	1813
3	1846	1813	1865
3	1820	1810	1881
3	1813	1820	1881
3	1865	1813	1881
3	1881	1896	1865
3	1881	1880	1896
3	50	51	64
3	64	51	78
3	51	49	78
3	78	70	86
3	75	64	78
3	60	64	75
3	60	75	85
3	78	86	88
3	78	88	75
3	75	88	102
3	102	88	110
3	100	75	102
3	88	86	110
3	100	102	132
3	132	102	137
3	110	138	170
3	102	110	170
3	137	102	170
3	170	138	189
3	191	137	170
3	191	170	217
3	170	189	217
3	217	189	239
3	191	217	241
3	217	239	249
3	239	254	249
3	217	249	241
3	337	303	389
3	450	389	459
3	450	459	514
3	450	514	485
3	459	513	514
3	485	514	558
3	514	513	558
3	513	556	553
3	544	496	485
3	558	513	553
3	485	558	585
3	544	485	585
3	586	544	585
3	585	558	602
3	586	585	603
3	558	597	602
3	586	603	610
3	585	602	603
3	610	603	633
3	603	602	668
3	602	597	668
3	633	603	668
3	1399	1397	1451
3	1397	1453	1451
3	1399	1451	1466
3	1466	1451	1492
3	1448	1466	1492
3	1451	1453	1515
3	1492	1451	1515
3	1515	1453	1482
3	1515	1482	1527
3	1523	1515	1535
3	1535	1570	1587
3	1625	1607	1658
3	1625	1658	1699
3	1674	1625	1699
3	1658	1696	1699
3	1713	1674	1699
3	1687	1674	1713
3	1687	1713	1721
3	1699	1696	1753
3	1699	1753	1759
3	1713	1699	1759
3	1713	1759	1721
3	1721	1759	1775
3	1759	1753	1775
3	1721	1775	1819
3	1758	1721	1810
3	1721	1819	1810
3	1775	1753	1795
3	1775	1795	1824
3	1819	1775	1824
3	1819	1824	1849
3	1819	1849	1810
3	1824	1844	1849
3	1810	1849	1880
3	1881	1810	1880
3	1849	1883	1880
3	110	113	138
3	586	610	613
3	613	610	637
3	644	613	637
3	637	610	672
3	672	610	633
3	637	672	686
3	644	637	686
3	644	686	671
3	671	686	719
3	672	633	745
3	686	672	741
3	672	745	741
3	741	745	772
3	1304	1344	1299
3	1299	1351	1289
3	1317	1289	1351
3	1299	1344	1351
3	1374	1330	1317
3	1317	1351	1399
3	1374	1317	1399
3	1351	1344	1397
3	1351	1397	1399
3	1417	1374	1399
3	1417	1399	1448
3	1448	1399	1466
3	671	719	716
3	686	741	719
3	716	719	713
3	719	756	713
3	719	741	786
3	756	719	786
3	786	741	772
3	786	772	839
3	756	786	817
3	824	786	839
3	817	786	911
3	786	824	911
3	817	911	944
3	911	824	887
3	1033	1077	1166
3	1148	1033	1166
3	1166	1160	1219
3	1180	1166	1204
3	1166	1219	1204
3	1160	1217	1219
3	1219	1217	1267
3	1219	1250	1204
3	1250	1219	1267
3	1250	1267	1289
3	1267	1217	1299
3	1289	1267	1299
3	1250	1289	1317
3	1268	1250	1317
3	944	911	1015
3	1015	1033	944
3	1015	911	1025
3	1033	1015	1077
3	1077	1015	1025
3	1077	1025	1160
3	1077	1160	1166
3	1861	1837	1875
3	1894	1902	1927
3	290	257	286
3	290	286	310
3	290	310	334
3	392	290	334
3	334	364	405
3	392	334	405
3	392	405	411
3	380	392	411
3	380	411	468
3	380	468	475
3	430	380	475
3	430	475	573
3	573	475	599
3	286	256	306
3	256	277	306
3	277	322	306
3	286	306	325
3	325	306	339
3	306	322	390
3	306	390	339
3	573	599	543
3	543	599	620
3	543	620	649
3	622	620	599
3	655	551	594
3	594	543	701
3	543	649	701
3	683	594	701
3	655	594	683
3	322	365	390
3	339	390	361
3	390	365	401
3	360	361	404
3	390	401	361
3	360	404	386
3	361	401	434
3	404	361	434
3	401	428	434
3	386	404	434
3	386	434	460
3	460	434	547
3	570	595	641
3	641	595	670
3	551	655	595
3	595	655	670
3	670	655	683
3	670	658	641
3	658	670	711
3	669	658	711
3	670	683	748
3	388	386	426
3	386	460	426
3	435	426	474
3	426	460	499
3	474	426	499
3	460	547	499
3	474	499	557
3	546	474	557
3	499	547	570
3	557	499	570
3	557	570	669
3	669	570	641
3	557	669	653
3	641	658	669
3	653	669	711
3	901	997	1019
3	1043	1019	997
3	1836	1829	1834
3	1093	1102	1149
3	1059	990	1102
3	1318	1296	1366
3	1309	1318	1377
3	1265	1230	1318
3	1318	1243	1265
3	1243	1318	1309
3	1230	1296	1318
3	1192	1265	1243
3	1192	1149	1265
3	1149	1230	1265
3	1093	1149	1192
3	1172	1093	1192
3	1059	1102	1093
3	1012	1059	1093
3	940	990	1059
3	953	940	1059
3	940	875	990
3	953	801	940
3	801	875	940
3	801	735	875
3	735	738	875
3	705	735	801
3	738	659	776
3	705	678	735
3	735	678	738
3	678	659	738
3	678	705	675
3	635	678	675
3	659	601	666
3	1449	1452	1474
3	1477	1449	1474
3	1405	1434	1452
3	1449	1405	1452
3	1405	1409	1434
3	1381	1449	1477
3	1381	1405	1449
3	1377	1405	1381
3	1377	1366	1405
3	1377	1318	1366
3	601	659	678
3	635	601	678
3	540	601	635
3	520	587	601
3	540	520	601
3	1513	1530	1529
3	1513	1474	1530
3	1474	1483	1530
3	1483	1465	1497
3	1477	1474	1513
3	1452	1483	1474
3	1452	1465	1483
3	540	471	520
3	465	471	540
3	491	465	518
3	458	471	465
3	458	407	471
3	407	416	471
3	1560	1537	1564
3	1540	1537	1560
3	1546	1514	1540
3	1514	1532	1540
3	1540	1532	1537
3	1529	1530	1532
3	1514	1529	1532
3	1517	1529	1514
3	1529	1520	1513
3	463	465	491
3	472	463	486
3	440	463	472
3	463	458	465
3	463	440	458
3	440	407	458
3	417	409	440
3	409	374	440
3	374	407	440
3	407	345	416
3	409	384	374
3	374	345	407
3	338	374	384
3	374	338	345
3	342	338	384
3	338	295	345
3	270	342	319
3	342	270	338
3	338	270	295
3	1635	1616	1615
3	1567	1616	1617
3	1572	1615	1616
3	1572	1560	1564
3	1615	1572	1564
3	1567	1589	1616
3	1589	1572	1616
3	1572	1540	1560
3	1567	1534	1589
3	1572	1546	1540
3	1546	1572	1589
3	1534	1546	1589
3	1528	1546	1534
3	1528	1514	1546
3	1502	1514	1528
3	1489	1528	1534
3	1502	1528	1489
3	1485	1514	1502
3	417	440	472
3	479	455	480
3	417	472	480
3	455	417	480
3	455	346	417
3	413	346	455
3	373	346	413
3	343	409	417
3	346	343	417
3	343	384	409
3	333	342	384
3	343	333	384
3	324	346	373
3	333	343	346
3	324	333	346
3	333	299	342
3	299	333	324
3	1567	1551	1534
3	1503	1509	1551
3	1509	1534	1551
3	1509	1489	1534
3	1489	1485	1502
3	1440	1489	1509
3	1479	1485	1489
3	1440	1479	1489
3	1457	1407	1440
3	510	535	501
3	510	498	506
3	506	498	509
3	498	479	509
3	501	498	510
3	479	498	501
3	414	479	501
3	473	414	501
3	414	455	479
3	414	413	455
3	373	413	378
3	414	378	413
3	1457	1385	1407
3	1410	1385	1457
3	1385	1384	1407
3	1358	1375	1379
3	1375	1358	1385
3	582	562	606
3	598	562	600
3	562	589	600
3	535	562	582
3	562	549	589
3	510	549	562
3	535	510	562
3	1403	1388	1419
3	1383	1388	1403
3	1368	1383	1403
3	1380	1388	1383
3	1375	1380	1379
3	1383	1379	1380
3	1336	1383	1368
3	1336	1379	1383
3	1336	1358	1379
3	606	614	631
3	598	600	624
3	605	574	614
3	605	624	596
3	562	598	606
3	605	598	624
3	598	614	606
3	614	598	605
3	1548	1504	1541
3	1524	1504	1548
3	1469	1524	1548
3	1541	1504	1500
3	1504	1446	1500
3	1524	1462	1504
3	1504	1462	1446
3	1454	1462	1524
3	1419	1446	1462
3	1403	1462	1454
3	1419	1441	1446
3	1419	1388	1441
3	1403	1419	1462
3	605	554	574
3	554	605	596
3	590	554	596
3	534	554	590
3	554	502	574
3	534	522	554
3	522	502	554
3	447	466	522
3	483	447	522
3	1601	1579	1630
3	1579	1633	1630
3	1601	1588	1579
3	1548	1588	1601
3	1559	1579	1588
3	1548	1541	1588
3	1541	1559	1588
3	1541	1500	1559
3	530	488	534
3	488	483	534
3	483	522	534
3	446	432	488
3	391	447	483
3	488	432	483
3	432	391	483
3	391	427	447
3	446	403	432
3	403	391	432
3	375	391	403
3	1659	1670	1676
3	1653	1659	1676
3	1630	1659	1653
3	1659	1641	1670
3	1633	1641	1659
3	1630	1633	1659
3	1601	1630	1644
3	1579	1595	1633
3	1773	1734	1761
3	1746	1765	1752
3	1629	1680	1689
3	1988	1993	1984
3	1812	1821	1864
3	1812	1779	1821
3	1821	1822	1830
3	1908	1895	1918
3	1172	1192	1243
3	1012	953	1059
3	618	540	635
3	486	463	491
3	479	480	509
3	480	472	511
3	1358	1384	1385
3	1315	1336	1368
3	1469	1548	1552
3	530	534	590
3	1552	1548	1601
3	446	488	515
3	1653	1644	1630
3	1269	1256	1319
3	1074	992	1089
3	1001	984	1074
3	984	992	1074
3	984	934	992
3	739	743	803
3	800	720	803
3	720	739	803
3	753	720	800
3	739	647	743
3	701	720	753
3	647	724	743
3	649	720	701
3	620	647	739
3	620	739	720
3	649	620	720
3	622	647	620
3	323	366	364
3	359	366	323
3	325	359	323
3	340	356	359
3	340	359	325
3	339	340	325
3	364	310	323
3	647	622	724
3	622	648	724
3	583	588	622
3	583	622	599
3	475	583	599
3	583	531	588
3	475	468	583
3	468	476	583
3	476	531	583
3	405	476	468
3	411	405	468
3	364	476	405
3	364	398	476
3	334	310	364
3	1946	1939	1973
3	1973	1939	1960
3	1973	1955	1979
3	1955	1950	1979
3	1960	1955	1973
3	1950	1974	1979
3	1927	1950	1955
3	1927	1914	1950
3	1955	1960	1927
3	1960	1894	1927
3	1927	1902	1914
3	1906	1960	1939
3	1906	1894	1960
3	1884	1902	1894
3	1888	1894	1906
3	1872	1888	1906
3	1888	1854	1884
3	1894	1888	1884
3	1884	1861	1902
3	1854	1861	1884
3	1829	1861	1854
3	1834	1829	1854
3	1914	1899	1950
3	1861	1914	1902
3	1875	1899	1914
3	1861	1875	1914
3	1875	1868	1899
3	1837	1868	1875
3	1839	1868	1837
3	1861	1829	1837
3	1829	1839	1837
3	990	1148	1102
3	990	1033	1148
3	990	944	1033
3	875	826	990
3	1268	1317	1330
3	1326	1268	1330
3	1296	1268	1326
3	1230	1268	1296
3	1204	1250	1268
3	1230	1180	1268
3	1180	1204	1268
3	1149	1180	1230
3	1148	1180	1149
3	1102	1148	1149
3	990	826	944
3	738	826	875
3	756	817	826
3	776	756	826
3	776	826	738
3	776	713	756
3	659	713	776
3	666	713	659
3	1443	1444	1465
3	1452	1443	1465
3	1444	1417	1448
3	1414	1444	1443
3	1434	1414	1443
3	1414	1417	1444
3	1409	1414	1434
3	1414	1374	1417
3	1409	1374	1414
3	1366	1326	1409
3	1326	1374	1409
3	1326	1330	1374
3	666	671	713
3	671	716	713
3	666	587	671
3	601	587	666
3	587	644	671
3	587	586	644
3	587	544	586
3	520	563	587
3	563	544	587
3	1565	1535	1587
3	1530	1526	1532
3	1526	1497	1492
3	1515	1523	1526
3	1492	1515	1526
3	1496	1492	1497
3	1444	1496	1497
3	1465	1444	1497
3	1444	1448	1496
3	563	507	544
3	520	507	563
3	544	507	496
3	496	507	520
3	450	485	496
3	443	450	496
3	471	443	496
3	416	443	471
3	443	368	450
3	337	368	443
3	1715	1707	1748
3	1704	1720	1748
3	1707	1704	1748
3	1693	1704	1707
3	1673	1704	1693
3	1673	1664	1704
3	1664	1687	1704
3	1664	1674	1687
3	1636	1673	1693
3	1587	1674	1664
3	1612	1664	1673
3	1612	1587	1664
3	1636	1612	1673
3	1564	1612	1636
3	1565	1587	1612
3	1576	1612	1564
3	1576	1565	1612
3	1537	1565	1576
3	1537	1523	1565
3	1523	1535	1565
3	1526	1523	1537
3	416	337	443
3	295	288	345
3	345	288	337
3	303	337	288
3	222	209	270
3	270	209	295
3	209	288	295
3	191	241	288
3	209	191	288
3	222	202	209
3	218	202	222
3	180	191	209
3	180	209	202
3	162	180	202
3	1711	1707	1715
3	1694	1711	1731
3	1694	1686	1711
3	1693	1707	1711
3	1686	1693	1711
3	1681	1694	1731
3	1655	1686	1694
3	1686	1636	1693
3	1655	1635	1686
3	1635	1636	1686
3	1617	1635	1655
3	1642	1617	1655
3	1615	1636	1635
3	1567	1617	1642
3	276	299	324
3	276	252	299
3	319	252	270
3	299	252	319
3	222	270	252
3	218	222	252
3	265	232	276
3	232	265	237
3	232	252	276
3	232	218	252
3	220	232	237
3	162	202	194
3	1656	1655	1694
3	803	819	800
3	364	366	398
3	622	588	648
3	1989	1973	1979
3	1872	1854	1888
3	1829	1836	1839
3	1296	1326	1366
3	1452	1434	1443
3	1405	1366	1409
3	1497	1526	1530
3	1483	1497	1530
3	471	496	520
3	1615	1564	1636
3	1564	1537	1576
3	1532	1526	1537
3	345	337	416
3	1616	1635	1617
3	299	319	342
3	1769	1789	1796
3	1754	1789	1769
3	1754	1787	1789
3	1754	1756	1787
3	1754	1735	1756
3	1723	1754	1769
3	1723	1735	1754
3	1723	1718	1735
3	1294	1264	1301
3	1264	1283	1301
3	1283	1245	1301
3	1264	1239	1283
3	1249	1264	1294
3	1249	1261	1264
3	1261	1239	1264
3	1236	1239	1261
3	1223	1239	1236
3	765	749	844
3	717	765	744
3	747	718	746
3	747	749	718
3	717	749	765
3	717	718	749
3	718	697	746
3	700	736	749
3	747	700	749
3	717	697	718
3	171	185	187
3	145	120	171
3	134	145	171
3	134	107	145
3	105	107	134
3	99	117	120
3	107	99	145
3	97	107	105
3	123	147	153
3	124	121	140
3	140	121	129
3	140	129	159
3	845	831	861
3	861	831	918
3	1052	1119	1120
3	960	903	946
3	960	946	1009
3	234	259	283
3	283	259	372
3	123	153	127
3	129	127	135
3	121	127	129
3	127	153	130
3	130	156	126
3	109	130	126
3	130	153	177
3	130	177	186
3	186	177	201
3	156	130	186
3	156	186	181
3	181	186	234
3	186	201	234
3	201	259	234
3	234	283	246
3	246	283	330
3	294	246	330
3	294	330	348
3	294	348	316
3	283	372	330
3	316	348	371
3	135	143	144
3	144	143	157
3	135	144	129
3	159	129	144
3	144	157	176
3	159	144	176
3	157	174	176
3	159	176	204
3	204	176	215
3	204	215	214
3	214	215	228
3	228	261	289
3	228	289	296
3	294	316	307
3	307	316	320
3	289	261	317
3	321	318	316
3	289	318	321
3	296	289	321
3	316	318	320
3	320	318	331
3	296	321	344
3	318	289	331
3	289	317	331
3	321	316	371
3	331	317	362
3	344	321	371
3	317	301	362
3	341	320	331
3	362	301	367
3	331	362	341
3	157	160	174
3	174	173	183
3	174	183	196
3	174	196	176
3	196	183	205
3	176	196	225
3	215	176	225
3	196	205	225
3	225	205	248
3	261	215	225
3	228	215	261
3	261	225	301
3	225	248	293
3	225	293	301
3	248	205	269
3	261	301	317
3	301	293	350
3	301	350	367
3	362	367	420
3	205	195	231
3	269	205	231
3	248	269	293
3	269	304	293
3	919	918	977
3	1041	977	1073
3	845	861	919
3	845	919	922
3	845	922	946
3	861	918	919
3	903	845	946
3	922	919	951
3	922	951	994
3	994	951	1041
3	951	919	977
3	946	922	994
3	951	977	1041
3	946	1052	1009
3	946	994	1052
3	994	1041	1119
3	1041	1116	1119
3	1041	1073	1116
3	1052	994	1119
3	114	111	109
3	109	111	135
3	109	135	127
3	114	109	126
3	127	130	109
3	111	119	135
3	114	149	139
3	149	114	126
3	126	156	181
3	164	126	181
3	139	149	210
3	149	126	210
3	210	126	164
3	164	181	206
3	164	206	210
3	206	181	246
3	139	210	242
3	210	206	271
3	253	210	271
3	206	246	294
3	210	253	242
3	206	294	271
3	271	294	315
3	294	307	315
3	135	119	143
3	119	111	122
3	111	114	122
3	143	119	142
3	142	119	122
3	114	139	122
3	122	139	207
3	142	122	207
3	207	139	227
3	139	242	227
3	242	253	313
3	253	271	313
3	313	271	315
3	242	313	332
3	227	242	329
3	315	307	320
3	315	320	341
3	313	315	341
3	242	332	329
3	313	341	357
3	313	357	332
3	329	332	377
3	332	357	377
3	357	341	423
3	341	362	423
3	357	423	377
3	143	142	161
3	157	143	160
3	143	161	160
3	160	173	174
3	160	161	178
3	173	160	178
3	161	142	207
3	178	161	184
3	161	207	184
3	207	227	184
3	281	184	227
3	281	227	351
3	227	329	351
3	350	293	387
3	387	293	379
3	351	329	394
3	367	350	387
3	367	387	420
3	329	377	394
3	420	387	424
3	376	351	418
3	362	420	423
3	377	423	453
3	394	377	453
3	418	351	394
3	423	420	453
3	420	424	453
3	173	178	195
3	183	173	195
3	178	184	198
3	205	183	195
3	195	178	198
3	198	231	195
3	198	184	281
3	231	198	273
3	273	198	281
3	231	273	282
3	269	231	282
3	287	273	281
3	269	282	304
3	287	281	312
3	273	287	282
3	304	282	328
3	328	282	287
3	304	328	400
3	304	400	293
3	312	281	351
3	293	400	379
3	287	312	328
3	312	351	376
3	328	312	376
3	387	379	376
3	328	376	400
3	376	379	400
3	387	376	424
3	418	394	453
3	424	376	418
3	453	424	418
3	97	95	107
3	95	91	107
3	91	99	107
3	84	95	97
3	91	68	99
3	83	91	95
3	68	65	99
3	38	68	77
3	38	28	68
3	5	10	15
3	1	4	9
3	5	0	10
3	0	7	10
3	6	4	5
3	0	3	7
3	4	0	5
3	1	0	4
3	1986	1987	1995
3	1990	1986	1995
3	1964	1986	1990
3	1977	1964	1990
3	1952	1982	1987
3	1986	1952	1987
3	1964	1952	1986
3	1964	1940	1952
3	1977	1953	1964
3	1966	1953	1977
3	1953	1943	1964
3	1943	1940	1964
3	1940	1932	1952
3	1932	1944	1952
3	1937	1943	1953
3	1916	1943	1937
3	1890	1916	1937
3	1940	1933	1932
3	1756	1784	1788
3	1756	1750	1784
3	1756	1735	1750
3	1750	1733	1784
3	1735	1718	1750
3	1718	1700	1750
3	1700	1733	1750
3	1697	1718	1723
3	1691	1700	1718
3	1691	1671	1700
3	1697	1691	1718
3	1340	1285	1325
3	1301	1285	1340
3	1300	1325	1285
3	1300	1224	1325
3	1245	1285	1301
3	1238	1300	1285
3	1238	1226	1300
3	1300	1226	1224
3	1226	1158	1224
3	821	737	788
3	751	821	770
3	727	737	821
3	751	727	821
3	760	751	770
3	736	727	751
3	736	751	760
3	703	737	727
3	700	727	736
3	703	727	700
3	185	117	193
3	171	117	185
3	120	117	171
3	117	136	193
3	117	93	136
3	99	93	117
3	99	65	93
3	21	34	42
3	23	33	40
3	23	20	33
3	21	23	34
3	21	13	23
3	6	20	23
3	21	14	13
3	20	5	15
3	13	6	23
3	6	5	20
3	4	13	14
3	9	4	14
3	4	6	13
3	1943	1930	1940
3	1916	1930	1943
3	1930	1933	1940
3	1930	1909	1933
3	1909	1925	1933
3	1904	1909	1930
3	1916	1904	1930
3	1904	1856	1909
3	1889	1904	1916
3	1889	1856	1904
3	1886	1889	1916
3	1886	1803	1889
3	1762	1781	1808
3	1764	1762	1798
3	1784	1764	1798
3	1749	1762	1764
3	1784	1733	1764
3	1749	1741	1762
3	1733	1749	1764
3	1733	1684	1749
3	1700	1684	1733
3	1700	1668	1684
3	1242	1224	1158
3	1157	1226	1238
3	1226	1124	1158
3	1158	1114	1242
3	1157	1124	1226
3	1115	1124	1157
3	1115	1068	1124
3	1038	1114	1158
3	1124	1038	1158
3	1034	1124	1068
3	1034	1038	1124
3	884	853	955
3	928	884	950
3	822	884	928
3	876	822	928
3	822	821	884
3	821	837	884
3	821	788	837
3	808	770	821
3	808	821	822
3	219	213	243
3	219	125	213
3	125	150	213
3	182	125	219
3	108	150	125
3	193	125	182
3	136	125	193
3	93	125	136
3	93	108	125
3	108	90	118
3	90	76	118
3	93	82	108
3	76	52	87
3	52	62	87
3	54	94	62
3	52	54	62
3	52	41	54
3	42	41	52
3	42	34	41
3	34	40	41
3	1889	1852	1856
3	1889	1785	1852
3	1803	1785	1889
3	1781	1803	1808
3	1772	1785	1803
3	1781	1772	1803
3	1781	1770	1772
3	1762	1741	1781
3	1770	1736	1772
3	1741	1770	1781
3	1741	1702	1770
3	1702	1736	1770
3	1749	1683	1741
3	1683	1702	1741
3	1702	1677	1736
3	1684	1683	1749
3	1038	1069	1114
3	1029	1034	1068
3	1016	1029	1068
3	955	1038	1034
3	1034	950	955
3	1029	950	1034
3	1016	950	1029
3	950	884	955
3	213	150	212
3	150	118	212
3	118	172	212
3	118	104	172
3	104	101	172
3	118	150	108
3	76	104	118
3	104	87	101
3	76	87	104
3	94	101	87
3	87	62	94
3	566	551	567
3	551	566	545
3	567	512	566
3	566	516	545
3	547	512	567
3	478	516	566
3	512	478	566
3	470	512	547
3	481	487	516
3	478	481	516
3	547	434	470
3	470	478	512
3	437	478	470
3	478	438	481
3	428	437	470
3	437	438	478
3	428	401	437
3	305	438	437
3	363	305	437
3	401	363	437
3	516	529	545
3	1722	1723	1769
3	134	171	187
3	20	15	27
3	15	10	24
3	1952	1944	1982
3	1928	1932	1933
3	1671	1691	1697
3	1337	1294	1301
3	642	703	700
3	193	182	208
3	1925	1928	1933
3	884	807	853
3	788	734	837
3	213	255	243
3	1683	1651	1702
3	955	948	1038
3	955	853	948
3	213	212	255
3	94	98	101
3	567	551	595
3	570	567	595
3	570	547	567
3	434	428	470
3	232	194	218
3	194	202	218
3	194	232	220
3	148	162	194
3	1681	1656	1694
3	1642	1655	1656
3	1656	1596	1642
3	1605	1596	1656
3	1596	1567	1642
3	1561	1557	1605
3	1605	1557	1596
3	1596	1557	1567
3	1557	1551	1567
3	1503	1551	1557
3	1521	1557	1561
3	1521	1501	1557
3	1501	1503	1557
3	1463	1503	1501
3	1463	1509	1503
3	1447	1463	1501
3	1461	1447	1501
3	1457	1509	1463
3	1432	1457	1463
3	1447	1423	1463
3	1423	1432	1463
3	532	560	565
3	501	535	532
3	494	501	532
3	494	473	501
3	439	473	494
3	431	439	494
3	439	414	473
3	431	383	439
3	383	378	439
3	378	414	439
3	335	378	383
3	335	302	378
3	302	276	324
3	265	276	302
3	292	302	335
3	292	265	302
3	237	265	292
3	250	237	292
3	1432	1410	1457
3	1410	1432	1423
3	1389	1385	1410
3	1389	1375	1385
3	1380	1375	1389
3	1341	1380	1389
3	1365	1341	1389
3	612	623	654
3	607	606	623
3	612	593	623
3	582	606	607
3	593	607	623
3	612	560	593
3	560	607	593
3	532	535	560
3	535	582	607
3	560	535	607
3	1363	1353	1388
3	1380	1363	1388
3	1341	1363	1380
3	1320	1353	1363
3	1341	1331	1363
3	1331	1320	1363
3	1320	1329	1353
3	1327	1331	1341
3	1281	1331	1327
3	1281	1320	1331
3	1281	1237	1320
3	636	679	646
3	650	679	636
3	623	646	654
3	646	631	636
3	623	631	646
3	623	606	631
3	574	630	636
3	631	614	636
3	614	574	636
3	1441	1456	1500
3	1441	1500	1446
3	1406	1456	1441
3	1353	1406	1441
3	1388	1353	1441
3	1354	1412	1406
3	1406	1329	1354
3	1353	1329	1406
3	1329	1349	1354
3	1320	1279	1329
3	636	630	650
3	574	561	630
3	630	538	650
3	561	538	630
3	574	502	561
3	561	536	538
3	502	505	561
3	536	493	538
3	505	536	561
3	502	466	505
3	466	493	536
3	505	466	536
3	462	508	493
3	466	462	493
3	422	462	466
3	427	422	466
3	422	425	462
3	447	427	466
3	427	402	422
3	422	381	425
3	422	402	381
3	1579	1559	1595
3	1559	1562	1595
3	1505	1562	1559
3	1500	1505	1559
3	1500	1456	1505
3	1456	1404	1505
3	1404	1484	1505
3	1406	1412	1456
3	1404	1359	1425
3	1412	1404	1456
3	1343	1404	1412
3	1343	1359	1404
3	1354	1343	1412
3	1307	1310	1359
3	427	382	402
3	382	381	402
3	358	381	382
3	375	356	382
3	356	358	382
3	1621	1613	1641
3	1583	1621	1633
3	1595	1583	1633
3	1583	1606	1621
3	1606	1613	1621
3	1562	1583	1595
3	1562	1556	1583
3	1556	1544	1583
3	1544	1606	1583
3	1505	1556	1562
3	1519	1606	1544
3	1505	1544	1556
3	1544	1487	1519
3	1505	1484	1544
3	1484	1487	1544
3	1484	1425	1487
3	1418	1519	1487
3	1404	1425	1484
3	1425	1418	1487
3	1324	1367	1418
3	1359	1418	1425
3	1310	1418	1359
3	1310	1324	1418
3	1324	1292	1367
3	1310	1275	1324
3	1227	1292	1324
3	1275	1227	1324
3	1175	1275	1310
3	1195	1293	1292
3	1275	1175	1227
3	1195	1292	1227
3	1151	1195	1227
3	1109	1227	1175
3	1151	1280	1195
3	1109	1151	1227
3	1109	1096	1151
3	1096	1135	1151
3	1096	1056	1135
3	1003	1056	1096
3	1089	1096	1109
3	1089	992	1096
3	992	1003	1096
3	1003	961	1056
3	949	961	1003
3	992	949	1003
3	934	949	992
3	907	961	949
3	889	949	934
3	907	849	961
3	889	800	949
3	794	907	949
3	794	849	907
3	800	794	949
3	800	889	827
3	800	819	794
3	819	803	794
3	803	743	794
3	743	721	794
3	794	721	784
3	721	638	784
3	476	457	492
3	436	457	476
3	398	403	436
3	366	403	398
3	375	403	366
3	356	375	366
3	359	356	366
3	1679	1672	1701
3	1672	1650	1701
3	1654	1672	1679
3	1604	1650	1672
3	1654	1604	1672
3	1641	1654	1679
3	1613	1654	1641
3	1591	1604	1654
3	1597	1624	1604
3	1613	1591	1654
3	1606	1591	1613
3	1604	1568	1597
3	1591	1568	1604
3	1606	1519	1591
3	1519	1542	1591
3	1542	1568	1591
3	1542	1543	1568
3	1472	1543	1542
3	1472	1450	1543
3	1519	1472	1542
3	1472	1445	1450
3	1367	1472	1519
3	1472	1367	1445
3	1367	1519	1418
3	1367	1292	1445
3	1292	1342	1445
3	1292	1293	1342
3	724	721	743
3	724	648	721
3	648	592	721
3	592	638	721
3	588	592	648
3	588	531	592
3	592	492	638
3	492	577	638
3	531	492	592
3	500	492	531
3	476	500	531
3	476	492	500
3	398	436	476
3	1744	1734	1751
3	1714	1678	1744
3	1729	1701	1744
3	1689	1734	1744
3	1678	1689	1744
3	1701	1714	1744
3	1650	1678	1701
3	1678	1714	1701
3	1629	1689	1678
3	1650	1624	1678
3	1624	1629	1678
3	1604	1624	1650
3	1624	1594	1629
3	1597	1594	1624
3	1568	1594	1597
3	1568	1543	1594
3	1963	1946	1989
3	1946	1973	1989
3	1963	1942	1946
3	1942	1913	1946
3	1913	1939	1946
3	1934	1913	1942
3	1913	1906	1939
3	1934	1864	1913
3	1872	1913	1864
3	1457	1440	1509
3	302	324	373
3	302	373	378
3	466	502	522
3	391	382	427
3	375	382	391
3	1633	1621	1641
3	643	645	707
3	849	894	961
3	784	849	794
3	1445	1342	1450
3	1751	1734	1773
3	1729	1744	1751
3	1972	1963	1989
3	1639	1634	1640
3	1634	1628	1640
3	1608	1628	1607
3	1628	1637	1640
3	1608	1623	1628
3	1563	1608	1607
3	1608	1581	1623
3	1563	1538	1608
3	1538	1581	1608
3	1498	1511	1512
3	1473	1498	1512
3	1433	1473	1512
3	1481	1433	1512
3	1433	1442	1473
3	1442	1424	1473
3	1413	1424	1442
3	1433	1382	1442
3	1382	1413	1442
3	1371	1424	1413
3	1350	1371	1413
3	1382	1350	1413
3	1321	1371	1350
3	1371	1321	1348
3	1321	1286	1348
3	1333	1321	1350
3	1325	1242	1333
3	869	834	935
3	1072	1019	1043
3	1063	1072	1146
3	1002	1072	1063
3	729	634	785
3	785	773	816
3	1207	1063	1146
3	1323	1355	1361
3	1323	1361	1372
3	244	262	326
3	1427	1461	1476
3	1539	1536	1575
3	155	116	163
3	352	326	441
3	421	352	441
3	421	441	469
3	421	469	524
3	524	469	537
3	1391	1490	1459
3	1459	1490	1522
3	1522	1490	1536
3	1726	1732	1766
3	46	57	61
3	1512	1511	1538
3	868	869	970
3	869	935	1019
3	970	869	1002
3	1002	869	1019
3	970	1002	1063
3	1002	1019	1072
3	677	609	634
3	634	729	677
3	656	677	769
3	677	729	769
3	729	785	769
3	769	785	816
3	816	773	868
3	769	816	897
3	859	769	897
3	816	868	897
3	859	897	938
3	897	868	970
3	938	897	989
3	897	970	1028
3	989	897	1028
3	1028	970	1063
3	1028	1063	1082
3	1101	1028	1082
3	1063	1207	1082
3	1101	1082	1208
3	1082	1207	1208
3	1103	1101	1247
3	1101	1208	1247
3	1208	1207	1241
3	1247	1208	1241
3	1241	1297	1247
3	1247	1297	1355
3	1323	1247	1355
3	285	244	326
3	571	552	611
3	626	571	611
3	611	609	677
3	626	611	676
3	656	611	677
3	611	656	676
3	626	676	684
3	684	676	752
3	684	752	798
3	676	656	752
3	656	769	752
3	752	842	798
3	798	843	777
3	752	769	842
3	769	859	842
3	798	842	843
3	842	859	938
3	924	842	938
3	843	842	924
3	843	924	942
3	942	924	978
3	978	924	938
3	978	938	989
3	978	989	1048
3	972	942	1045
3	942	978	1045
3	1045	978	1064
3	978	1048	1064
3	1048	989	1028
3	1048	1028	1101
3	1103	1048	1101
3	1064	1048	1103
3	1064	1103	1134
3	1045	1064	1134
3	1045	1134	1201
3	1134	1103	1196
3	1196	1103	1247
3	1201	1134	1196
3	1201	1196	1271
3	1196	1247	1284
3	1201	1271	1295
3	1196	1284	1271
3	1284	1247	1323
3	1295	1271	1335
3	1335	1271	1284
3	1284	1323	1357
3	1284	1357	1335
3	1357	1323	1372
3	1357	1372	1422
3	1335	1357	1391
3	1357	1422	1427
3	1391	1357	1427
3	1427	1476	1391
3	1539	1575	1580
3	1580	1575	1626
3	1575	1593	1626
3	1618	1580	1626
3	1626	1593	1643
3	94	61	81
3	61	73	81
3	94	81	98
3	81	73	116
3	98	81	116
3	98	116	133
3	101	98	133
3	133	116	155
3	101	133	172
3	133	175	172
3	175	133	155
3	175	155	226
3	175	212	172
3	226	155	236
3	175	226	247
3	212	175	247
3	226	236	244
3	212	247	255
3	247	226	264
3	264	226	285
3	226	244	285
3	264	285	309
3	309	285	326
3	352	309	326
3	354	421	467
3	524	537	559
3	580	524	579
3	579	524	559
3	559	571	626
3	559	626	579
3	579	626	684
3	621	579	684
3	621	684	722
3	621	722	733
3	722	684	777
3	777	684	798
3	722	777	811
3	733	722	811
3	811	777	890
3	777	843	890
3	853	811	948
3	843	942	890
3	811	890	948
3	948	890	972
3	890	942	972
3	972	993	948
3	1038	948	993
3	1038	993	1069
3	993	972	1069
3	1069	972	1045
3	1090	1069	1045
3	1090	1045	1152
3	1114	1069	1090
3	1152	1045	1176
3	1185	1114	1090
3	1176	1045	1201
3	1152	1176	1090
3	1090	1176	1185
3	1176	1201	1290
3	1176	1290	1185
3	1290	1201	1295
3	1286	1185	1290
3	1290	1295	1345
3	1286	1290	1348
3	1348	1290	1345
3	1345	1295	1370
3	1370	1295	1335
3	1348	1345	1370
3	1371	1348	1370
3	1370	1335	1396
3	1396	1335	1391
3	1371	1370	1424
3	1370	1396	1459
3	1396	1391	1459
3	1370	1459	1424
3	1424	1459	1473
3	1473	1459	1498
3	1498	1459	1511
3	1511	1459	1522
3	1522	1536	1539
3	1522	1539	1618
3	1511	1522	1538
3	1538	1522	1581
3	1581	1522	1618
3	1618	1539	1580
3	1581	1618	1623
3	1623	1618	1631
3	1623	1631	1649
3	1631	1618	1626
3	1626	1643	1665
3	1631	1626	1665
3	1651	1623	1649
3	1651	1649	1677
3	1677	1649	1631
3	1631	1665	1716
3	1651	1677	1702
3	1631	1716	1677
3	1716	1665	1709
3	1677	1716	1719
3	1719	1716	1726
3	1726	1716	1732
3	1736	1677	1719
3	1736	1719	1726
3	1736	1726	1772
3	1772	1726	1766
3	1772	1766	1785
3	1785	1766	1791
3	1852	1785	1856
3	40	44	41
3	44	40	45
3	46	44	45
3	41	44	54
3	44	46	54
3	54	46	61
3	54	61	94
3	208	182	219
3	208	219	251
3	219	243	251
3	243	255	272
3	255	247	272
3	258	251	243
3	254	258	272
3	258	243	272
3	279	272	247
3	274	254	272
3	272	279	274
3	279	247	264
3	274	279	349
3	279	264	309
3	279	309	349
3	349	309	352
3	354	349	352
3	354	352	421
3	482	467	580
3	467	421	580
3	580	421	524
3	556	580	619
3	556	619	584
3	553	556	584
3	580	579	621
3	619	580	621
3	584	619	664
3	664	621	733
3	734	664	733
3	704	664	734
3	734	733	807
3	837	734	807
3	807	733	853
3	733	811	853
3	837	807	884
3	1114	1185	1233
3	1242	1114	1233
3	1233	1185	1286
3	1233	1286	1321
3	1233	1321	1333
3	1224	1242	1325
3	1242	1233	1333
3	145	99	120
3	181	234	246
3	34	23	40
3	664	619	621
3	1342	1293	1282
3	1280	1282	1293
3	774	802	791
