0.74515	0.17541	-0.038902
0.73484	0.18224	-0.018279
0.76238	0.15162	-0.013498
0.76189	0.15296	-0.032077
0.71451	0.193	-0.030837
0.70806	0.17755	-0.060162
0.69028	0.18977	-0.054595
0.7552	0.13352	-0.039992
0.74551	0.10735	-0.061157
0.71124	0.18911	-0.002371
0.73025	0.12956	-0.068125
0.75482	0.13184	-0.019183
0.74969	0.11714	-0.010465
0.6631	0.19804	-0.021196
0.68412	0.19097	-0.0042965
0.6899	0.15215	-0.075183
0.74975	0.083427	-0.024604
0.75512	0.094816	-0.016613
0.75396	0.088867	-0.042303
0.72036	0.1655	0.0043165
0.65073	0.1754	-0.063099
0.64512	0.19214	-0.0010718
0.68066	0.16718	0.012324
0.63109	0.19401	-0.032772
0.70866	0.11961	-0.076646
0.75111	0.070439	-0.038258
0.75215	0.055559	-0.045508
0.65266	0.12624	-0.079666
0.65265	0.14203	0.016931
0.72403	0.09095	-0.069704
0.6571	0.16843	0.017511
0.66745	0.10664	-0.082719
0.75548	0.041813	-0.030138
0.61534	0.18427	-0.054987
0.62439	0.19754	-0.021301
0.72761	0.065595	-0.017618
0.72632	0.071198	-0.068639
0.70408	0.021219	-0.064037
0.69367	0.069642	-0.0080848
0.64156	0.17245	0.019065
0.60152	0.20473	-0.04153
0.58752	0.21592	-0.024151
0.61785	0.19846	0.010843
0.70577	0.05412	-0.070826
0.58051	0.2081	-0.066841
0.59517	0.18909	-0.080502
0.5677	0.21086	-0.097807
0.69073	0.074852	-0.083187
0.62775	0.14705	-0.069343
0.61078	0.15594	-0.076488
0.56975	0.19169	-0.12446
0.58496	0.16625	-0.11752
0.58681	0.2077	0.018416
0.66697	0.070276	-0.082007
0.56782	0.22024	-0.029214
0.7209	0.031249	-0.030636
0.71884	0.016953	-0.045977
0.53657	0.20607	-0.1293
0.61753	0.13215	-0.073102
0.59156	0.19061	0.041334
0.5457	0.17593	-0.14956
0.53032	0.2181	-0.10699
0.52676	0.22255	-0.011132
0.67436	0.03774	-0.076032
0.5638	0.15181	-0.14949
0.60346	0.13132	0.024903
0.64472	0.069972	-0.082869
0.50142	0.20949	-0.12589
0.65253	0.063914	-0.0034903
0.58749	0.17657	0.047668
0.60919	0.11499	-0.073452
0.6989	0.0010333	-0.048744
0.62271	0.064876	-0.075222
0.48424	0.22236	-0.090104
0.4922	0.19674	-0.14325
0.53383	0.12471	-0.16449
0.52886	0.19966	0.033673
0.70438	0.0097134	-0.028474
0.57034	0.11825	-0.14626
0.59475	0.083532	-0.074699
0.67516	0.011879	-0.057596
0.47834	0.22619	-0.054879
0.56677	0.16656	0.048696
0.66631	0.015398	-0.030885
0.63621	0.040525	-0.06997
0.49993	0.16136	-0.16114
0.58097	0.098785	-0.11984
0.50646	0.21915	-0.0024408
0.55117	0.096105	-0.1342
0.4538	0.21112	-0.10394
0.53694	0.18114	0.047951
0.63874	0.047275	-0.012336
0.47258	0.16155	-0.15684
0.5746	0.1362	0.02802
0.51889	0.22698	-0.028768
0.62481	0.039171	-0.032135
0.5873	0.074861	-0.088289
0.60362	0.057914	-0.043112
0.44498	0.22116	-0.048653
0.6012	0.070335	0.0041654
0.47995	0.1368	-0.16244
0.45963	0.21776	-0.011654
0.50916	0.10802	-0.1535
0.59772	0.075037	-0.064635
0.44873	0.20113	0.0088353
0.59288	0.057397	-0.03707
0.4384	0.18693	-0.12527
0.59946	0.058585	-0.010777
0.49257	0.17359	0.035971
0.25229	0.55778	0.3407
0.5372	0.078338	-0.12164
0.27026	0.53691	0.34014
0.44675	0.16353	-0.14257
0.57067	0.058391	-0.085998
0.26383	0.53602	0.35845
0.57508	0.054029	-0.050429
0.43106	0.21462	-0.064866
0.55512	0.077116	0.00067641
0.44978	0.18078	0.025816
0.28968	0.50429	0.3314
0.56185	0.054805	0.00099542
0.25122	0.52822	0.23653
0.29711	0.48636	0.35471
0.23632	0.54734	0.24792
0.24848	0.51373	0.21369
0.47552	0.15278	0.011853
0.24121	0.55979	0.34858
0.24684	0.53683	0.27483
0.21221	0.53701	0.19087
0.26115	0.50605	0.25442
0.22631	0.5483	0.29126
0.55922	0.042055	-0.054357
0.44436	0.10614	-0.14651
0.40914	0.20147	-0.03208
0.55563	0.039271	-0.033099
0.2663	0.52817	0.29749
0.52751	0.11854	0.010075
0.46174	0.090729	-0.14051
0.52566	0.046757	-0.083756
0.26955	0.50928	0.37169
0.26192	0.48184	0.22792
0.21417	0.48889	0.14614
0.31749	0.46919	0.35177
0.3239	0.456	0.34224
0.27499	0.49113	0.27802
0.56723	0.045793	-0.010365
0.21534	0.52724	0.17907
0.20017	0.55054	0.21798
0.41203	0.16883	-0.12371
0.23251	0.53788	0.38469
0.45009	0.16379	0.025226
0.40405	0.18188	-0.10661
0.2003	0.51477	0.1441
0.22117	0.55394	0.25686
0.24393	0.49066	0.19512
0.39221	0.18969	-0.05486
0.21824	0.55028	0.31633
0.29987	0.45819	0.30406
0.4439	0.12924	-0.14761
0.26871	0.47157	0.25146
0.33779	0.42328	0.33369
0.33106	0.43849	0.34637
0.41804	0.14564	-0.14092
0.40352	0.19156	-0.08442
0.21528	0.54386	0.37268
0.25784	0.44693	0.22001
0.16156	0.52292	0.1167
0.16752	0.55524	0.21928
0.18679	0.49679	0.10976
0.22957	0.47102	0.16657
0.47305	0.069655	-0.12233
0.54346	0.048001	-0.0094996
0.41384	0.18798	-0.0023736
0.33843	0.40741	0.3165
0.30071	0.43473	0.29678
0.39807	0.17741	-0.013727
0.27651	0.44183	0.2769
0.18988	0.55389	0.26497
0.35349	0.38696	0.33767
0.15688	0.55458	0.19514
0.42214	0.12233	-0.14863
0.20409	0.54121	0.34024
0.47191	0.097963	-0.01174
0.33213	0.38828	0.30641
0.33836	0.38263	0.35477
0.50526	0.052233	-0.013283
0.19422	0.53735	0.30666
0.51645	0.04281	-0.02005
0.20936	0.45518	0.13481
0.47587	0.053548	-0.094995
0.13725	0.53964	0.13351
0.42882	0.081173	-0.14132
0.18746	0.456	0.099974
0.50616	0.085721	-0.0091737
0.36872	0.15757	-0.14452
0.35379	0.36294	0.33186
0.29431	0.41383	0.29047
0.14808	0.50242	0.087503
0.35162	0.35667	0.34415
0.17316	0.48144	0.089155
0.50753	0.040011	-0.051696
0.17576	0.54584	0.28168
0.39481	0.1222	-0.16204
0.23126	0.43463	0.1823
0.26443	0.4439	0.25105
0.32329	0.36997	0.29951
0.19805	0.52456	0.36933
0.29848	0.44309	0.36479
0.46396	0.066582	-0.020455
0.40404	0.087312	-0.1621
0.2174	0.5268	0.3962
0.11378	0.54717	0.15635
0.41427	0.15373	0.012009
0.42238	0.12962	0.011284
0.25263	0.41952	0.24907
0.25705	0.41671	0.27582
0.20619	0.41962	0.15755
0.43794	0.061829	-0.11727
0.36742	0.13496	-0.17797
0.45114	0.099239	-0.01086
0.3512	0.178	-0.1138
0.109	0.51769	0.094447
0.38087	0.11559	-0.17707
0.10555	0.54806	0.19708
0.19905	0.4351	0.1263
0.26933	0.40297	0.28751
0.39166	0.17329	-0.025098
0.27175	0.38695	0.38227
0.24378	0.41036	0.25869
0.23968	0.42146	0.19556
0.23363	0.4056	0.21721
0.33482	0.34121	0.33427
0.34936	0.16214	-0.16333
0.1532	0.47557	0.076324
0.18367	0.51588	0.32077
0.47575	0.047073	-0.026209
0.34951	0.17753	-0.057448
0.32913	0.17606	-0.14095
0.33629	0.17903	-0.083327
0.45669	0.051354	-0.068961
0.09222	0.53483	0.12761
0.41209	0.056826	-0.12561
0.22463	0.45368	0.39937
0.42472	0.094266	-0.0038577
0.33833	0.16771	-0.04265
0.21259	0.40192	0.17706
0.17947	0.49132	0.3244
0.39104	0.13466	-0.017626
0.28673	0.37787	0.29605
0.42233	0.056525	-0.090074
0.32023	0.18213	-0.10586
0.43891	0.079815	-0.015321
0.34394	0.11822	-0.17774
0.21129	0.48051	0.39737
0.44335	0.058153	-0.050653
0.40456	0.12643	-0.0028683
0.10502	0.47591	0.064613
0.085856	0.50479	0.079695
0.44731	0.058341	-0.028876
0.13437	0.51834	0.28316
0.1413	0.44223	0.067118
0.23678	0.40091	0.29331
0.31635	0.17167	-0.064634
0.13681	0.53032	0.27356
0.373	0.12923	-0.02631
0.30202	0.15372	-0.15099
0.20407	0.40129	0.16064
0.17437	0.41115	0.11378
0.18641	0.40298	0.14643
0.29468	0.3468	0.31607
0.33941	0.068939	-0.18682
0.19977	0.49096	0.38092
0.40753	0.087562	-0.029716
0.32004	0.33706	0.35113
0.41548	0.066491	-0.059792
0.20894	0.37645	0.19746
0.30134	0.13615	-0.16878
0.10951	0.44294	0.055077
0.070178	0.53179	0.157
0.39788	0.083295	-0.038701
0.15737	0.41806	0.085609
0.3024	0.34495	0.37285
0.31347	0.33587	0.33694
0.15645	0.5016	0.3067
0.21717	0.38646	0.22675
0.33728	0.15498	-0.033538
0.068313	0.48213	0.037297
0.31311	0.31426	0.36158
0.38334	0.046682	-0.14968
0.21866	0.40617	0.29296
0.063651	0.5061	0.075025
0.051924	0.51233	0.10979
0.29712	0.16932	-0.10932
0.27334	0.32615	0.32154
0.17633	0.45875	0.31888
0.36004	0.057119	-0.17633
0.20106	0.39207	0.26117
0.39565	0.050265	-0.08298
0.15842	0.38937	0.12976
0.30803	0.11551	-0.18519
0.075097	0.52498	0.22417
0.23527	0.371	0.31172
0.27976	0.14905	-0.1491
0.3913	0.042975	-0.11546
0.29536	0.3147	0.33042
0.15348	0.36847	0.15471
0.078314	0.44791	0.019811
0.18468	0.45517	0.3351
0.13692	0.39838	0.086651
0.35643	0.11359	-0.029433
0.051247	0.48254	0.025614
0.18741	0.36534	0.22577
0.29145	0.31353	0.37799
0.21321	0.43917	0.39997
0.051397	0.51956	0.1656
0.19665	0.4535	0.37081
0.18271	0.43823	0.31089
0.21705	0.38931	0.31283
0.2019	0.41516	0.30833
0.32094	0.075244	-0.19274
0.19151	0.43232	0.3366
0.19751	0.41392	0.29012
0.10923	0.42117	0.056149
0.040253	0.44461	-0.020626
0.28474	0.12663	-0.18867
0.058815	0.43141	-0.017872
0.30184	0.14243	-0.034912
0.29648	0.16408	-0.066568
0.30227	0.29537	0.35373
0.24108	0.36919	0.39985
0.12146	0.47409	0.29128
0.20041	0.39196	0.33455
0.2163	0.40618	0.40391
0.29856	0.096872	-0.20713
0.02869	0.48763	0.0309
0.26835	0.15145	-0.12036
0.36894	0.031233	-0.067125
0.35096	0.0074188	-0.15849
0.32325	0.052939	-0.20836
0.079382	0.41211	0.0005512
0.070564	0.40719	-0.039334
0.19747	0.40404	0.35882
0.31008	0.067926	-0.20888
0.27885	0.096319	-0.21012
0.16475	0.39925	0.26378
0.33767	0.031023	-0.19742
0.26263	0.10876	-0.20095
0.04785	0.50852	0.20574
0.12218	0.45319	0.2878
0.38522	0.064659	-0.046597
0.24742	0.344	0.32561
0.25841	0.33067	0.3911
0.32306	0.082485	-0.027649
0.17185	0.35626	0.20542
0.35161	0.035638	-0.04529
0.065157	0.50576	0.2382
0.053356	0.40124	-0.083145
0.20012	0.4011	0.38011
0.083485	0.36467	-0.078635
0.045808	0.41527	-0.063155
0.097853	0.37585	-0.011462
0.090034	0.38818	0.025881
0.20327	0.35952	0.33909
0.12707	0.36171	0.10362
0.0087473	0.45666	-0.016865
0.10821	0.39719	0.063677
0.022572	0.4207	-0.076527
0.21708	0.3528	0.32961
0.3575	0.0031809	-0.12525
0.26604	0.14494	-0.072134
0.02913	0.49627	0.12718
0.13109	0.41891	0.27424
0.088656	0.49669	0.26521
0.25517	0.1213	-0.1889
0.30232	0.034632	-0.21392
0.034785	0.3873	-0.12248
0.2685	0.30948	0.37615
0.21433	0.36929	0.40714
0.2407	0.13382	-0.1593
0.26812	0.30749	0.34926
-0.0049398	0.47382	0.083112
0.090607	0.32587	-0.090363
0.064532	0.35684	-0.12112
0.23998	0.13888	-0.12078
0.28277	0.069631	-0.21655
0.098894	0.34457	-0.04821
0.10707	0.3312	0.029369
0.25115	0.31771	0.35151
0.10895	0.32477	-0.01742
0.36852	0.01965	-0.089709
0.092618	0.40718	0.033222
0.040156	0.33789	-0.15479
0.014879	0.49309	0.069256
0.024284	0.48301	0.17285
0.23199	0.3279	0.40091
0.26201	0.12518	-0.049946
0.038149	0.48963	0.21541
0.13436	0.35899	0.16765
-0.0079158	0.43199	-0.062444
0.1331	0.40351	0.26271
0.29125	0.29618	0.34352
0.10336	0.36813	0.079242
0.073854	0.33057	-0.11285
0.0026082	0.38362	-0.14501
0.094144	0.36561	0.029865
-0.01828	0.45382	0.00097178
0.06211	0.47532	0.24898
0.31421	0.0044471	-0.20023
0.11777	0.3577	0.18086
0.27015	0.065004	-0.21461
0.15762	0.36002	0.21758
-0.019601	0.46174	0.02805
0.13636	0.38942	0.23967
0.23813	0.10494	-0.18876
0.21384	0.10204	-0.16587
0.2336	0.096117	-0.048689
0.32971	-0.00076288	-0.1814
0.25139	0.052268	-0.21652
0.23811	0.3003	0.38376
0.24699	0.090827	-0.039527
0.21643	0.32778	0.35446
0.30744	0.060273	-0.028387
0.064145	0.30528	-0.10276
0.19628	0.35535	0.35791
0.23001	0.30942	0.36009
0.093945	0.30457	-0.068529
0.10843	0.31456	0.01468
0.063164	0.33829	-0.12975
0.094795	0.34721	0.088889
0.34074	0.018706	-0.049802
-0.013178	0.45208	0.10787
0.22078	0.11478	-0.085556
0.00045037	0.33804	-0.17385
0.13669	0.36922	0.22409
0.085776	0.33182	0.06779
0.10452	0.29129	-0.021242
-0.031866	0.4161	-0.088783
0.094283	0.3424	0.10854
0.10828	0.3488	0.14127
0.21226	0.11434	-0.13062
0.2815	0.015324	-0.22082
0.28178	0.093023	-0.03375
0.019921	0.46687	0.17813
0.33616	-0.015256	-0.1557
0.088896	0.41733	0.24963
0.10068	0.36434	0.1975
-0.024399	0.35282	-0.17142
0.044697	0.30953	-0.1425
0.085781	0.39545	0.21974
0.013313	0.46213	0.14451
0.33847	-0.019671	-0.12404
0.065034	0.44987	0.25024
0.031195	0.45704	0.21591
0.22009	0.31096	0.38538
0.086979	0.2786	-0.039521
0.21974	0.08352	-0.19642
0.013269	0.43586	0.16031
-0.042707	0.38976	-0.12847
0.30245	-0.02154	-0.21119
0.3365	-0.0056311	-0.064914
0.096902	0.31346	0.053705
0.046569	0.40235	0.20157
0.069748	0.28564	-0.067062
0.27509	-0.00066973	-0.22893
0.044386	0.4247	0.21941
0.30762	-0.058385	-0.21708
0.050608	0.2851	-0.11671
0.31098	0.025883	-0.027387
-0.039038	0.44017	0.013714
0.25996	0.070355	-0.031512
0.084708	0.31998	0.09838
0.32312	-0.046449	-0.17671
0.24105	0.022736	-0.23182
0.19775	0.10647	-0.1466
0.084429	0.26563	0.002153
-0.049641	0.41656	0.043308
-0.045863	0.42413	-0.054454
-0.047796	0.36252	-0.15912
0.076238	0.33659	0.12383
0.19696	0.08822	-0.19244
0.20867	0.053741	-0.22356
0.077373	0.35165	0.17147
0.31931	-0.0087698	-0.04403
0.010336	0.31114	-0.17522
0.02531	0.41293	0.18519
0.32225	-0.068013	-0.10107
0.23738	0.0077987	-0.25333
0.067251	0.36003	0.17874
-0.04231	0.29909	-0.1935
0.079412	0.25355	-0.039227
0.049501	0.38131	0.18664
0.2718	-0.031893	-0.25055
-0.07619	0.3877	-0.095161
0.070053	0.23599	-0.07274
0.19595	0.10891	-0.10137
-0.06506	0.37317	-0.13779
0.33278	-0.053856	-0.12722
0.0080741	0.41093	0.14833
0.17574	0.098813	-0.18668
0.082721	0.28776	0.056295
-0.062253	0.41252	-0.057398
0.17338	0.10958	-0.15316
0.035472	0.24529	-0.12037
0.22681	0.0029408	-0.27949
0.25036	-0.039552	-0.28558
0.058223	0.23159	-0.099523
0.14006	0.105	-0.22961
0.33339	-0.076872	-0.11938
0.072434	0.25144	-0.053945
0.17268	0.07199	-0.23664
0.14152	0.11818	-0.18941
0.20606	0.031131	-0.25303
0.06397	0.30819	0.11177
0.31483	-0.033585	-0.048321
0.32075	-0.046357	-0.070991
-0.04561	0.33189	-0.18331
0.049272	0.34217	0.1366
0.21151	0.082865	-0.039328
0.29128	-0.079218	-0.25996
0.18068	0.049883	-0.26657
0.3244	-0.1054	-0.17801
0.15089	0.087015	-0.24914
0.016348	0.27404	-0.15066
0.19842	0.097491	-0.065
0.27061	0.024377	-0.011944
0.21947	-0.025737	-0.30679
0.19267	0.021919	-0.28345
0.19677	-0.0017245	-0.30533
0.1074	0.1159	-0.24966
0.026317	0.36917	0.15025
-0.019352	0.28324	-0.18647
-0.073096	0.40627	-0.03194
0.16995	0.11048	-0.08858
-0.001693	0.38285	0.1286
-0.0027503	0.27715	-0.17182
0.14303	0.1178	-0.13391
0.06254	0.2334	-0.083198
0.23304	0.063904	-0.02524
0.061299	0.22683	-0.039943
0.2671	-0.077827	-0.28488
0.31726	-0.13639	-0.22896
0.1633	0.032346	-0.30153
0.24352	-0.058541	-0.30511
-0.030644	0.37988	0.098564
0.33647	-0.090241	-0.10527
0.017818	0.35161	0.13117
0.069451	0.23818	-0.012555
0.066774	0.30826	0.087278
0.29539	-0.11256	-0.26792
0.11121	0.12323	-0.20396
0.26314	-0.11714	-0.30495
0.0029277	0.33475	0.1137
0.21012	0.075429	-0.023261
0.31709	-0.04963	-0.021606
0.023368	0.23972	-0.13508
0.1868	-0.022233	-0.32503
0.303	-0.020779	-0.030277
0.061617	0.24772	0.019546
0.32355	-0.064616	-0.05855
0.24074	0.028033	-0.0027546
0.14054	0.12265	-0.084827
0.049637	0.21718	-0.074444
0.087382	0.13826	-0.1708
0.3251	-0.10258	-0.14967
-0.073228	0.30082	-0.19718
0.15676	0.11172	-0.059973
0.043594	0.31484	0.12203
0.037009	0.30966	0.10483
0.10957	0.090607	-0.26957
0.13817	0.032656	-0.31205
0.061099	0.28267	0.076867
0.22799	0.049051	-0.0091562
0.17852	0.10317	-0.027934
-0.040876	0.4068	0.07922
0.032485	0.22675	-0.099628
0.11059	0.078058	-0.28274
0.080124	0.099362	-0.2755
-0.10979	0.34736	-0.12434
0.24218	-0.10779	-0.32278
0.25547	0.00015201	0.0030183
0.28284	0.0016426	-0.016028
0.093762	0.11631	-0.23369
0.097729	0.13816	-0.14306
-0.066306	0.41404	-0.012097
0.30231	-0.042794	0.0036219
0.31957	-0.085558	-0.078471
0.33621	-0.10588	-0.094378
0.32461	-0.12953	-0.15794
-0.083762	0.38376	-0.019166
0.084731	0.13052	-0.20459
-0.012133	0.25211	-0.19358
-0.093756	0.3356	-0.17202
-0.10978	0.36709	-0.055829
0.11745	0.13399	-0.091872
-0.021243	0.34766	0.10591
0.023955	0.29101	0.098494
0.016195	0.21395	-0.17281
0.32056	-0.078015	-0.027155
0.056998	0.17346	-0.15999
-0.063148	0.38349	0.043982
0.065221	0.14855	-0.19498
0.32633	-0.16254	-0.18735
0.32046	-0.090604	-0.046791
0.31465	-0.10008	-0.069553
0.28479	-0.14395	-0.28616
0.033659	0.20272	-0.14823
0.075846	0.15354	-0.13491
0.10361	0.1357	-0.11124
0.067697	0.102	-0.27209
0.1548	0.1042	-0.010366
0.33627	-0.12278	-0.069024
0.17654	0.08758	0.011028
0.10963	0.1252	-0.054509
0.34148	-0.13317	-0.078152
0.038771	0.1978	-0.14266
0.060726	0.11817	-0.23306
0.091646	0.034363	-0.3197
0.21536	-0.062755	-0.32597
0.29984	-0.17517	-0.26568
0.28247	-0.016961	-0.0025261
-0.064346	0.36275	0.04963
0.25048	-0.029382	0.012481
-0.077466	0.37794	0.015673
0.091186	0.13538	-0.093133
0.025891	0.18656	-0.18494
0.040866	0.21971	-0.012967
0.22192	0.027922	0.021394
-0.038313	0.24364	-0.21187
0.12286	0.12206	-0.037331
-0.068704	0.27139	-0.21304
0.035582	0.20615	-0.070588
0.053744	0.16822	-0.11509
0.0014986	0.18921	-0.20379
0.31972	-0.14179	-0.044548
0.11503	0.10987	0.012312
0.31864	-0.19015	-0.22201
0.04489	0.17504	-0.086102
0.34492	-0.16352	-0.062264
-0.13311	0.34431	-0.082245
-0.10197	0.29714	-0.19888
0.20434	-0.096017	-0.34218
0.018789	0.26758	0.080628
0.31908	-0.1073	0.02298
0.016337	0.12481	-0.25417
0.32812	-0.15753	-0.11543
0.042959	0.097875	-0.25822
0.053473	0.15667	-0.070058
-0.10373	0.34729	0.0070734
-0.11865	0.3588	-0.039711
-0.064431	0.34031	0.061329
0.026201	0.20214	-0.053862
0.30646	-0.086424	0.02654
-0.055983	0.23387	-0.21786
0.02338	0.22796	0.018471
0.078514	0.13663	-0.057402
-0.015968	0.31223	0.096007
0.14276	0.075239	0.047051
-0.022902	0.16309	-0.24241
0.0030945	0.25194	0.058948
0.32817	-0.2123	-0.18058
0.10019	0.11672	-0.0030317
0.14974	-0.07361	-0.35817
-0.14631	0.29141	-0.17431
-0.13643	0.32157	-0.12442
0.26885	-0.061741	0.011089
0.26627	-0.18679	-0.30545
0.32669	-0.19951	-0.1516
0.013721	0.2017	-0.031681
0.3218	-0.12445	-0.0097778
0.029597	0.24934	0.053736
-0.023002	0.27168	0.069534
0.32756	-0.18304	-0.11078
0.34593	-0.18115	-0.047399
0.22183	-0.15965	-0.33859
-0.13571	0.31184	-0.15675
0.29275	-0.21755	-0.25508
0.1752	0.058393	0.041614
0.13464	0.088209	0.032398
0.32192	-0.20891	-0.21217
0.030381	0.16812	-0.041353
0.044743	0.067179	-0.30096
0.23789	-0.1987	-0.32755
0.074932	0.12084	-0.014611
-0.047237	0.27979	0.06176
0.20096	0.00047706	0.046871
0.018908	0.078229	-0.27623
0.34892	-0.19904	-0.055649
-0.029833	0.19384	-0.21781
-0.11537	0.25393	-0.21342
0.41768	-0.20239	0.083357
0.27316	-0.21696	-0.28655
0.43346	-0.23917	0.10546
0.17919	-0.13055	-0.35823
0.43599	-0.24317	0.12374
0.12309	-0.019031	-0.34156
0.45502	-0.26222	0.13393
0.045677	0.14335	-0.032374
0.39321	-0.19157	0.070568
-0.090068	0.20371	-0.22519
-0.004708	0.21128	-0.0010173
0.31962	-0.12811	0.058138
-0.061553	0.31923	0.064908
0.39411	-0.20628	0.062795
0.30781	-0.11131	0.050098
0.26814	-0.086138	0.026701
0.30299	-0.23156	-0.23589
0.40182	-0.2246	0.063528
-0.014229	0.098907	-0.27872
0.41813	-0.20723	0.091628
0.32569	-0.16012	0.0020846
0.2315	-0.17753	-0.33044
-0.0082281	0.23184	0.038077
-0.12671	0.28132	-0.19752
0.32704	-0.23033	-0.12177
0.43738	-0.28632	0.11486
-0.00097832	0.067956	-0.28253
0.34078	-0.2084	-0.089568
0.36376	-0.18224	0.085801
0.34916	-0.17938	0.067799
0.34854	-0.22743	-0.057424
-0.105	0.31868	0.02698
-0.14073	0.33167	-0.052512
0.20844	-0.026705	0.047553
0.40813	-0.22147	0.10666
-0.12424	0.33844	-0.01832
0.32474	-0.18098	-0.0050941
0.047459	0.025775	-0.32575
0.29744	-0.11294	0.080563
0.09474	-0.04821	-0.35552
0.10323	0.090274	0.036804
-0.035731	0.16164	-0.2502
0.44498	-0.28273	0.14108
-0.00986	0.1995	-0.0049786
0.21178	-0.047551	0.039523
0.23896	-0.085745	0.045831
0.30987	-0.25503	-0.20679
0.30892	-0.11759	0.09981
0.28737	-0.11958	0.059969
0.32109	-0.24609	-0.18324
-0.127	0.31411	0.0048245
-0.050794	0.14471	-0.26245
0.34786	-0.21552	-0.041232
0.13904	-0.1106	-0.3665
-0.13456	0.30564	-0.019076
0.3614	-0.19873	0.10556
0.32824	-0.1937	-0.024507
0.3479	-0.19505	0.046944
0.33475	-0.16832	0.040127
-0.059951	0.25272	0.031152
0.33865	-0.16109	0.091653
0.17956	-0.17848	-0.35491
0.29088	-0.098983	0.10792
0.14096	0.046846	0.064975
-0.075361	0.27189	0.03285
0.021258	0.13192	0.0060581
0.016444	0.022953	-0.3227
0.33709	-0.25409	-0.07996
0.080441	-0.077129	-0.36451
0.015212	0.14738	-0.0052876
0.25878	-0.25169	-0.28048
0.29505	-0.10132	0.13252
0.0028174	0.061529	-0.28642
-0.032894	0.21357	0.0018486
0.33833	-0.22473	0.023331
0.43662	-0.27117	0.15842
0.347	-0.17782	0.11308
-0.079761	0.18061	-0.23767
-0.17093	0.27735	-0.1376
0.41107	-0.25593	0.077903
0.10408	0.050731	0.070038
0.27775	-0.096428	0.12853
0.048074	-0.024128	-0.34597
0.32873	-0.23011	-0.011536
0.048203	0.11175	0.024133
0.37312	-0.21532	0.14215
0.19549	-0.18973	-0.34966
0.32565	-0.25683	-0.13523
0.17015	-0.015759	0.059888
0.36164	-0.22444	0.043803
0.14451	-0.18865	-0.35985
0.4042	-0.2467	0.13967
0.23972	-0.23066	-0.31293
-0.12035	0.20386	-0.22023
0.40773	-0.26974	0.084731
-0.15611	0.30181	-0.094085
0.067956	0.10217	0.016398
0.34685	-0.25608	-0.043861
-0.068083	0.23114	0.0065643
0.25096	-0.10768	0.06844
-0.043476	0.095968	-0.28003
0.12953	-0.16369	-0.36889
0.36961	-0.21423	0.12733
-0.058622	0.21943	0.006291
-0.030135	0.18551	0.011345
-0.15313	0.27807	-0.041183
0.35087	-0.19707	0.13589
-0.15184	0.26912	-0.18546
0.39304	-0.23995	0.15316
0.15018	0.015277	0.068875
0.35764	-0.24546	0.043198
-0.10661	0.2532	-0.0078578
0.29089	-0.27896	-0.22438
0.40999	-0.25234	0.15366
-0.12426	0.28409	-0.011957
0.32412	-0.15752	0.1463
-0.011692	0.15627	0.017579
0.33067	-0.24385	0.013103
0.20787	-0.081656	0.062358
0.27389	-0.097326	0.14795
0.29651	-0.12322	0.1629
-0.0079222	0.022139	-0.30266
0.18041	-0.051819	0.054372
-0.035594	0.06871	-0.29081
0.088408	-0.11033	-0.36959
-0.15558	0.22453	-0.20593
0.010632	-0.025453	-0.34006
0.065969	0.06992	0.039856
0.33402	-0.27863	-0.066108
0.41989	-0.28923	0.13255
-0.12583	0.26982	-0.021545
0.2718	-0.092803	0.18039
0.26382	-0.10735	0.10802
0.24496	-0.096867	0.13481
0.36981	-0.26198	0.067354
0.33157	-0.28536	-0.028017
0.016883	0.12432	0.027983
0.31174	-0.29614	-0.12337
-0.1031	0.23539	-0.0024971
0.20218	-0.21337	-0.33852
-0.039447	0.039474	-0.28442
0.19591	-0.25025	-0.33333
0.26648	-0.071465	0.24613
0.27759	-0.096487	0.23134
0.28075	-0.10575	0.17602
-0.009798	0.14157	0.031237
0.24948	-0.074959	0.21098
0.34511	-0.25204	0.044507
0.23199	-0.098862	0.075357
0.39259	-0.27997	0.096701
0.32506	-0.25528	-0.0096259
0.30607	-0.13998	0.18989
-0.073966	0.099702	-0.27124
0.10703	0.029871	0.079116
0.11799	-0.0028935	0.077174
0.32597	-0.16785	0.14705
0.27583	-0.078608	0.28671
0.21054	-0.27004	-0.31446
0.28064	-0.12097	0.20035
0.38301	-0.25615	0.14814
-0.16824	0.27347	-0.069265
0.33686	-0.2135	0.13563
0.33816	-0.19712	0.14512
0.35661	-0.23568	0.12806
0.18762	-0.080676	0.072823
-0.17297	0.2427	-0.17289
-0.12623	0.16313	-0.23632
0.39565	-0.27544	0.14118
-0.085067	0.2086	0.022339
-0.17406	0.23442	-0.18789
0.090826	0.045014	0.071771
0.35914	-0.25762	0.086395
0.2568	-0.068628	0.30474
-0.21427	0.19986	-0.37408
0.33752	-0.25807	0.06632
-0.20535	0.17794	-0.38867
0.23692	-0.29718	-0.26959
0.37818	-0.27447	0.12029
-0.0069629	-0.0071756	-0.31398
0.038864	0.087154	0.049249
0.011172	0.10025	0.046746
-0.065838	0.076335	-0.28369
0.31567	-0.15538	0.19717
0.33966	-0.22913	0.12346
-0.22553	0.19181	-0.38874
0.2227	-0.072955	0.22095
0.3018	-0.30998	-0.1477
0.21157	-0.067025	0.19404
0.34419	-0.2515	0.088084
0.041023	-0.084486	-0.36088
-0.24458	0.21359	-0.37435
0.33074	-0.2619	0.0462
-0.22997	0.22318	-0.3506
0.0079191	-0.052974	-0.34604
-0.088783	0.13172	-0.26168
0.19792	-0.090954	0.096328
0.28656	-0.15637	0.21996
0.23637	-0.065004	0.25458
0.30929	-0.29931	-0.00032887
-0.25533	0.24799	-0.32559
-0.12182	0.22979	0.0019974
0.14549	-0.04011	0.058951
0.2909	-0.17844	0.20485
0.30888	-0.18164	0.17976
-0.17348	0.22126	-0.2098
-0.18532	0.24379	-0.1114
-0.17782	0.1929	-0.22896
-0.22052	0.21383	-0.33982
0.055997	0.029134	0.057416
-0.23217	0.25109	-0.28758
0.27991	-0.13829	0.21928
-0.22657	0.23134	-0.30032
-0.040125	0.15055	0.047016
-0.23444	0.25498	-0.2664
0.26675	-0.12757	0.25087
-0.10475	0.20242	0.038387
-0.21958	0.23569	-0.26472
-0.12912	0.11004	-0.25204
-0.1622	0.26167	-0.040113
-0.060683	0.051612	-0.27886
-0.19846	0.23811	-0.20427
0.33265	-0.2518	0.095927
0.3243	-0.3136	-0.028065
-0.19405	0.22471	-0.22324
0.15517	-0.22502	-0.35423
-0.24132	0.25552	-0.30324
-0.00041519	-0.054748	-0.32348
0.22177	-0.061518	0.27156
-0.19055	0.23102	-0.13518
0.23338	-0.063595	0.28895
0.2494	-0.078007	0.324
0.21942	-0.07209	0.24743
-0.23317	0.25744	-0.24091
0.26014	-0.10949	0.32676
0.30015	-0.20798	0.18538
0.095215	-0.00075585	0.0815
0.32139	-0.27033	0.026802
-0.26637	0.25808	-0.28921
0.20578	-0.065953	0.2211
0.20276	-0.081762	0.15545
-0.19453	0.22876	-0.15885
0.066332	-0.15362	-0.36653
0.18286	-0.06066	0.20939
-0.15137	0.18491	-0.22478
-0.20601	0.21792	-0.24247
-0.14523	0.22633	-0.0017029
-0.023855	0.12734	0.04808
0.31649	-0.23824	0.14644
0.30612	-0.22325	0.16827
0.070482	0.016628	0.07736
0.11238	-0.19558	-0.36237
0.27834	-0.32659	-0.18121
-0.21704	0.18366	-0.36087
0.1037	-0.028779	0.069879
-0.045277	-0.022684	-0.30258
0.31091	-0.31759	-0.056149
-0.15093	0.1278	-0.23688
0.25731	-0.12908	0.31892
-0.23057	0.20321	-0.30712
0.15058	-0.079496	0.089751
-0.16226	0.22652	-0.019368
0.1759	-0.085261	0.13667
0.2367	-0.096275	0.33332
-0.10935	0.085803	-0.26428
0.26023	-0.31802	-0.2228
-0.23334	0.17154	-0.37169
0.15415	-0.091444	0.10979
0.011205	-0.12302	-0.35461
-0.27877	0.23105	-0.34244
-0.22026	0.17185	-0.3703
0.20588	-0.069575	0.26189
0.26447	-0.13745	0.26891
-0.17867	0.21721	-0.051278
0.3025	-0.26267	0.1388
-0.0032421	-0.093012	-0.35026
0.31646	-0.28057	0.086583
-0.21698	0.22504	-0.16888
-0.25982	0.19972	-0.3696
-0.25896	0.25744	-0.24774
-0.098332	0.062507	-0.2659
0.14683	-0.26438	-0.33834
0.01389	0.052167	0.067688
-0.23137	0.20479	-0.27315
0.10384	-0.046054	0.072744
0.26486	-0.149	0.25043
0.18167	-0.067562	0.24036
-0.17331	0.15336	-0.22854
-0.11705	0.063089	-0.26637
0.20461	-0.085885	0.31018
0.067927	-0.0162	0.074511
0.091071	-0.18271	-0.36668
-0.077615	0.14113	0.058953
0.15956	-0.3056	-0.31009
-0.25932	0.25137	-0.22295
0.20989	-0.30375	-0.28569
-0.14914	0.21677	0.025825
-0.084913	-0.00080528	-0.28131
-0.18558	0.20676	-0.082731
-0.2149	0.19446	-0.248
-0.22112	0.24228	-0.20273
0.052047	0.0048671	0.070266
0.27419	-0.33919	-0.15211
-0.28331	0.25052	-0.30493
-0.17469	0.22509	0.0051404
0.11721	-0.07342	0.084854
0.23232	-0.13077	0.34216
-0.0080961	-0.078583	-0.33135
0.18191	-0.084075	0.2665
-0.064394	0.12739	0.063095
0.30326	-0.30576	0.048302
0.31697	-0.26686	0.11597
-0.2081	0.20988	-0.13774
-0.14796	0.19767	0.039659
-0.015537	0.064007	0.061428
-0.18762	0.2211	-0.015224
-0.24864	0.1846	-0.29316
0.047581	-0.15995	-0.35932
0.16	-0.078128	0.19707
-0.23655	0.18584	-0.26101
0.069679	-0.19717	-0.36037
0.24591	-0.15479	0.27978
-0.025147	-0.061671	-0.31681
-0.2801	0.24552	-0.24336
0.22837	-0.34695	-0.2171
0.28876	-0.23231	0.18553
-0.10616	0.15176	0.06012
0.2983	-0.34291	-0.020773
0.16604	-0.080721	0.17338
0.26524	-0.18729	0.22999
-0.11731	0.17827	0.056592
-0.038749	0.099925	0.058841
-0.26991	0.18969	-0.35299
-0.2957	0.22799	-0.29935
-0.2392	0.2197	-0.18501
0.19699	-0.33117	-0.26406
0.2094	-0.34534	-0.23038
0.29202	-0.34253	-0.0031901
-0.26487	0.18266	-0.2852
-0.20533	0.16181	-0.23173
0.025839	-0.0013719	0.06715
0.14803	-0.10027	0.13797
-0.19068	0.10036	-0.21966
-0.027396	-0.078189	-0.32675
0.24249	-0.173	0.25505
0.28808	-0.34144	-0.052982
0.13362	-0.1089	0.12146
0.087083	-0.22219	-0.35477
0.14847	-0.081482	0.23159
0.29492	-0.3073	0.098571
0.12412	-0.10466	0.10816
-0.20612	0.19516	-0.11227
0.24551	-0.19515	0.23906
0.21594	-0.10822	0.34083
0.10929	-0.25689	-0.34567
-0.073307	0.078743	0.062036
0.026274	-0.17106	-0.35604
0.071245	-0.080122	0.077551
-0.27314	0.18808	-0.32332
-0.20463	0.13877	-0.21915
0.044347	-0.01728	0.078648
-0.26189	0.22788	-0.20851
-0.072098	-0.046637	-0.29732
0.29032	-0.29957	0.12437
0.22815	-0.14694	0.32102
0.26616	-0.29769	0.16505
-0.2912	0.23916	-0.27098
0.28986	-0.3234	0.014985
-0.20536	0.19676	-0.071058
-0.14934	0.17541	0.049642
-0.23147	0.18049	-0.15415
0.24891	-0.35048	-0.188
-0.23959	0.17366	-0.24034
-0.16512	0.069448	-0.24023
-0.11163	0.010417	-0.27325
-0.013896	0.026163	0.071756
0.058165	-0.034091	0.081188
-0.052451	-0.088752	-0.32474
0.16991	-0.096397	0.2624
-0.29297	0.20466	-0.30725
0.13932	-0.11546	0.14753
0.10274	-0.10263	0.093828
0.26157	-0.21552	0.213
0.27319	-0.33277	0.07006
-0.047051	0.062006	0.06378
0.17892	-0.11014	0.30533
-0.1733	0.20775	0.024908
0.28294	-0.327	0.077192
-0.28253	0.18993	-0.30583
0.27519	-0.35522	-0.024955
-0.22295	0.18156	-0.12196
0.26074	-0.24354	0.20424
0.072565	-0.25231	-0.33902
0.16519	-0.12406	0.27743
-0.0066183	-0.01007	0.06419
-0.14739	0.047254	-0.24881
0.1453	-0.10845	0.19152
0.14437	-0.3252	-0.29571
0.22693	-0.16746	0.27176
-0.28358	0.20929	-0.23671
-0.16497	0.16898	0.038651
-0.18883	0.19605	0.01478
0.074498	-0.13268	0.089177
0.19882	-0.19523	0.23424
-0.2643	0.17996	-0.23969
0.22726	-0.36685	-0.1776
-0.12905	0.13207	0.055975
0.042778	-0.24906	-0.33741
-0.21106	0.20193	-0.0062932
-0.24917	0.18297	-0.089927
0.14587	-0.096182	0.2326
-0.2399	0.1594	-0.20363
0.22469	-0.18948	0.2426
0.011243	-0.02747	0.10054
0.25471	-0.35918	-0.14198
0.016936	-0.030985	0.10677
0.28168	-0.33757	0.092562
-0.28695	0.1986	-0.25101
0.24489	-0.24734	0.21075
0.2418	-0.29683	0.18118
-0.039686	-0.12977	-0.33531
-0.20874	0.18795	0.011173
-0.24445	0.17526	-0.18106
0.3121	-0.32289	0.16111
-0.0061534	-0.15623	-0.34955
-0.22582	0.13181	-0.19877
0.1037	-0.15554	0.10638
0.14277	-0.13132	0.1978
0.18056	-0.13778	0.31397
0.3038	-0.31979	0.19566
0.26658	-0.33641	0.024825
0.19843	-0.15185	0.32246
0.19248	-0.1749	0.28462
0.28871	-0.32324	0.11856
0.29862	-0.31715	0.16556
0.30265	-0.34871	0.13044
0.13594	-0.15058	0.1495
0.33032	-0.3504	0.183
0.14178	-0.11621	0.22704
-0.23734	0.14656	-0.18292
0.28819	-0.31861	0.13673
0.329	-0.36107	0.17057
0.24354	-0.23005	0.23575
0.30775	-0.33255	0.21677
0.15821	-0.14116	0.24633
-0.23472	0.16743	-0.14635
0.033291	-0.056795	0.10852
-0.23181	0.18982	-0.04475
-0.095218	-0.036278	-0.27906
-0.17186	0.14905	0.040112
-0.18904	0.067119	-0.22092
-0.23958	0.14931	-0.1658
0.10466	-0.30433	-0.31355
-0.11069	-0.04326	-0.26175
-0.13965	0.0012761	-0.25078
0.23099	-0.22319	0.24106
-0.24436	0.18168	-0.10856
-0.067954	0.028165	0.056149
-0.0539	0.023278	0.064199
0.23059	-0.24302	0.23271
0.25513	-0.35942	-0.10572
0.22478	-0.37771	-0.13421
0.27182	-0.30623	0.16733
-0.23278	0.20167	-0.017888
0.069116	-0.1088	0.086946
-0.10128	-0.097934	-0.29687
-0.247	0.15743	-0.14768
0.01211	-0.21994	-0.34067
0.3263	-0.3697	0.19179
0.14603	-0.16868	0.18966
0.12622	-0.16092	0.12977
0.30114	-0.38074	0.13891
0.26005	-0.36647	0.0063171
0.18338	-0.18553	0.25534
0.16931	-0.14885	0.29006
0.30608	-0.34165	0.22055
0.28742	-0.359	0.11159
-0.10735	0.045119	0.046803
0.25443	-0.36724	-0.030153
0.28232	-0.32027	0.19735
0.2371	-0.34101	0.037996
0.18233	-0.16307	0.29808
0.15192	-0.17165	0.21335
0.15864	-0.16985	0.23718
0.19732	-0.3693	-0.20014
-0.22683	0.096934	-0.19667
0.069786	-0.28371	-0.32394
-0.2164	0.16424	0.025803
0.05753	-0.13987	0.10656
-0.15691	-0.015681	-0.22825
0.17519	-0.20668	0.22162
0.16931	-0.17786	0.26054
0.22286	-0.37458	-0.080419
0.13546	-0.34604	-0.266
0.25111	-0.33838	0.062459
-0.14991	0.10912	0.047558
-0.13104	-0.056661	-0.23329
0.06557	-0.16177	0.095975
0.25517	-0.31315	0.17706
0.16186	-0.18971	0.22867
0.30427	-0.40336	0.17359
-0.06232	-0.015098	0.056247
-0.282	0.17969	-0.051125
0.15477	-0.36289	-0.22901
0.18716	-0.38329	-0.17138
-0.27523	0.15094	-0.14434
0.25839	-0.36176	0.09678
-0.28077	0.18398	-0.027787
0.0091147	-0.072153	0.11932
-0.055639	-0.16523	-0.32228
0.21824	-0.26811	0.19764
-0.15397	-0.034333	-0.22783
0.035654	-0.28117	-0.31038
0.039893	-0.10986	0.10823
-0.2887	0.16484	-0.12791
-0.25348	0.11866	-0.17417
0.22365	-0.37515	-0.051319
-0.19683	0.036852	-0.21101
-0.22477	0.066146	-0.1913
-0.036116	-0.010762	0.062769
-0.0104	-0.033077	0.094807
0.19631	-0.24793	0.20635
-0.21566	0.13675	0.03531
0.27067	-0.37322	0.18294
0.089077	-0.33406	-0.28183
0.22622	-0.34428	0.030806
-0.023578	-0.19487	-0.3306
-0.12964	-0.078435	-0.23804
-0.29471	0.17547	-0.10113
0.21543	-0.35717	0.026154
-0.18346	-0.0018051	-0.20843
0.24216	-0.37085	-0.0013801
0.23703	-0.3451	0.083725
0.27724	-0.38634	0.14152
-0.21212	0.036743	-0.19202
0.2409	-0.32324	0.1598
0.12806	-0.22799	0.13037
0.15362	-0.20073	0.21071
0.14096	-0.21697	0.14573
-0.27673	0.17043	-0.00067918
-0.078711	-0.12009	-0.31074
-0.09307	-0.025812	0.04088
0.18155	-0.38826	-0.11477
0.2198	-0.33376	0.061003
0.15189	-0.22431	0.20536
0.086783	-0.18761	0.10132
-0.014321	-0.23068	-0.32192
-0.18378	0.097485	0.047191
0.21252	-0.32742	0.14821
-0.10954	0.0063049	0.03226
0.14155	-0.22517	0.18913
0.21246	-0.30078	0.16713
0.018774	-0.27411	-0.31375
-0.054957	-0.041657	0.082427
0.10065	-0.20484	0.10769
0.15291	-0.38489	-0.18208
-0.13836	0.05699	0.045914
0.15872	-0.25625	0.18773
0.28796	-0.41001	0.16753
-0.028598	-0.063851	0.11471
0.18697	-0.34258	0.032285
0.20602	-0.32488	0.10493
0.19115	-0.37651	-0.023554
0.31182	-0.36668	0.21889
0.21932	-0.3464	0.13219
-0.27025	0.11596	-0.16844
-0.14469	-0.069592	-0.20235
0.11448	-0.36257	-0.24051
-0.3138	0.17508	-0.10636
0.25545	-0.38814	0.17034
0.22797	-0.34751	0.1554
-0.099786	-0.14612	-0.29353
-0.2629	0.088117	-0.17488
0.20992	-0.32816	0.13212
-0.31326	0.13389	-0.16907
0.29997	-0.39685	0.19865
0.19978	-0.31285	0.13595
0.155	-0.39447	-0.14622
-0.20288	-0.0031357	-0.17945
0.20682	-0.37326	0.011104
0.17411	-0.37398	-0.063734
-0.35152	0.16886	-0.074284
0.23603	-0.36248	0.12768
0.0011564	-0.10868	0.12351
0.052949	-0.31095	-0.29495
-0.19975	0.080908	0.042776
-0.14027	-0.11819	-0.25063
-0.26559	0.14507	0.023672
0.070649	-0.3482	-0.2497
-0.03268	-0.238	-0.31269
-0.060535	-0.1962	-0.3147
-0.16115	0.032113	0.029813
-0.28353	0.1857	-0.041019
-0.12793	-0.011335	0.014568
-0.33222	0.17156	-0.054343
0.17743	-0.30009	0.14978
-0.026799	-0.093843	0.12261
0.13793	-0.27488	0.1487
0.04823	-0.18273	0.10068
-0.12744	-0.1047	-0.27143
-0.27123	0.068287	-0.17343
0.18226	-0.37055	0.0066341
0.035607	-0.1663	0.11907
-0.17013	-0.048788	-0.18099
-0.31617	0.17195	-0.0041958
-0.31914	0.18422	-0.03463
0.16597	-0.31296	0.10993
0.02871	-0.13869	0.12161
0.14618	-0.38473	-0.093262
-0.075685	-0.036762	0.061815
-0.25521	0.053533	-0.17133
0.17322	-0.36248	0.023605
0.12901	-0.25583	0.14544
0.141	-0.29337	0.12866
-0.24071	0.0209	-0.15455
0.27716	-0.40064	0.17626
0.16247	-0.33605	0.040036
-0.14659	-0.10888	-0.233
-0.28082	0.074165	-0.18036
-0.23444	0.095838	0.041879
-0.038058	-0.27003	-0.28785
0.098538	-0.37384	-0.19839
-0.2787	0.11938	0.033786
0.13527	-0.32472	0.06144
-0.36419	0.16074	-0.13633
-0.14143	-0.096571	-0.2078
-0.085967	-0.21306	-0.28722
-0.19964	-0.024537	-0.15783
-0.34703	0.14392	-0.15931
0.14363	-0.36576	-0.015874
0.1223	-0.39528	-0.13665
-0.37919	0.16028	-0.11285
-0.16603	-0.0075777	-0.0019297
0.052327	-0.20676	0.10321
-0.061154	-0.23561	-0.29752
-0.052622	-0.085265	0.10915
-0.3027	0.1434	0.024727
0.1041	-0.26329	0.12341
0.13398	-0.37328	-0.073234
-0.11229	-0.055614	0.022195
-0.21974	0.0038075	-0.15841
-0.19348	0.011807	0.010504
0.14285	-0.36509	-0.041059
-0.14685	-0.026242	-0.0073135
-0.15555	-0.079927	-0.15299
0.071255	-0.23534	0.099903
0.046331	-0.35451	-0.22591
-0.017964	-0.14475	0.11966
-0.19203	-0.042521	-0.1153
0.12924	-0.31146	0.085111
-0.32793	0.090096	-0.18089
-0.23065	-0.0045746	-0.1319
0.10939	-0.28724	0.11364
-0.13872	-0.059855	-0.0067652
-0.36643	0.17617	-0.015354
-0.23464	0.067483	0.040525
0.12554	-0.33898	0.037021
0.012523	-0.17884	0.11768
-0.11494	-0.16262	-0.27142
-0.28484	0.037518	-0.15964
0.020752	-0.20392	0.10224
-0.19593	0.047979	0.03243
0.050012	-0.23716	0.10196
0.12423	-0.35826	0.022542
-0.14326	-0.14773	-0.22235
-0.19734	-0.0010998	-0.0051274
-0.21878	0.038235	0.031608
-0.080782	-0.063936	0.07073
-0.29728	0.032304	-0.17037
-0.054607	-0.12575	0.11056
-0.15726	-0.076776	-0.10298
-0.28365	0.10084	0.036765
0.090965	-0.27192	0.11825
-0.095704	-0.091701	0.060453
0.1053	-0.30753	0.083536
-0.16331	-0.035186	-0.015828
-0.012858	-0.31958	-0.24915
-0.12418	-0.072171	0.020219
0.10574	-0.38652	-0.10627
-0.36175	0.14613	0.032824
-0.21406	-0.026805	-0.10502
-0.14726	-0.10661	-0.17678
-0.010045	-0.20861	0.11848
0.011572	-0.21891	0.10654
-0.075271	-0.095467	0.092101
-0.1118	-0.079801	0.042187
0.10945	-0.35956	-0.027865
-0.15129	-0.065942	-0.044836
-0.10519	-0.22039	-0.25494
0.097089	-0.38737	-0.14695
-0.38452	0.17183	-0.05462
-0.17032	-0.064245	-0.086625
-0.1651	-0.048113	-0.03244
0.065759	-0.37754	-0.17001
0.067065	-0.27326	0.11796
-0.19181	-0.038588	-0.067904
-0.15058	-0.11652	-0.13271
-0.14839	-0.095131	-0.083055
-0.13284	-0.20141	-0.20423
-0.017393	-0.32711	-0.23151
-0.21165	-0.01903	-0.039564
-0.13794	-0.077704	-0.017958
-0.083057	-0.26116	-0.2525
-0.053802	-0.18429	0.10132
0.065696	-0.2909	0.10584
-0.095881	-0.10829	0.066993
-0.157	-0.1323	-0.14949
0.02758	-0.35545	-0.21269
-0.023769	-0.1856	0.11699
0.086098	-0.33616	0.036608
-0.16057	-0.136	-0.19651
0.076499	-0.35586	0.021394
-0.39464	0.16803	-0.079976
-0.2783	0.017455	-0.14378
-0.40152	0.17879	-0.034637
-0.23502	-0.019882	-0.086116
-0.27766	0.072646	0.033137
0.075521	-0.38641	-0.11299
-0.24878	0.016004	0.0061809
-0.15167	-0.13386	-0.095055
-0.15216	-0.17602	-0.15597
0.077782	-0.36746	-0.068622
-0.13808	-0.10622	-0.017805
-0.29701	0.0075838	-0.14331
-0.26068	0.038334	0.023312
0.024692	-0.24749	0.1125
0.069957	-0.35886	-0.051802
-0.39925	0.15022	-0.13934
-0.36494	0.11245	-0.17144
0.072659	-0.36259	-0.012572
-0.33952	0.1154	0.047729
-0.23795	-0.018485	-0.053238
0.013256	-0.35912	-0.18664
-0.08117	-0.27507	-0.24514
-0.082583	-0.12729	0.083607
-0.11899	-0.12154	0.029369
-0.017107	-0.22883	0.11146
-0.32929	0.097844	0.048249
-0.40072	0.082616	-0.16728
-0.071398	-0.16206	0.089771
-0.16264	-0.15186	-0.14348
-0.34327	0.059964	-0.17965
-0.26075	-0.0038716	-0.11904
-0.40438	0.12115	-0.15589
-0.13927	-0.1322	-0.020111
0.024143	-0.29005	0.10097
0.065695	-0.37993	-0.084212
-0.11421	-0.23802	-0.2086
-0.34372	0.02713	-0.16832
-0.3274	0.0048126	-0.15633
-0.43763	0.16533	-0.06679
-0.074185	-0.30404	-0.20558
-0.15675	-0.16486	-0.085338
-0.26487	0.0015667	-0.011397
0.0071657	-0.26227	0.10806
0.050201	-0.36688	-0.060877
0.044968	-0.36099	-0.030972
-0.38407	0.1648	0.0095455
-0.27259	-0.0095136	-0.025676
-0.11591	-0.15089	0.031396
0.047734	-0.36172	0.0065324
0.041236	-0.37378	-0.11917
-0.42978	0.16361	0.0032192
0.043397	-0.34272	0.028531
0.024582	-0.37048	-0.099705
0.038166	-0.33618	0.049976
-0.27861	-0.018306	-0.091812
-0.44967	0.15316	-0.092925
-0.28614	0.025575	0.018284
-0.14581	-0.1476	-0.047364
-0.4345	0.14189	-0.13257
-0.05378	-0.22919	0.10034
-0.46984	0.13872	-0.11309
-0.10263	-0.17292	0.056471
-0.26867	-0.01939	-0.053782
-0.13574	-0.17629	-0.013081
-0.011342	-0.35085	-0.18439
0.02333	-0.35786	-0.069554
0.051441	-0.3559	0.020286
-0.10171	-0.26806	-0.19847
-0.14615	-0.20414	-0.16014
-0.31779	-0.02209	-0.1061
-0.43582	0.17403	-0.026408
-0.40051	0.052681	-0.1649
-0.42848	0.13848	0.036405
-0.025628	-0.24554	0.10977
-0.0089828	-0.3601	-0.11321
-0.042996	-0.33834	-0.16653
-0.095157	-0.18991	0.073434
0.0131	-0.36944	-0.14135
-0.062918	-0.32732	-0.17637
-0.15551	-0.178	-0.11694
-0.32034	-0.012178	-0.13807
0.0028822	-0.31178	0.076701
0.028873	-0.32535	0.065614
-0.011629	-0.35773	-0.083141
-0.33794	0.058705	0.050201
-0.13725	-0.22055	-0.10911
-0.11229	-0.27233	-0.17342
-0.38007	0.094342	0.059354
-0.43915	0.11689	-0.15067
-0.13789	-0.21387	-0.074473
-0.091278	-0.20639	0.086349
-0.094757	-0.30176	-0.17198
0.00012231	-0.34957	-0.013268
-0.12825	-0.24539	-0.17149
-0.47941	0.15953	-0.038932
-0.13692	-0.23369	-0.13442
0.029681	-0.36129	-0.01915
-0.0056458	-0.35599	-0.052667
-0.034277	-0.25736	0.099348
-0.33543	-0.024858	-0.12488
-0.30872	-0.014669	3.9654e-05
-0.13194	-0.18535	0.012822
-0.12628	-0.24422	-0.092644
-0.14976	-0.21234	-0.021644
-0.30086	-0.031732	-0.048885
-0.32876	0.019269	0.034769
-0.11371	-0.19672	0.06422
-0.42943	0.081775	-0.15613
-0.48652	0.13549	-0.12987
-0.14163	-0.19933	-0.05385
-0.4316	0.053826	-0.14826
-0.055556	-0.2609	0.096586
-0.027893	-0.29996	0.077118
-0.036754	-0.35196	-0.12009
-0.10094	-0.28944	-0.092146
0.0034547	-0.333	0.02409
-0.4806	0.15378	-0.0080193
-0.10461	-0.28514	-0.11465
-0.47517	0.11492	-0.14398
-0.41155	0.11176	0.057016
-0.077432	-0.32078	-0.14607
-0.1376	-0.19625	0.021881
-0.078054	-0.23646	0.1007
-0.03118	-0.33182	-0.013785
-0.30032	-0.027905	-0.076082
-0.45259	0.080036	-0.15175
-0.029156	-0.33603	-0.034117
-0.017922	-0.31788	0.056118
-0.13053	-0.25018	-0.076865
-0.071365	-0.32592	-0.10484
-0.03045	-0.34747	-0.06376
-0.38597	0.010828	-0.14442
-0.062969	-0.3244	-0.070905
-0.10733	-0.29132	-0.1448
-0.14135	-0.23382	-0.062222
-0.029363	-0.33653	0.025289
-0.10379	-0.21488	0.096555
-0.058746	-0.32835	-0.04559
-0.062069	-0.28032	0.098725
-0.10631	-0.22225	0.10868
-0.090467	-0.31203	-0.066618
-0.32399	-0.030353	-0.027361
-0.43897	0.12211	0.045975
-0.47397	0.1408	0.015774
-0.38583	0.070074	0.061065
-0.039028	-0.3204	0.074163
-0.11727	-0.27743	-0.07945
-0.50688	0.13229	-0.1116
-0.35257	-0.039172	-0.048364
-0.45534	0.051047	-0.13604
-0.50243	0.148	-0.089766
-0.15672	-0.23035	-0.037382
-0.35532	-0.035322	-0.093562
-0.51114	0.15306	-0.069776
-0.50598	0.15893	-0.037569
-0.43189	0.018177	-0.12739
-0.3803	0.039001	0.052835
-0.17243	-0.22265	0.0052471
-0.49764	0.083139	-0.14108
-0.34514	-0.016028	0.0065945
-0.10575	-0.31945	-0.053092
-0.16812	-0.22158	0.044339
-0.36375	0.01265	0.036884
-0.060566	-0.33783	0.091583
-0.11351	-0.34477	-0.040449
-0.069511	-0.35604	-0.015398
-0.52355	0.10448	-0.12738
-0.18073	-0.25343	-0.018992
-0.45877	0.12164	0.041255
-0.51062	0.15257	-0.00093269
-0.053995	-0.35615	0.047638
-0.15659	-0.2171	0.063768
-0.13345	-0.28567	-0.062997
-0.41325	-0.019418	-0.084273
-0.54247	0.16532	-0.03439
-0.13592	-0.22816	0.11238
-0.088249	-0.34782	-0.036691
-0.39175	-0.018722	-0.1074
-0.50661	0.060875	-0.12747
-0.3917	-0.015811	0.0050878
-0.12829	-0.25013	0.13128
-0.094101	-0.2894	0.12118
-0.07084	-0.36073	0.087471
-0.41801	0.037943	0.051664
-0.53214	0.16363	-0.010765
-0.56775	0.13733	-0.087184
-0.55537	0.15594	-0.065791
-0.071402	-0.36739	0.023199
-0.3573	-0.029971	-0.016156
-0.15503	-0.26386	-0.047914
-0.45996	0.028304	-0.11615
-0.45548	0.086185	0.05206
-0.56563	0.17344	-0.054913
-0.15712	-0.2446	0.11892
-0.51784	0.13754	0.034285
-0.39389	0.0061941	0.030022
-0.18348	-0.2397	0.01042
-0.48978	0.11454	0.057565
-0.45473	0.0096654	-0.094842
-0.55683	0.17502	-0.0013998
-0.57245	0.19166	-0.013761
-0.40814	-0.027385	-0.040225
-0.57623	0.1911	-0.028253
-0.59817	0.19247	-0.056693
-0.48537	0.093554	0.066721
-0.18578	-0.25397	0.071285
-0.43437	0.065775	0.059375
-0.078905	-0.36786	0.1009
-0.084603	-0.34118	0.1161
-0.61873	0.20356	-0.038918
-0.53545	0.16028	0.018794
-0.58623	0.16549	-0.082682
-0.1074	-0.37277	0.0024504
-0.46371	0.057347	0.043646
-0.55844	0.11194	-0.10986
-0.14979	-0.31999	-0.04162
-0.16502	-0.29534	-0.04198
-0.17669	-0.29536	-0.022778
-0.11585	-0.27081	0.1229
-0.51939	0.042173	-0.10055
-0.52984	0.073846	-0.11596
-0.44778	0.033152	0.039782
-0.6029	0.13822	-0.10206
-0.10605	-0.31908	0.13653
-0.52469	0.11127	0.0565
-0.096371	-0.39156	0.065263
-0.14996	-0.26405	0.13584
-0.54898	0.163	0.017525
-0.079082	-0.35266	0.12872
-0.54501	0.14243	0.049444
-0.45579	-0.0014718	-0.014132
-0.1504	-0.2994	0.14177
-0.57269	0.11548	-0.097353
-0.43839	0.0058308	0.0148
-0.068029	-0.38111	0.10603
-0.16447	-0.33153	-0.015588
-0.14604	-0.35562	-0.010921
-0.081286	-0.34606	0.15169
-0.62424	0.18464	-0.076632
-0.059887	-0.38566	0.12876
-0.063886	-0.3661	0.13924
-0.48095	0.044855	0.025725
-0.19067	-0.27096	0.017895
-0.18131	-0.27247	0.12593
-0.4519	-0.0066348	-0.054426
-0.62814	0.20439	-0.014187
-0.59496	0.18448	0.016245
-0.64743	0.19625	0.016069
-0.65421	0.19404	-0.062712
-0.12896	-0.30646	0.14373
-0.5263	0.094728	0.06145
-0.11644	-0.32359	0.17454
-0.077154	-0.36496	0.15417
-0.48312	0.0090227	-0.04487
-0.48289	0.071408	0.057186
-0.1984	-0.31249	0.015115
-0.20056	-0.27962	0.047037
-0.59067	0.094763	-0.10088
-0.07451	-0.39794	0.092402
-0.47541	0.019463	0.00074939
-0.5747	0.073119	-0.096251
-0.66153	0.20209	-0.039898
-0.50502	0.02154	-0.077005
-0.052309	-0.42546	0.13802
-0.12309	-0.39381	0.030016
-0.16954	-0.29075	0.12775
-0.063603	-0.39515	0.15788
-0.20412	-0.27778	0.094602
-0.090857	-0.37586	0.16212
-0.63427	0.14619	-0.099494
-0.49546	0.030485	0.0023515
-0.055018	-0.41121	0.16435
-0.52757	0.073229	0.057095
-0.14248	-0.3869	0.014254
-0.10941	-0.39663	0.053743
-0.65984	0.16677	-0.084174
-0.51834	0.02333	-0.041421
-0.16393	-0.31637	0.1898
-0.56736	0.10755	0.069759
-0.51858	0.051071	0.037644
-0.60959	0.15328	0.050754
-0.21455	-0.29286	0.066069
-0.19596	-0.29449	0.10244
-0.14577	-0.32855	0.19601
-0.12471	-0.35027	0.18136
-0.62736	0.181	0.033833
-0.19499	-0.34714	0.012436
-0.1237	-0.39737	0.045823
-0.69576	0.19578	0.010306
-0.59259	0.12569	0.068057
-0.55411	0.034885	-0.057093
-0.057793	-0.4345	0.18784
-0.2091	-0.30405	0.081825
-0.17967	-0.36818	0.01051
-0.2162	-0.31726	0.032729
-0.54539	0.026074	-0.029843
-0.072954	-0.45258	0.11507
-0.053496	-0.44799	0.15465
-0.63675	0.10246	-0.10706
-0.098643	-0.43523	0.076812
-0.082561	-0.41758	0.19426
-0.53412	0.065155	0.057323
-0.16406	-0.33028	0.21013
-0.5301	0.035577	0.014517
-0.15116	-0.38912	0.038057
-0.56664	0.045285	-0.074545
-0.62928	0.12365	0.076087
-0.17743	-0.37212	0.036568
-0.54477	0.037587	0.032549
-0.20142	-0.31133	0.12048
-0.62599	0.065015	-0.098477
-0.20605	-0.34256	0.050427
-0.72365	0.17078	-0.058291
-0.11984	-0.44364	0.070623
-0.56352	0.084899	0.070237
-0.19745	-0.36691	0.056739
-0.18438	-0.30366	0.14003
-0.66953	0.11379	-0.10153
-0.053868	-0.45875	0.21627
-0.19388	-0.3184	0.17495
-0.16092	-0.42615	0.055248
-0.15362	-0.45667	0.068799
-0.071946	-0.48599	0.14716
-0.056201	-0.47888	0.19314
-0.71247	0.18744	-0.035331
-0.55708	0.023099	0.00045921
-0.21761	-0.32895	0.15725
-0.6191	0.024949	-0.071557
-0.65809	0.17377	0.04712
-0.5779	0.050133	0.053465
-0.216	-0.34761	0.07841
-0.21193	-0.32625	0.062674
-0.21891	-0.32686	0.13427
-0.11474	-0.41066	0.22813
-0.62021	0.093705	0.077424
-0.059347	-0.47462	0.23803
-0.19221	-0.33336	0.20058
-0.59417	0.009147	-0.025135
-0.21459	-0.32683	0.1025
-0.72638	0.19094	-0.010415
-0.58605	0.026952	0.025064
-0.1631	-0.36978	0.24329
-0.70587	0.12968	-0.083851
-0.65624	0.058723	-0.090398
-0.59162	0.074895	0.070626
-0.59575	0.021149	-0.060459
-0.66373	0.14548	0.070031
-0.70459	0.1837	0.039906
-0.18447	-0.40664	0.058014
-0.15071	-0.37572	0.22791
-0.083582	-0.46312	0.23461
-0.61737	0.069723	0.067767
-0.66792	0.10986	0.079955
-0.101	-0.49712	0.12434
-0.066888	-0.50437	0.21826
-0.73511	0.18923	0.01307
-0.068749	-0.49522	0.24697
-0.72245	0.16976	0.065693
-0.18538	-0.45875	0.070549
-0.12026	-0.48086	0.097576
-0.21738	-0.40787	0.081446
-0.65447	0.097698	0.078466
-0.16255	-0.39027	0.25919
-0.23969	-0.39511	0.11244
-0.14946	-0.40917	0.25163
-0.69239	0.12578	0.083618
-0.23511	-0.35092	0.14245
-0.77565	0.17227	-0.026149
-0.74394	0.1826	0.046508
-0.08502	-0.51783	0.18869
-0.19015	-0.36011	0.22924
-0.62902	0.008429	-0.035313
-0.21721	-0.35939	0.20079
-0.66514	0.074286	0.066931
-0.096572	-0.51342	0.15672
-0.14644	-0.49045	0.10117
-0.20762	-0.44419	0.077566
-0.62071	0.012301	0.0050149
-0.62923	0.047204	0.047869
-0.73866	0.13921	0.088569
-0.665	0.023772	-0.061732
-0.1869	-0.38897	0.25369
-0.77714	0.14015	-0.044806
-0.77765	0.17873	0.0099631
-0.11468	-0.46638	0.2642
-0.23595	-0.38908	0.19218
-0.71202	0.10353	-0.084246
-0.074313	-0.52468	0.24285
-0.11561	-0.49545	0.27754
-0.072459	-0.5311	0.22162
-0.6769	0.085184	0.070345
-0.241	-0.37793	0.1531
-0.12014	-0.52831	0.16884
-0.78149	0.17788	0.03181
-0.75706	0.17406	0.05789
-0.13044	-0.51963	0.1323
-0.082853	-0.5362	0.19672
-0.060063	-0.56206	0.23292
-0.15803	-0.43803	0.27803
-0.76634	0.086525	-0.045291
-0.099221	-0.53428	0.18682
-0.75074	0.15793	0.078754
-0.062207	-0.56826	0.19938
-0.20462	-0.41162	0.25974
-0.66403	0.03345	0.039972
-0.69874	0.064838	-0.075357
-0.030669	-0.61024	0.20625
-0.79467	0.11241	-0.035086
-0.17537	-0.43933	0.29056
-0.79454	0.15151	-0.027068
-0.19174	-0.48611	0.088133
-0.77457	0.17417	0.069892
-0.73349	0.11113	0.08965
-0.23652	-0.44322	0.10159
-0.056867	-0.5782	0.24008
-0.71243	0.047333	-0.051409
-0.096203	-0.52203	0.27155
-0.079387	-0.56562	0.1856
-0.66283	0.011414	-0.027709
-0.17461	-0.49808	0.097418
-0.21595	-0.47032	0.091959
-0.74505	0.14404	0.096814
-0.76111	0.16728	0.099885
-0.68201	0.023433	0.01887
-0.15238	-0.52473	0.12255
-0.057569	-0.60634	0.18694
-0.71836	0.097839	0.084798
-0.036374	-0.60903	0.23439
-0.035349	-0.63184	0.22039
-0.74344	0.16608	0.19025
-0.75436	0.16045	0.11882
-0.70856	0.040932	0.042129
-0.080722	-0.59138	0.17791
-0.11847	-0.54191	0.17894
-0.744	0.15695	0.15699
-0.040153	-0.62892	0.2025
-0.7586	0.17423	0.14007
-0.762	0.17395	0.21646
-0.82519	0.17215	0.011417
-0.76528	0.18144	0.18082
-0.6963	0.023541	-0.022631
-0.79899	0.18123	0.10906
-0.11117	-0.56737	0.17731
-0.090562	-0.58721	0.26295
-0.16475	-0.53225	0.14649
-0.74133	0.12794	0.12488
-0.25491	-0.43108	0.13212
-0.81823	0.15923	-0.00947
-0.72491	0.074504	0.072328
-0.1871	-0.52261	0.12941
-0.10129	-0.55475	0.2703
-0.11646	-0.53346	0.28083
-0.23502	-0.42317	0.21351
-0.14731	-0.4882	0.2926
-0.74238	0.13105	0.16718
-0.81086	0.17991	0.036431
-0.23513	-0.44441	0.21045
-0.18026	-0.48123	0.30873
-0.72081	0.051984	0.044915
-0.72467	0.0325	0.0085858
-0.10241	-0.59878	0.17921
-0.7583	0.15611	0.22322
-0.16702	-0.49097	0.2979
-0.7465	0.076393	0.083738
-0.74402	0.088841	0.10364
-0.25272	-0.45184	0.14579
-0.076475	-0.62378	0.19211
-0.83133	0.12742	-0.02537
-0.79506	0.18989	0.16514
-0.78154	0.07023	-0.01314
-0.1584	-0.53863	0.19136
-0.75893	0.049484	0.0044694
-0.7374	0.10507	0.14383
-0.85098	0.17605	0.052015
-0.096829	-0.61363	0.26808
-0.7727	0.16976	0.21928
-0.15781	-0.53044	0.17123
-0.1448	-0.54308	0.18632
-0.81171	0.18378	0.15887
-0.24973	-0.46494	0.17424
-0.2128	-0.51004	0.1398
-0.21914	-0.48591	0.1118
-0.74739	0.063604	0.05754
-0.19073	-0.52857	0.15033
-0.75444	0.13761	0.20039
-0.079947	-0.63657	0.20764
-0.19931	-0.46487	0.29415
-0.065602	-0.63265	0.23975
-0.73449	0.10519	0.19704
-0.22304	-0.43867	0.25515
-0.18003	-0.51391	0.30097
-0.81986	0.11382	-0.02503
-0.79603	0.082872	-0.016067
-0.069139	-0.63834	0.22462
-0.74492	0.10022	0.22637
-0.82255	0.18081	0.13049
-0.24159	-0.48684	0.16371
-0.85408	0.16212	-0.0091906
-0.069466	-0.61856	0.24984
-0.80632	0.16401	0.18406
-0.87091	0.16944	0.01558
-0.10912	-0.62443	0.19255
-0.76999	0.13309	0.22192
-0.75972	0.056859	0.030298
-0.22544	-0.46025	0.26201
-0.20501	-0.51756	0.18942
-0.74697	0.06955	0.1729
-0.12923	-0.60061	0.18606
-0.82376	0.16534	0.15258
-0.23166	-0.47105	0.2461
-0.23513	-0.47311	0.19663
-0.81818	0.093289	-0.016239
-0.87213	0.16538	0.04951
-0.74558	0.061703	0.13967
-0.78549	0.13778	0.21453
-0.889	0.15526	-0.009493
-0.20585	-0.49299	0.29102
-0.12243	-0.61334	0.2769
-0.85691	0.16246	0.086096
-0.76526	0.062601	0.072355
-0.22804	-0.505	0.1827
-0.16884	-0.56708	0.20078
-0.87147	0.14383	-0.022879
-0.79721	0.065914	0.024662
-0.78227	0.06089	0.047437
-0.22453	-0.49492	0.20828
-0.098554	-0.6573	0.21736
-0.76259	0.09507	0.2344
-0.21337	-0.5091	0.20403
-0.8638	0.12472	-0.030491
-0.21298	-0.50242	0.27324
-0.077994	-0.66849	0.25874
-0.19548	-0.53197	0.22347
-0.2187	-0.50872	0.24575
-0.75428	0.06407	0.10693
-0.83129	0.11021	0.13025
-0.81661	0.080914	-0.0035454
-0.18851	-0.52403	0.29618
-0.87871	0.14698	0.048557
-0.75472	0.052022	0.19523
-0.20808	-0.53061	0.24858
-0.1548	-0.59587	0.19966
-0.77643	0.050963	0.10264
-0.20627	-0.52461	0.26768
-0.19053	-0.57256	0.21484
-0.1673	-0.5652	0.29832
-0.76003	0.037583	0.16044
-0.17168	-0.64332	0.22675
-0.17209	-0.62207	0.21567
-0.8721	0.1042	-0.026051
-0.79694	0.091566	0.20645
-0.89764	0.13747	0.00031875
-0.21631	-0.57328	0.24192
-0.19853	-0.54218	0.28723
-0.89906	0.12122	-0.022039
-0.77579	0.064993	0.21903
-0.14115	-0.62945	0.28866
-0.88942	0.10289	0.030864
-0.12949	-0.66978	0.24194
-0.82159	0.056521	0.059259
-0.75805	0.069638	0.21059
-0.14926	-0.59822	0.29012
-0.85313	0.06859	0.0094886
-0.78403	0.036477	0.1426
-0.21439	-0.56135	0.27395
-0.88201	0.090285	-0.013553
-0.18464	-0.55953	0.29753
-0.11518	-0.67387	0.25686
-0.08019	-0.67811	0.25621
-0.12293	-0.6616	0.27692
-0.89866	0.10261	-0.010581
-0.17122	-0.59628	0.29971
-0.81703	0.05143	0.09496
-0.77239	0.04051	0.21448
-0.80664	0.079532	0.18429
-0.1345	-0.68422	0.28265
-0.87145	0.074679	0.062188
-0.19824	-0.60978	0.30031
-0.14051	-0.68105	0.25832
-0.8066	0.035178	0.18704
-0.86133	0.063566	0.067781
-0.88426	0.069771	0.025947
-0.20468	-0.59794	0.23023
-0.16447	-0.65968	0.24059
-0.8408	0.05981	0.12792
-0.1585	-0.66241	0.2896
-0.21832	-0.5911	0.27525
-0.22298	-0.60457	0.25329
-0.84282	0.055036	0.11266
-0.8073	0.028522	0.17097
-0.20877	-0.60656	0.29587
-0.17976	-0.64844	0.30043
-0.20853	-0.64476	0.25418
-0.82771	0.042284	0.14492
-0.17162	-0.67145	0.27411
-0.22665	-0.62546	0.27719
-0.21061	-0.6386	0.2897
-0.20658	-0.66241	0.28263
-0.19415	-0.6671	0.29544
0.77733	0.10197	-0.026236
