3	1828	1810	1833
3	1828	1820	1810
3	1880	1893	1917
3	292	286	322
3	292	430	424
3	599	571	611
3	550	686	684
3	494	480	571
3	1611	1575	1622
3	1817	1810	1820
3	1810	1829	1836
3	1817	1864	1829
3	1833	1810	1852
3	1810	1836	1852
3	1836	1829	1874
3	1919	1918	1943
3	1919	1943	1944
3	1860	1817	1888
3	1859	1860	1888
3	1860	1859	1864
3	1864	1859	1874
3	1874	1859	1887
3	1859	1888	1902
3	1888	1895	1902
3	1902	1895	1918
3	1859	1902	1924
3	1895	1914	1918
3	1902	1918	1919
3	1902	1919	1924
3	1910	1924	1930
3	1882	1910	1941
3	1852	1836	1880
3	1829	1864	1874
3	1880	1836	1874
3	1880	1874	1893
3	1874	1887	1893
3	1893	1887	1908
3	1887	1882	1908
3	1917	1893	1908
3	1908	1882	1941
3	1908	1941	1917
3	1918	1942	1943
3	1944	1943	1965
3	1942	1971	1965
3	1943	1942	1965
3	1965	1971	1996
3	1956	1990	1971
3	1986	1965	1996
3	1996	1971	1990
3	1992	1996	1990
3	1986	1996	1992
3	1910	1930	1954
3	1941	1910	1954
3	1917	1941	1953
3	1954	1944	1969
3	1941	1954	1979
3	1953	1941	1979
3	1954	1969	1979
3	1953	1979	1992
3	1969	1944	1986
3	1979	1969	1986
3	1992	1979	1986
3	292	322	430
3	305	292	424
3	430	322	429
3	388	424	480
3	480	424	430
3	490	480	430
3	430	429	526
3	490	430	550
3	430	526	550
3	571	490	611
3	490	550	611
3	611	550	677
3	677	550	684
3	480	490	571
3	687	677	776
3	1108	1186	1191
3	1305	1284	1333
3	1284	1305	1324
3	1305	1333	1365
3	1284	1186	1333
3	1305	1365	1451
3	1365	1466	1451
3	1284	1324	1295
3	1324	1305	1483
3	1431	1324	1483
3	1305	1451	1483
3	1431	1483	1575
3	1483	1451	1559
3	1451	1466	1559
3	1575	1483	1559
3	1559	1466	1618
3	1575	1559	1622
3	1559	1618	1622
3	1378	1498	1519
3	1887	1859	1882
3	1882	1859	1924
3	1882	1924	1910
3	1924	1919	1930
3	1919	1944	1930
3	1930	1944	1954
3	577	629	694
3	629	590	641
3	590	629	577
3	577	533	590
3	493	533	577
3	538	493	577
3	654	694	724
3	626	654	724
3	654	577	694
3	626	538	654
3	735	626	724
3	559	626	735
3	456	471	532
3	456	419	471
3	419	504	502
3	358	504	419
3	337	358	419
3	373	337	419
3	410	456	483
3	410	392	456
3	392	419	456
3	392	373	419
3	341	373	392
3	341	337	373
3	355	341	392
3	487	462	483
3	462	410	483
3	355	392	410
3	365	355	410
3	365	336	355
3	336	341	355
3	300	341	336
3	462	487	482
3	482	421	462
3	365	410	462
3	421	372	462
3	372	365	462
3	336	365	372
3	382	421	547
3	1469	1391	1543
3	1391	1411	1594
3	1385	1411	1391
3	1400	1469	1525
3	1469	1390	1391
3	1390	1469	1400
3	1048	1214	1245
3	1411	1385	1245
3	1311	1070	1385
3	1070	1245	1385
3	1067	1070	1311
3	1190	1391	1390
3	1190	1311	1391
3	1391	1311	1385
3	1190	1176	1311
3	1176	1067	1311
3	1004	1067	1176
3	1183	1190	1390
3	1183	1124	1190
3	1421	1400	1452
3	1262	1400	1421
3	1350	1262	1421
3	1400	1183	1390
3	1262	1183	1400
3	1172	1262	1350
3	1081	1172	1350
3	1262	1141	1183
3	1335	1234	1350
3	1234	1081	1350
3	1070	1048	1245
3	1070	989	1048
3	1067	947	1070
3	912	947	1067
3	947	989	1070
3	1124	1044	1190
3	1004	1176	1190
3	1044	1004	1190
3	1004	792	1067
3	792	912	1067
3	948	792	1004
3	948	1004	1044
3	1141	1124	1183
3	1054	990	1141
3	1044	1124	1141
3	990	1044	1141
3	1054	1002	990
3	990	948	1044
3	1172	1054	1262
3	1054	1141	1262
3	1081	1054	1172
3	1041	1054	1081
3	1041	1002	1054
3	1041	876	1002
3	983	876	1041
3	876	910	1002
3	1145	1081	1234
3	1145	1023	1081
3	1023	1041	1081
3	982	983	1023
3	1023	983	1041
3	846	983	982
3	1059	1094	1077
3	1047	1077	1094
3	1059	1071	1094
3	1076	1061	1094
3	1061	1047	1094
3	1047	998	1077
3	1035	1047	1061
3	1047	1017	998
3	1035	1017	1047
3	979	1017	1035
3	936	998	1017
3	945	994	998
3	936	945	998
3	979	936	1017
3	1071	1076	1094
3	1059	1026	1071
3	1001	1056	1076
3	1071	1001	1076
3	1026	1001	1071
3	957	1056	1001
3	971	1001	1026
3	969	971	1026
3	971	935	1001
3	935	957	1001
3	935	971	969
3	927	935	969
3	829	946	989
3	829	777	946
3	778	777	829
3	947	843	989
3	843	829	989
3	763	947	912
3	763	843	947
3	757	763	912
3	778	829	843
3	763	778	843
3	763	646	778
3	757	646	763
3	757	912	792
3	725	736	948
3	736	792	948
3	792	736	757
3	576	736	725
3	1002	867	990
3	910	867	1002
3	867	948	990
3	867	725	948
3	759	867	910
3	740	867	759
3	867	740	725
3	864	876	983
3	846	864	983
3	876	759	910
3	746	864	846
3	864	759	876
3	733	759	864
3	733	706	759
3	706	740	759
3	733	623	706
3	746	733	864
3	941	936	979
3	926	906	936
3	926	936	941
3	936	886	945
3	906	886	936
3	890	906	926
3	890	886	906
3	886	890	887
3	879	886	895
3	886	887	895
3	935	904	957
3	927	895	935
3	895	904	935
3	894	895	927
3	887	890	904
3	895	887	904
3	653	646	757
3	646	690	778
3	471	690	646
3	588	646	653
3	588	532	646
3	736	653	757
3	576	588	736
3	588	653	736
3	456	532	588
3	456	588	576
3	483	456	576
3	740	586	725
3	586	576	725
3	614	586	740
3	483	576	586
3	623	510	706
3	706	614	740
3	510	614	706
3	487	586	614
3	510	487	614
3	623	733	746
3	1056	1061	1076
3	1061	1018	1003
3	1003	1035	1061
3	1056	1018	1061
3	1006	1003	1018
3	979	1035	1003
3	1000	981	1018
3	1006	987	1003
3	987	979	1003
3	951	981	1000
3	1000	1018	1056
3	957	1000	1056
3	957	962	1000
3	962	951	1000
3	987	941	979
3	951	907	981
3	928	941	987
3	919	907	951
3	903	926	941
3	928	903	941
3	903	888	907
3	903	907	919
3	903	890	926
3	904	903	919
3	890	903	904
3	962	919	951
3	957	919	962
3	904	919	957
3	1018	981	970
3	1018	970	1006
3	862	1006	970
3	862	987	1006
3	981	862	970
3	862	928	987
3	888	981	907
3	888	862	981
3	888	903	928
3	888	928	862
3	1513	1530	1590
3	1530	1548	1590
3	1513	1487	1530
3	1487	1398	1530
3	1381	1487	1513
3	1351	1398	1487
3	1381	1351	1487
3	1344	1363	1418
3	1344	1418	1402
3	1344	1345	1363
3	1344	1294	1345
3	1345	1280	1363
3	1294	1280	1345
3	1154	1294	1344
3	1294	1203	1280
3	1213	1170	1294
3	1170	1203	1294
3	1154	1213	1294
3	1102	1170	1213
3	1154	1102	1213
3	1363	1280	1364
3	1215	1308	1429
3	1328	1267	1429
3	1267	1215	1429
3	1230	1266	1376
3	1308	1230	1376
3	1230	1199	1266
3	1215	1153	1308
3	1153	1230	1308
3	1153	1105	1230
3	1105	1199	1230
3	1057	1153	1215
3	1082	1199	1105
3	1266	1314	1379
3	1314	1366	1379
3	1217	1366	1314
3	1266	1217	1314
3	1199	1217	1266
3	1155	1189	1217
3	1199	1155	1217
3	1346	1361	1408
3	1232	1321	1393
3	1331	1232	1393
3	1321	1178	1346
3	1193	1321	1232
3	1178	1198	1346
3	1189	1193	1232
3	1193	1178	1321
3	1096	1178	1193
3	1060	1096	1193
3	1198	1152	1263
3	1336	1275	1343
3	1275	1336	1340
3	1237	1275	1340
3	1250	1237	1340
3	1237	1163	1275
3	1237	1156	1138
3	1351	1336	1398
3	1340	1336	1351
3	1381	1236	1351
3	1236	1381	1329
3	1250	1340	1351
3	1236	1238	1351
3	1238	1250	1351
3	1065	1170	1102
3	1154	1020	1102
3	1020	1029	1102
3	1049	1065	1102
3	1029	1049	1102
3	1049	984	1065
3	1049	999	984
3	1029	999	1049
3	913	999	1029
3	1020	913	1029
3	1267	1089	1215
3	1089	1057	1215
3	1089	1267	1045
3	1057	1105	1153
3	965	1105	1057
3	965	1082	1105
3	993	1082	965
3	911	993	965
3	897	965	966
3	1080	1155	1199
3	1082	1080	1199
3	1005	1155	1080
3	993	1080	1082
3	1005	1068	1155
3	993	1005	1080
3	993	956	1005
3	923	1068	1005
3	911	956	993
3	1178	1096	1198
3	1078	1060	1189
3	1155	1078	1189
3	1068	1078	1155
3	1068	972	1078
3	1078	1024	1060
3	972	1024	1078
3	1024	992	1060
3	972	992	1024
3	1096	1152	1198
3	1096	1074	1152
3	1074	1133	1152
3	1074	1120	1133
3	1074	1095	1120
3	1208	1120	1156
3	1120	1138	1156
3	1130	1120	1147
3	1130	1138	1120
3	1120	1095	1147
3	954	913	1020
3	849	984	999
3	913	849	999
3	880	913	954
3	880	784	913
3	913	801	849
3	784	801	913
3	845	784	880
3	845	880	771
3	648	701	849
3	801	666	849
3	666	648	849
3	845	732	784
3	784	615	801
3	615	666	801
3	732	615	784
3	658	696	859
3	965	897	911
3	897	855	911
3	897	737	855
3	799	737	897
3	859	799	897
3	720	737	799
3	696	799	859
3	696	720	799
3	956	923	1005
3	855	956	911
3	838	923	956
3	838	884	923
3	855	838	956
3	884	908	923
3	838	693	884
3	670	742	884
3	693	670	884
3	693	838	855
3	737	693	855
3	1068	908	972
3	923	908	1068
3	824	937	992
3	908	824	972
3	972	824	992
3	446	445	501
3	742	824	908
3	866	824	863
3	742	908	884
3	742	697	824
3	697	863	824
3	863	734	794
3	697	734	863
3	742	670	697
3	920	900	938
3	900	893	916
3	937	866	920
3	866	937	824
3	870	900	920
3	900	870	893
3	866	863	920
3	870	873	893
3	863	870	920
3	863	794	870
3	821	900	916
3	893	875	916
3	875	821	916
3	832	875	893
3	731	821	875
3	832	810	875
3	818	810	832
3	756	810	818
3	810	731	875
3	691	810	756
3	691	731	810
3	605	615	732
3	648	617	701
3	648	589	617
3	589	648	666
3	615	580	666
3	580	589	666
3	575	496	617
3	496	604	617
3	580	615	605
3	589	575	617
3	506	575	589
3	580	464	589
3	464	506	589
3	450	496	575
3	535	464	580
3	506	399	575
3	399	450	575
3	674	600	658
3	674	562	600
3	507	518	600
3	562	507	600
3	720	693	737
3	720	602	693
3	696	602	720
3	602	601	693
3	600	602	696
3	518	602	600
3	693	601	670
3	557	670	601
3	517	501	557
3	517	378	501
3	557	697	670
3	697	608	734
3	501	608	697
3	557	501	697
3	516	481	608
3	501	445	608
3	445	516	608
3	630	691	756
3	630	607	691
3	607	579	691
3	711	630	756
3	563	630	711
3	563	711	663
3	563	537	630
3	537	607	630
3	537	472	607
3	459	537	563
3	459	443	537
3	546	563	663
3	546	459	563
3	411	399	506
3	464	411	506
3	450	407	496
3	343	407	450
3	343	450	399
3	343	412	407
3	343	342	412
3	239	342	343
3	412	342	398
3	383	342	249
3	383	249	449
3	285	249	342
3	239	235	342
3	235	285	342
3	476	281	422
3	287	367	422
3	281	287	422
3	420	507	562
3	528	420	562
3	418	528	527
3	418	420	528
3	378	446	501
3	452	516	445
3	452	481	516
3	235	221	285
3	221	249	285
3	1163	1237	1138
3	1020	1154	1169
3	1010	1060	992
3	937	920	938
3	602	509	601
3	435	411	464
3	352	343	399
3	241	248	233
3	230	241	233
3	241	230	234
3	230	231	234
3	253	234	256
3	248	241	253
3	234	253	241
3	173	208	183
3	173	198	208
3	173	186	198
3	183	148	173
3	169	183	160
3	169	148	183
3	148	170	173
3	1182	1238	1236
3	1156	1197	1208
3	1197	1156	1237
3	1167	1237	1250
3	1198	1263	1327
3	1346	1198	1361
3	1364	1386	1438
3	1441	1381	1535
3	1381	1513	1535
3	1513	1590	1639
3	1468	1593	1619
3	1584	1619	1595
3	1508	1506	1599
3	1620	1650	1681
3	1553	1616	1684
3	1796	1807	1806
3	1797	1744	1842
3	984	849	940
3	1182	1112	1238
3	1112	1167	1238
3	1142	1143	1201
3	1184	1133	1204
3	1152	1184	1263
3	964	1057	1089
3	1045	964	1089
3	1045	1072	1013
3	1013	1072	1099
3	1072	1045	1267
3	952	828	950
3	861	952	1042
3	952	950	1013
3	952	1013	1088
3	1042	952	1088
3	1042	1088	1103
3	1103	1088	1174
3	1088	1013	1099
3	1174	1088	1099
3	925	861	1040
3	1040	861	1042
3	996	925	1046
3	925	1040	1046
3	1040	1042	1103
3	1177	996	1046
3	1040	1103	1173
3	1212	1040	1173
3	984	940	1039
3	1039	940	1110
3	984	1039	1065
3	940	1019	1110
3	1065	1039	1205
3	1110	1019	1194
3	1110	1194	1216
3	1039	1110	1216
3	1170	1065	1203
3	1205	1039	1216
3	1203	1065	1205
3	1260	1374	1352
3	1139	1227	1158
3	1227	1139	1236
3	1158	1227	1260
3	1227	1236	1329
3	1260	1227	1374
3	1227	1329	1374
3	1374	1329	1441
3	1441	1329	1381
3	1236	1139	1182
3	1238	1167	1250
3	1180	1142	1197
3	1197	1142	1204
3	1208	1197	1204
3	1167	1180	1237
3	1180	1197	1237
3	1133	1208	1204
3	1204	1142	1201
3	1204	1201	1231
3	1184	1204	1231
3	1231	1201	1261
3	1184	1231	1306
3	1231	1261	1322
3	1306	1231	1322
3	1415	1425	1368
3	1263	1184	1306
3	1327	1263	1362
3	1263	1306	1362
3	1198	1327	1442
3	1362	1306	1368
3	1306	1322	1368
3	1327	1362	1442
3	1368	1322	1415
3	1361	1198	1442
3	1362	1368	1425
3	1362	1425	1442
3	1099	1072	1248
3	1072	1267	1328
3	1248	1072	1392
3	1072	1328	1392
3	1174	1099	1252
3	1099	1248	1252
3	1173	1174	1252
3	1330	1252	1248
3	1248	1392	1420
3	1330	1248	1378
3	1103	1174	1173
3	1046	1040	1177
3	1040	1212	1177
3	1212	1173	1317
3	1173	1252	1286
3	1173	1286	1317
3	1286	1252	1330
3	1286	1330	1378
3	1212	1317	1439
3	1317	1286	1439
3	1140	1177	1326
3	1326	1177	1389
3	1177	1212	1389
3	1326	1389	1489
3	1283	1293	1348
3	1280	1283	1364
3	1283	1348	1386
3	1348	1404	1386
3	1364	1283	1386
3	1386	1404	1428
3	1216	1194	1265
3	1205	1216	1334
3	1216	1265	1334
3	1203	1205	1280
3	1205	1334	1293
3	1280	1205	1283
3	1205	1293	1283
3	1293	1334	1357
3	1374	1441	1499
3	1441	1535	1534
3	1499	1441	1534
3	1534	1535	1609
3	1499	1534	1614
3	1614	1534	1662
3	1534	1609	1662
3	1535	1513	1609
3	1609	1513	1639
3	1639	1590	1647
3	1633	1571	1651
3	1647	1590	1650
3	1647	1650	1652
3	1633	1651	1650
3	1620	1633	1650
3	1425	1415	1467
3	1425	1467	1528
3	1425	1528	1553
3	1425	1553	1533
3	1528	1571	1553
3	1620	1571	1633
3	1553	1571	1616
3	1616	1571	1620
3	1442	1425	1512
3	1361	1442	1512
3	1484	1361	1512
3	1533	1512	1425
3	1484	1512	1591
3	1512	1533	1642
3	1591	1512	1642
3	1408	1361	1484
3	1328	1429	1477
3	1392	1328	1477
3	1468	1392	1477
3	1420	1392	1468
3	1378	1248	1498
3	1248	1420	1498
3	1498	1420	1468
3	1498	1468	1584
3	1550	1519	1595
3	1519	1584	1595
3	1519	1498	1584
3	1550	1595	1603
3	1584	1468	1619
3	1389	1212	1531
3	1286	1378	1439
3	1439	1378	1519
3	1212	1439	1550
3	1531	1212	1550
3	1439	1519	1550
3	1531	1550	1640
3	1546	1531	1640
3	1550	1603	1640
3	1489	1389	1455
3	1489	1455	1522
3	1455	1389	1531
3	1455	1531	1546
3	1522	1455	1607
3	1455	1546	1607
3	1607	1546	1660
3	1546	1640	1660
3	1404	1440	1428
3	1428	1440	1506
3	1440	1412	1495
3	1440	1495	1506
3	1412	1489	1495
3	1495	1489	1522
3	1508	1428	1506
3	1495	1522	1607
3	1506	1495	1568
3	1568	1495	1607
3	1506	1568	1599
3	1599	1568	1668
3	1386	1428	1508
3	1663	1609	1639
3	1662	1609	1663
3	1639	1647	1677
3	1662	1663	1692
3	1639	1677	1663
3	1663	1677	1712
3	1712	1677	1694
3	1677	1680	1694
3	1692	1663	1712
3	1650	1651	1652
3	1652	1651	1680
3	1677	1652	1680
3	1680	1651	1653
3	1647	1652	1677
3	1680	1653	1694
3	1642	1533	1553
3	1642	1553	1684
3	1690	1718	1760
3	1690	1760	1726
3	1773	1786	1788
3	1773	1794	1784
3	1640	1603	1690
3	1660	1640	1690
3	1767	1690	1726
3	1690	1767	1709
3	1767	1726	1779
3	1709	1767	1744
3	1568	1607	1660
3	1668	1660	1682
3	1668	1568	1660
3	1682	1660	1699
3	1699	1660	1709
3	1660	1690	1709
3	1784	1796	1792
3	1792	1796	1806
3	1801	1792	1819
3	1806	1822	1792
3	1822	1806	1855
3	1819	1792	1822
3	1819	1822	1849
3	1822	1855	1839
3	1822	1839	1850
3	1822	1850	1849
3	1849	1850	1867
3	1726	1760	1798
3	1773	1788	1794
3	1798	1760	1794
3	1794	1760	1772
3	1784	1792	1801
3	1784	1794	1772
3	1794	1788	1798
3	1796	1784	1772
3	1779	1726	1798
3	1744	1767	1812
3	1798	1811	1779
3	1767	1779	1812
3	1798	1788	1811
3	1788	1824	1811
3	1812	1779	1811
3	1744	1812	1842
3	1812	1811	1843
3	1851	1811	1824
3	1843	1811	1851
3	1842	1812	1843
3	1867	1850	1869
3	1869	1879	1901
3	1869	1901	1904
3	1850	1839	1879
3	1849	1867	1868
3	1869	1850	1879
3	1879	1839	1892
3	148	147	170
3	138	169	162
3	184	193	203
3	193	160	183
3	160	162	169
3	160	145	162
3	141	165	156
3	175	153	195
3	156	182	153
3	137	153	175
3	153	139	156
3	118	135	147
3	118	93	135
3	93	101	135
3	111	89	118
3	118	89	93
3	80	89	111
3	118	148	169
3	138	118	169
3	145	124	162
3	124	138	162
3	148	118	147
3	108	118	138
3	108	111	118
3	124	108	138
3	85	111	108
3	91	108	124
3	85	80	111
3	146	134	140
3	141	134	146
3	110	145	140
3	110	124	145
3	84	110	140
3	132	84	134
3	134	84	140
3	132	96	84
3	104	96	132
3	110	91	124
3	84	91	110
3	141	146	165
3	139	141	156
3	153	137	139
3	133	139	137
3	133	134	141
3	133	141	139
3	133	132	134
3	122	104	133
3	104	132	133
3	70	81	101
3	70	101	93
3	89	70	93
3	58	70	89
3	80	58	89
3	58	80	85
3	58	36	70
3	36	69	70
3	31	36	58
3	91	85	108
3	71	85	91
3	71	42	85
3	42	58	85
3	54	42	71
3	42	31	58
3	46	42	54
3	32	42	46
3	72	84	96
3	84	71	91
3	54	71	84
3	72	54	84
3	46	54	72
3	42	32	31
3	32	27	31
3	1771	1813	1787
3	1813	1771	1800
3	1835	1808	1853
3	1844	1808	1813
3	1808	1844	1853
3	1808	1787	1813
3	1774	1808	1835
3	1775	1774	1835
3	1808	1765	1787
3	1774	1765	1808
3	1825	1775	1835
3	1785	1775	1825
3	1785	1757	1775
3	1636	1673	1646
3	1578	1646	1688
3	1636	1648	1673
3	1742	1746	1758
3	1756	1732	1758
3	1719	1742	1758
3	1732	1719	1758
3	1742	1673	1730
3	1646	1673	1742
3	1646	1742	1719
3	1765	1771	1787
3	1771	1769	1800
3	1764	1771	1765
3	1764	1769	1771
3	1763	1764	1770
3	1764	1763	1769
3	1764	1750	1770
3	1763	1758	1746
3	1756	1763	1770
3	1763	1752	1769
3	1746	1752	1763
3	1756	1758	1763
3	1774	1755	1765
3	1755	1774	1775
3	1755	1764	1765
3	1757	1705	1775
3	1705	1738	1775
3	1738	1755	1775
3	1705	1755	1738
3	1701	1717	1755
3	1705	1701	1755
3	1676	1577	1705
3	1705	1577	1701
3	1566	1577	1676
3	1656	1566	1676
3	1670	1671	1731
3	1671	1715	1731
3	1736	1766	1768
3	1766	1731	1768
3	1759	1736	1768
3	1731	1706	1761
3	1733	1731	1766
3	1689	1733	1766
3	1731	1715	1706
3	1736	1714	1766
3	1714	1689	1766
3	1643	1670	1731
3	1643	1731	1733
3	1689	1643	1733
3	1729	1736	1749
3	1720	1714	1736
3	1720	1736	1729
3	1720	1693	1714
3	1615	1693	1720
3	1615	1720	1729
3	1700	1659	1729
3	1659	1615	1729
3	1416	1471	1481
3	1481	1332	1416
3	1646	1578	1636
3	1636	1471	1648
3	1471	1597	1648
3	1578	1471	1636
3	1481	1471	1578
3	1601	1554	1656
3	1554	1566	1656
3	1539	1554	1601
3	1536	1539	1601
3	1540	1566	1554
3	1465	1540	1554
3	1539	1465	1554
3	1592	1526	1596
3	1544	1545	1596
3	1526	1544	1596
3	1544	1491	1545
3	1526	1532	1544
3	1539	1491	1544
3	1465	1539	1544
3	1670	1596	1671
3	1643	1596	1670
3	1596	1621	1671
3	1621	1608	1671
3	1608	1610	1671
3	1558	1596	1643
3	1558	1592	1596
3	1596	1545	1621
3	1529	1608	1621
3	1545	1529	1621
3	1585	1521	1659
3	1521	1615	1659
3	1521	1497	1615
3	1511	1521	1585
3	1521	1454	1497
3	1371	1454	1521
3	1511	1397	1521
3	1397	1371	1521
3	1416	1307	1471
3	1332	1307	1416
3	1360	1179	1332
3	1122	1179	1360
3	1165	1307	1332
3	1179	1165	1332
3	1123	1165	1179
3	1034	1179	1122
3	1251	1175	1274
3	1128	1175	1251
3	1397	1320	1371
3	1320	1281	1371
3	1281	1303	1371
3	1277	1320	1397
3	1273	1320	1277
3	1272	1279	1274
3	1281	1274	1303
3	1281	1272	1274
3	1303	1274	1304
3	1273	1281	1320
3	1273	1233	1272
3	1281	1273	1272
3	1179	955	1123
3	1123	1100	1165
3	955	1100	1123
3	1034	955	1179
3	1034	968	955
3	939	955	968
3	1128	1106	1175
3	1069	1106	1128
3	978	1069	1128
3	1051	978	1128
3	1069	986	1106
3	978	986	1069
3	943	986	978
3	851	943	978
3	939	836	955
3	836	905	955
3	751	905	836
3	723	836	939
3	723	751	836
3	933	851	978
3	812	878	943
3	851	815	943
3	831	815	851
3	815	812	943
3	815	719	812
3	719	688	812
3	785	657	815
3	657	719	815
3	723	661	751
3	598	661	723
3	598	570	661
3	560	570	598
3	560	555	570
3	511	555	560
3	440	511	560
3	657	606	719
3	688	719	606
3	616	606	657
3	541	688	606
3	539	541	606
3	525	606	616
3	451	525	616
3	525	539	606
3	539	470	541
3	440	453	511
3	525	470	539
3	451	470	525
3	231	230	236
3	160	193	184
3	140	145	160
3	153	182	195
3	155	146	140
3	1688	1646	1719
3	1750	1756	1770
3	1764	1755	1750
3	1604	1578	1688
3	1532	1465	1544
3	1497	1541	1615
3	1106	1127	1175
3	986	1127	1106
3	943	878	986
3	659	560	598
3	467	440	560
3	467	560	578
3	100	129	121
3	100	92	129
3	92	68	95
3	66	92	100
3	92	114	151
3	95	114	92
3	114	106	128
3	95	106	114
3	95	79	106
3	79	87	106
3	128	109	149
3	128	106	109
3	106	88	109
3	87	88	106
3	88	76	109
3	109	103	144
3	117	142	119
3	117	123	142
3	103	119	144
3	123	97	130
3	117	97	123
3	109	76	103
3	94	119	103
3	82	117	119
3	94	82	119
3	117	82	97
3	76	73	103
3	73	94	103
3	83	74	98
3	57	74	83
3	49	56	74
3	49	74	57
3	49	52	56
3	47	57	83
3	20	49	57
3	47	20	57
3	20	52	49
3	14	20	47
3	38	14	47
3	66	68	92
3	95	68	79
3	68	60	79
3	67	73	76
3	87	79	88
3	48	73	67
3	29	39	48
3	26	29	48
3	73	59	94
3	59	82	94
3	48	59	73
3	59	63	82
3	59	39	63
3	48	39	59
3	20	16	52
3	14	10	20
3	6	10	14
3	6	1	10
3	35	9	34
3	28	5	35
3	34	9	38
3	9	14	38
3	5	9	35
3	18	5	28
3	13	12	17
3	9	6	14
3	12	5	18
3	13	4	12
3	4	5	12
3	2	6	9
3	5	2	9
3	5	4	2
3	26	24	29
3	18	24	25
3	21	24	18
3	24	26	25
3	12	25	17
3	12	18	25
3	21	22	24
3	29	33	39
3	22	33	29
3	24	22	29
3	1938	1934	1962
3	1877	1863	1891
3	1863	1842	1872
3	1940	1915	1913
3	1916	1927	1923
3	1899	1891	1916
3	1891	1915	1916
3	1915	1927	1916
3	1927	1911	1923
3	1913	1915	1891
3	1891	1866	1913
3	1872	1866	1891
3	1899	1877	1891
3	1863	1872	1891
3	1889	1877	1899
3	1927	1915	1940
3	1927	1940	1934
3	1920	1934	1938
3	1928	1920	1938
3	1911	1927	1934
3	1920	1911	1934
3	1884	1920	1928
3	1884	1906	1920
3	1906	1911	1920
3	1906	1894	1911
3	1906	1803	1856
3	1865	1803	1906
3	1931	1928	1938
3	1931	1886	1928
3	1886	1931	1892
3	1878	1884	1928
3	1886	1878	1928
3	1878	1865	1884
3	1839	1878	1886
3	1839	1886	1892
3	1865	1906	1884
3	1839	1837	1878
3	1837	1865	1878
3	1848	1863	1877
3	1858	1848	1877
3	1848	1842	1863
3	1823	1848	1858
3	1797	1842	1848
3	1823	1797	1848
3	1816	1809	1823
3	1762	1797	1823
3	1809	1762	1823
3	1762	1754	1797
3	1778	1762	1809
3	1754	1744	1797
3	1793	1807	1796
3	1772	1793	1796
3	1793	1780	1803
3	1855	1837	1839
3	1837	1807	1865
3	1807	1793	1865
3	1855	1806	1837
3	1806	1807	1837
3	1612	1703	1716
3	1612	1682	1703
3	1685	1612	1716
3	1675	1685	1727
3	1598	1685	1675
3	1598	1574	1685
3	1574	1612	1685
3	1599	1668	1682
3	1599	1682	1612
3	1739	1754	1762
3	1754	1728	1744
3	1709	1744	1728
3	1739	1728	1754
3	1716	1703	1739
3	1699	1709	1728
3	1703	1699	1728
3	1703	1728	1739
3	1682	1699	1703
3	1772	1743	1793
3	1007	1053	1010
3	1772	1718	1743
3	1760	1718	1772
3	1743	1747	1793
3	1603	1718	1690
3	1743	1710	1747
3	1603	1667	1718
3	1718	1667	1743
3	1667	1710	1743
3	1679	1696	1710
3	1667	1679	1710
3	1603	1595	1667
3	1667	1619	1679
3	1593	1634	1679
3	1619	1593	1679
3	1595	1619	1667
3	1657	1724	1740
3	1654	1657	1638
3	1740	1724	1745
3	1725	1697	1745
3	1724	1684	1745
3	1684	1725	1745
3	1657	1591	1724
3	1642	1684	1724
3	1591	1642	1724
3	1684	1616	1725
3	1616	1681	1725
3	1681	1697	1725
3	1681	1631	1697
3	1631	1655	1697
3	1620	1681	1616
3	1650	1635	1681
3	1635	1631	1681
3	1555	1598	1675
3	1474	1574	1598
3	1555	1474	1598
3	1474	1507	1574
3	1555	1473	1474
3	1475	1473	1555
3	1507	1438	1508
3	1438	1474	1473
3	1475	1363	1473
3	1474	1438	1507
3	1438	1386	1508
3	1418	1363	1475
3	1363	1438	1473
3	1507	1599	1612
3	1574	1507	1612
3	1507	1508	1599
3	1189	1232	1217
3	600	696	658
3	1567	1634	1593
3	1556	1567	1593
3	1556	1492	1567
3	1492	1490	1567
3	1468	1477	1593
3	1477	1556	1593
3	1490	1523	1567
3	1502	1503	1490
3	1477	1492	1556
3	1477	1429	1492
3	1429	1490	1492
3	1490	1429	1502
3	1429	1308	1502
3	1654	1591	1657
3	1510	1591	1654
3	1510	1484	1591
3	1459	1510	1654
3	1638	1459	1654
3	1561	1459	1638
3	1573	1459	1561
3	1408	1484	1510
3	1393	1459	1573
3	1346	1408	1510
3	1459	1346	1510
3	1393	1321	1459
3	1321	1346	1459
3	1650	1590	1635
3	1635	1581	1631
3	1590	1548	1635
3	1548	1581	1635
3	1548	1530	1581
3	1363	1364	1438
3	82	77	97
3	123	157	164
3	123	130	157
3	34	38	47
3	1803	1841	1856
3	1780	1841	1803
3	1685	1716	1727
3	1747	1780	1793
3	1462	1475	1555
3	1490	1503	1523
3	1569	1631	1581
3	249	240	281
3	367	418	474
3	422	367	474
3	306	418	367
3	287	232	367
3	260	306	367
3	232	260	367
3	418	306	420
3	445	315	452
3	446	315	445
3	330	335	452
3	315	330	452
3	315	250	330
3	330	251	335
3	250	251	330
3	142	172	166
3	166	172	176
3	174	176	178
3	163	174	177
3	150	143	158
3	452	335	481
3	474	418	527
3	422	474	486
3	249	281	449
3	398	342	383
3	663	711	770
3	711	756	770
3	848	832	893
3	873	848	893
3	966	921	897
3	850	658	859
3	1133	1120	1208
3	90	74	78
3	144	119	166
3	166	119	142
3	114	128	163
3	151	114	163
3	143	151	163
3	115	121	129
3	115	129	126
3	126	129	136
3	129	92	136
3	120	126	143
3	126	136	143
3	136	92	151
3	136	151	143
3	78	66	100
3	78	100	112
3	90	78	112
3	83	98	107
3	112	100	121
3	107	98	112
3	112	121	125
3	107	112	125
3	107	125	116
3	115	116	125
3	121	115	125
3	74	90	98
3	98	90	112
3	142	123	168
3	109	144	149
3	149	144	166
3	128	149	163
3	163	149	174
3	149	166	176
3	158	143	163
3	244	263	258
3	258	263	323
3	243	246	257
3	244	243	263
3	243	257	263
3	263	257	299
3	416	465	431
3	258	323	310
3	310	323	386
3	310	386	416
3	386	323	408
3	386	408	459
3	416	386	465
3	386	459	465
3	263	299	282
3	263	282	323
3	323	282	408
3	299	257	333
3	257	298	333
3	354	299	333
3	333	298	370
3	354	333	369
3	369	333	370
3	370	393	417
3	417	369	370
3	400	369	417
3	395	304	400
3	395	400	503
3	395	503	536
3	393	463	497
3	417	393	497
3	417	497	400
3	311	304	395
3	335	311	438
3	311	395	438
3	438	395	536
3	481	335	438
3	474	527	486
3	449	281	476
3	476	422	486
3	476	500	449
3	476	486	505
3	500	476	505
3	398	383	449
3	398	449	458
3	412	398	444
3	398	458	444
3	458	449	512
3	407	412	444
3	407	444	499
3	496	407	499
3	431	465	524
3	431	524	529
3	465	459	546
3	465	546	524
3	524	546	647
3	529	524	682
3	524	647	682
3	647	546	663
3	647	663	705
3	682	647	705
3	705	663	770
3	400	497	503
3	503	497	572
3	503	572	632
3	632	572	643
3	515	438	536
3	536	503	632
3	515	536	593
3	593	536	632
3	515	593	642
3	608	515	642
3	642	593	665
3	593	632	665
3	665	632	643
3	642	665	761
3	481	515	608
3	608	642	734
3	528	562	527
3	527	562	619
3	619	562	674
3	619	674	744
3	744	674	658
3	486	527	619
3	505	486	650
3	650	486	619
3	505	650	652
3	652	650	730
3	730	650	619
3	714	652	730
3	730	619	775
3	500	505	581
3	581	505	652
3	569	500	581
3	722	569	581
3	581	652	667
3	581	667	722
3	667	652	714
3	722	667	715
3	715	667	714
3	715	714	809
3	512	449	569
3	449	500	569
3	458	512	545
3	512	569	565
3	545	512	565
3	565	569	722
3	592	545	565
3	565	722	689
3	592	565	689
3	704	592	689
3	712	704	689
3	499	444	573
3	444	458	544
3	444	544	573
3	544	458	545
3	499	573	574
3	496	499	574
3	544	545	704
3	573	544	591
3	574	573	624
3	573	591	624
3	545	592	704
3	544	704	591
3	591	704	712
3	591	712	727
3	496	574	604
3	627	604	574
3	634	574	624
3	574	634	627
3	513	587	634
3	634	587	702
3	617	604	627
3	627	634	700
3	700	634	702
3	617	627	701
3	627	700	701
3	587	625	702
3	702	625	708
3	700	702	755
3	698	682	802
3	682	705	802
3	802	705	816
3	802	816	858
3	705	770	816
3	770	756	818
3	770	818	854
3	816	770	854
3	816	854	858
3	858	854	852
3	854	825	852
3	805	837	848
3	848	837	842
3	818	848	842
3	848	818	832
3	842	825	854
3	818	842	854
3	665	643	797
3	797	643	769
3	769	805	848
3	797	769	848
3	873	797	848
3	642	761	734
3	761	665	873
3	734	761	794
3	665	797	873
3	761	873	794
3	870	794	873
3	921	859	897
3	744	658	850
3	744	850	949
3	850	859	921
3	775	744	828
3	949	850	921
3	828	744	950
3	964	949	921
3	744	949	950
3	964	921	966
3	950	949	964
3	714	730	844
3	775	619	744
3	730	775	828
3	730	828	844
3	844	828	952
3	861	844	952
3	722	715	809
3	809	714	844
3	722	809	835
3	809	844	861
3	835	809	925
3	925	809	861
3	754	835	901
3	901	835	925
3	856	901	925
3	689	754	712
3	689	722	754
3	754	722	835
3	712	754	813
3	813	754	856
3	856	754	901
3	701	700	766
3	755	702	708
3	766	700	755
3	755	708	819
3	766	755	819
3	701	766	849
3	819	892	766
3	766	892	849
3	849	892	940
3	1093	1139	1118
3	1118	1139	1158
3	1112	1093	1116
3	1093	1112	1139
3	1116	1093	1143
3	1139	1112	1182
3	1112	1116	1167
3	1142	1116	1143
3	1116	1142	1167
3	1167	1142	1180
3	1152	1133	1184
3	1057	966	965
3	1013	950	1045
3	964	966	1057
3	950	964	1045
3	251	311	335
3	261	304	311
3	251	261	311
3	248	276	304
3	304	369	400
3	351	354	369
3	289	351	369
3	304	276	369
3	276	289	369
3	299	354	360
3	351	289	356
3	360	351	356
3	354	351	360
3	443	472	537
3	443	396	472
3	408	443	459
3	376	396	443
3	408	282	443
3	360	396	376
3	299	360	376
3	282	376	443
3	282	299	376
3	213	221	235
3	219	249	221
3	206	219	221
3	207	213	235
3	207	235	239
3	211	207	239
3	213	191	221
3	200	219	206
3	208	207	211
3	207	198	213
3	191	206	221
3	187	191	213
3	198	187	213
3	281	218	287
3	218	232	287
3	240	218	281
3	219	240	249
3	219	218	240
3	180	201	218
3	200	218	219
3	200	180	218
3	180	196	201
3	232	215	260
3	218	201	232
3	215	224	260
3	201	215	232
3	215	192	224
3	201	185	215
3	185	192	215
3	261	248	304
3	251	233	261
3	233	248	261
3	248	289	276
3	158	163	177
3	161	158	177
3	147	161	170
3	161	150	158
3	135	161	147
3	135	152	161
3	152	150	161
3	186	187	198
3	172	187	186
3	181	172	186
3	177	174	178
3	172	178	176
3	178	172	181
3	170	178	181
3	170	177	178
3	161	177	170
3	191	200	206
3	198	207	208
3	191	168	200
3	191	172	168
3	187	172	191
3	168	164	200
3	172	142	168
3	123	164	168
3	200	164	180
3	180	167	196
3	157	167	180
3	164	157	180
3	167	130	159
3	130	131	159
3	157	130	167
3	185	201	196
3	196	167	185
3	167	159	185
3	159	175	192
3	185	159	192
3	159	154	175
3	99	107	116
3	86	107	99
3	86	83	107
3	99	75	86
3	152	127	150
3	120	143	150
3	127	120	150
3	127	105	120
3	120	105	126
3	105	115	126
3	105	127	101
3	115	99	116
3	105	99	115
3	81	105	101
3	105	75	99
3	135	127	152
3	101	127	135
3	97	77	102
3	131	154	159
3	131	122	154
3	122	137	154
3	130	113	131
3	97	102	130
3	102	113	130
3	131	113	122
3	102	77	113
3	77	104	113
3	47	86	75
3	47	83	86
3	65	75	105
3	81	65	105
3	70	65	81
3	65	53	75
3	53	47	75
3	69	55	65
3	55	53	65
3	69	41	55
3	34	47	53
3	35	34	53
3	35	53	55
3	41	35	55
3	41	28	35
3	36	41	69
3	77	96	104
3	72	96	77
3	63	77	82
3	63	72	77
3	63	64	72
3	63	43	64
3	43	46	64
3	39	43	63
3	36	28	41
3	23	28	36
3	27	23	31
3	23	18	28
3	23	21	18
3	43	32	46
3	33	32	43
3	39	33	43
3	27	32	33
3	21	23	27
3	22	27	33
3	22	21	27
3	1840	1877	1889
3	1885	1840	1889
3	1840	1858	1877
3	1875	1896	1923
3	1896	1916	1923
3	1896	1890	1916
3	1890	1899	1916
3	1890	1889	1899
3	1885	1889	1890
3	1885	1890	1896
3	1875	1853	1896
3	1853	1885	1896
3	1835	1853	1875
3	1844	1813	1885
3	1894	1923	1911
3	1894	1875	1923
3	1894	1856	1875
3	1856	1894	1906
3	1841	1875	1856
3	1825	1835	1875
3	1816	1858	1840
3	1816	1823	1858
3	1840	1813	1816
3	1800	1816	1813
3	1800	1782	1816
3	1782	1809	1816
3	1782	1778	1809
3	1841	1825	1875
3	1841	1783	1825
3	1780	1783	1841
3	1783	1785	1825
3	1748	1785	1783
3	1597	1999	1648
3	1727	1741	1746
3	1746	1741	1752
3	1742	1727	1746
3	1730	1727	1742
3	1727	1716	1741
3	1716	1739	1741
3	1708	1727	1730
3	1708	1675	1727
3	1673	1999	1708
3	1673	1648	1999
3	1769	1782	1800
3	1752	1778	1782
3	1741	1762	1778
3	1752	1741	1778
3	1739	1762	1741
3	1747	1783	1780
3	1748	1757	1785
3	1747	1748	1783
3	1711	1757	1748
3	1696	1711	1748
3	1747	1710	1748
3	1711	1705	1757
3	1710	1696	1748
3	1665	1711	1696
3	1665	1676	1711
3	1711	1676	1705
3	1665	1696	1679
3	1634	1665	1679
3	1665	1634	1676
3	1634	1656	1676
3	1761	1759	1768
3	1761	1740	1759
3	1761	1657	1740
3	1638	1657	1761
3	1706	1638	1761
3	1715	1695	1706
3	1695	1638	1706
3	1753	1736	1759
3	1745	1753	1759
3	1745	1734	1753
3	1734	1749	1753
3	1745	1759	1740
3	1745	1697	1734
3	1734	1700	1729
3	1697	1700	1734
3	1655	1700	1697
3	1585	1659	1655
3	1307	1453	1471
3	1307	1313	1453
3	1555	1675	1708
3	1999	1555	1708
3	1453	1555	1999
3	1597	1453	1999
3	1462	1373	1418
3	1453	1313	1462
3	1601	1656	1634
3	1610	1561	1695
3	1561	1638	1695
3	1313	1373	1462
3	224	306	260
3	396	484	472
3	396	360	356
3	173	181	186
3	173	170	181
3	175	194	192
3	154	137	175
3	122	133	137
3	104	122	113
3	69	65	70
3	64	46	72
3	31	23	36
3	1853	1844	1885
3	1673	1708	1730
3	1769	1752	1782
3	1671	1695	1715
3	1671	1610	1695
3	1731	1761	1768
3	1749	1736	1753
3	1734	1729	1749
3	1655	1659	1700
3	1462	1555	1453
3	1453	1597	1471
3	1462	1418	1475
3	1567	1601	1634
3	1567	1536	1601
3	1523	1536	1567
3	1523	1491	1536
3	1503	1491	1523
3	1308	1503	1502
3	1518	1517	1545
3	1437	1517	1518
3	1491	1437	1518
3	1437	1472	1517
3	1503	1437	1491
3	1356	1430	1472
3	1308	1376	1503
3	1437	1376	1472
3	1376	1356	1472
3	1538	1610	1608
3	1573	1561	1610
3	1538	1573	1610
3	1529	1538	1608
3	1517	1472	1529
3	1538	1331	1573
3	1472	1430	1529
3	1529	1331	1538
3	1430	1331	1529
3	1430	1379	1331
3	1366	1331	1379
3	1331	1393	1573
3	1631	1569	1655
3	1655	1569	1585
3	1569	1511	1585
3	1581	1478	1569
3	1530	1478	1581
3	1478	1511	1569
3	1530	1398	1478
3	1394	1414	1478
3	1414	1397	1511
3	1398	1394	1478
3	1373	1402	1418
3	1373	1313	1402
3	1313	1344	1402
3	1154	1344	1313
3	1307	1165	1313
3	1165	1154	1313
3	1169	1154	1165
3	1376	1437	1503
3	1266	1356	1376
3	1266	1379	1430
3	1356	1266	1430
3	1217	1232	1366
3	1225	1251	1279
3	1171	1251	1225
3	1171	1128	1251
3	1083	1171	1225
3	1147	1095	1225
3	1233	1225	1279
3	1272	1233	1279
3	1273	1277	1316
3	1233	1273	1316
3	1233	1206	1225
3	1225	1130	1147
3	1206	1233	1316
3	1163	1206	1316
3	1206	1130	1225
3	1398	1336	1394
3	1336	1343	1394
3	1394	1339	1414
3	1343	1339	1394
3	1339	1277	1397
3	1316	1343	1275
3	1316	1339	1343
3	1316	1277	1339
3	1275	1163	1316
3	1165	1079	1169
3	1079	1020	1169
3	1100	1079	1165
3	1027	1020	1079
3	1100	1027	1079
3	954	1020	1027
3	955	905	1100
3	905	1027	1100
3	905	954	1027
3	1944	1965	1986
3	1083	1051	1171
3	1051	1128	1171
3	1095	1083	1225
3	1111	1083	1095
3	1074	1062	1095
3	1062	1111	1095
3	1062	1074	1010
3	1189	1060	1193
3	1053	1051	1083
3	1053	1083	1111
3	1062	1053	1111
3	1007	1051	1053
3	992	959	1010
3	959	1007	1010
3	937	959	992
3	1163	1130	1206
3	1138	1130	1163
3	905	880	954
3	905	771	880
3	680	845	771
3	751	680	771
3	933	978	1007
3	959	933	1007
3	937	933	959
3	937	938	933
3	938	841	933
3	900	841	938
3	841	831	933
3	831	851	933
3	826	831	841
3	900	826	841
3	785	815	831
3	826	785	831
3	821	785	900
3	826	900	785
3	731	657	821
3	657	785	821
3	661	680	751
3	680	732	845
3	595	732	680
3	595	605	732
3	661	570	680
3	570	595	680
3	520	605	595
3	555	595	570
3	580	605	520
3	520	595	555
3	520	535	580
3	511	520	555
3	511	453	520
3	507	489	518
3	508	509	602
3	518	508	602
3	518	489	508
3	508	473	509
3	508	434	473
3	509	557	601
3	517	557	509
3	509	468	517
3	579	616	657
3	553	451	616
3	691	579	731
3	579	657	731
3	553	616	579
3	472	553	579
3	472	579	607
3	484	451	553
3	472	484	553
3	520	435	535
3	453	435	520
3	435	464	535
3	415	435	453
3	363	415	453
3	415	411	435
3	352	411	415
3	363	302	415
3	302	352	415
3	352	399	411
3	275	343	352
3	387	302	363
3	275	239	343
3	302	275	352
3	268	302	387
3	268	275	302
3	306	290	339
3	290	314	339
3	306	224	290
3	420	489	507
3	454	434	489
3	420	454	489
3	375	441	434
3	339	375	454
3	454	375	434
3	420	339	454
3	306	339	420
3	434	508	489
3	460	378	517
3	468	509	473
3	468	460	517
3	397	460	468
3	473	397	468
3	460	345	378
3	345	460	397
3	380	446	378
3	320	345	397
3	378	345	380
3	380	315	446
3	303	345	320
3	250	315	380
3	303	380	345
3	409	404	451
3	348	404	409
3	356	348	409
3	356	297	348
3	297	273	348
3	289	297	356
3	289	253	297
3	409	451	484
3	396	409	484
3	356	409	396
3	268	229	275
3	229	223	275
3	247	229	268
3	223	239	275
3	208	211	212
3	193	208	212
3	211	239	223
3	212	211	223
3	220	223	229
3	220	212	223
3	203	212	220
3	203	193	212
3	224	217	290
3	224	194	217
3	192	194	224
3	194	205	217
3	194	195	205
3	175	195	194
3	237	380	303
3	237	250	380
3	237	233	250
3	236	230	237
3	230	233	237
3	250	233	251
3	297	253	273
3	248	253	289
3	253	256	273
3	193	183	208
3	1536	1491	1539
3	1545	1517	1529
3	1491	1518	1545
3	1251	1274	1279
3	1339	1397	1414
3	1007	978	1051
3	751	771	905
3	290	217	314
3	441	473	434
3	448	397	473
3	467	368	440
3	440	387	453
3	387	363	453
3	368	387	440
3	268	387	368
3	268	368	318
3	269	318	334
3	314	331	339
3	288	319	331
3	314	288	331
3	432	441	390
3	390	347	432
3	390	331	347
3	375	331	390
3	339	331	375
3	375	390	441
3	436	448	473
3	436	442	447
3	441	436	473
3	448	436	447
3	442	432	347
3	432	436	441
3	436	432	442
3	332	279	359
3	384	332	413
3	522	622	603
3	603	672	1998
3	787	800	793
3	713	764	772
3	764	729	772
3	840	789	869
3	709	710	774
3	804	791	909
3	918	934	997
3	874	804	1037
3	1221	1220	1243
3	1243	1276	1299
3	1187	1164	1221
3	1254	1146	1358
3	265	327	277
3	326	309	361
3	309	312	384
3	361	309	498
3	427	309	384
3	427	384	491
3	295	321	312
3	321	328	344
3	332	312	280
3	312	321	280
3	280	321	344
3	327	280	344
3	280	279	332
3	312	332	384
3	384	413	491
3	272	264	277
3	277	327	364
3	327	344	364
3	364	344	374
3	277	364	371
3	364	389	371
3	371	389	425
3	272	277	377
3	277	371	377
3	346	272	377
3	394	346	377
3	377	371	423
3	423	371	425
3	394	377	439
3	423	425	492
3	377	423	439
3	439	423	514
3	514	423	492
3	437	394	439
3	403	433	522
3	469	403	522
3	427	491	564
3	309	427	551
3	498	309	551
3	551	427	631
3	427	564	631
3	631	564	596
3	551	631	633
3	596	564	609
3	596	609	692
3	631	596	671
3	671	596	669
3	596	692	669
3	683	669	681
3	669	692	717
3	681	669	717
3	660	681	613
3	660	683	681
3	699	568	613
3	681	717	738
3	613	681	738
3	439	514	534
3	514	492	534
3	534	492	594
3	492	549	594
3	594	549	639
3	549	568	639
3	534	594	685
3	594	639	685
3	534	685	645
3	639	568	699
3	685	639	699
3	685	699	729
3	699	800	729
3	699	613	800
3	437	439	523
3	523	439	534
3	523	534	585
3	585	534	645
3	621	585	645
3	621	645	713
3	713	645	685
3	640	782	753
3	749	640	753
3	1998	709	745
3	522	603	1998
3	469	522	655
3	522	1998	673
3	655	522	673
3	673	1998	728
3	739	673	728
3	655	673	739
3	717	718	738
3	800	613	738
3	738	718	793
3	800	738	793
3	685	729	764
3	713	685	764
3	787	729	800
3	918	840	869
3	889	840	918
3	930	889	942
3	889	918	942
3	918	869	934
3	942	918	997
3	930	942	995
3	768	765	782
3	765	768	786
3	753	782	765
3	782	750	768
3	753	765	833
3	750	789	768
3	765	817	833
3	768	789	840
3	839	768	840
3	839	840	889
3	710	749	752
3	749	753	795
3	752	749	795
3	752	779	710
3	752	795	807
3	795	753	833
3	779	752	807
3	807	795	834
3	774	779	807
3	795	833	834
3	807	834	932
3	774	807	931
3	807	932	931
3	932	960	931
3	1998	745	791
3	709	774	745
3	710	779	774
3	745	774	877
3	791	745	909
3	745	877	909
3	877	774	931
3	909	877	958
3	877	931	958
3	1229	1150	1164
3	1148	1150	1229
3	930	995	1014
3	942	997	995
3	995	997	1064
3	997	1015	1064
3	1014	995	1091
3	995	1064	1091
3	1014	1091	1092
3	1091	1064	1135
3	1113	1092	1091
3	1092	1113	1137
3	1091	1135	1113
3	1135	1242	1113
3	931	960	1066
3	931	1066	1052
3	1066	1085	1052
3	1085	1066	1087
3	1087	1084	1162
3	1085	1087	1181
3	1087	1162	1181
3	1162	1084	1211
3	804	909	1037
3	909	958	1028
3	1028	958	1052
3	958	931	1052
3	1037	909	1050
3	1050	909	1028
3	1151	1037	1050
3	1146	1052	1085
3	1028	1052	1146
3	1259	1299	1359
3	1290	1259	1377
3	1259	1359	1377
3	1359	1403	1377
3	1246	1243	1218
3	1218	1243	1259
3	1243	1246	1240
3	1221	1243	1240
3	1259	1243	1299
3	1359	1299	1403
3	1403	1299	1427
3	1229	1164	1187
3	1187	1221	1240
3	1222	1187	1240
3	1229	1187	1222
3	1292	1222	1300
3	1229	1222	1292
3	1240	1246	1270
3	1185	1148	1229
3	1185	1229	1292
3	1200	1185	1296
3	1185	1292	1296
3	1210	1200	1302
3	1296	1292	1300
3	1323	1302	1296
3	1323	1296	1369
3	1296	1300	1369
3	1323	1369	1445
3	1369	1300	1436
3	1443	1323	1445
3	1302	1323	1396
3	1396	1323	1443
3	1137	1113	1224
3	1224	1113	1242
3	1162	1211	1291
3	1228	1137	1224
3	1224	1242	1269
3	1228	1224	1211
3	1211	1224	1291
3	1224	1269	1291
3	1291	1269	1341
3	1181	1162	1256
3	1256	1162	1291
3	1181	1256	1264
3	1146	1181	1264
3	1146	1264	1358
3	1264	1256	1358
3	1256	1291	1341
3	1358	1256	1341
3	1151	1050	1207
3	1146	1085	1181
3	1050	1028	1254
3	1028	1146	1254
3	1207	1050	1254
3	1207	1254	1315
3	1244	1151	1207
3	1244	1207	1271
3	1207	1315	1271
3	1380	1315	1349
3	1271	1315	1423
3	1315	1380	1423
3	1380	1349	1399
3	1258	1244	1355
3	1355	1244	1423
3	1244	1271	1423
3	1338	1258	1355
3	447	401	448
3	401	397	448
3	401	405	397
3	385	401	447
3	366	401	385
3	401	366	405
3	320	397	405
3	366	320	405
3	362	329	366
3	329	320	366
3	349	329	362
3	294	320	329
3	320	294	303
3	252	294	329
3	262	267	307
3	262	307	273
3	404	488	470
3	404	307	488
3	451	404	470
3	348	273	404
3	404	273	307
3	247	268	318
3	269	247	318
3	228	226	254
3	254	226	269
3	226	247	269
3	247	220	229
3	216	226	228
3	216	210	226
3	220	247	226
3	210	220	226
3	214	216	228
3	220	202	203
3	210	202	220
3	199	210	216
3	245	227	266
3	225	228	238
3	214	228	225
3	204	225	227
3	197	204	227
3	204	214	225
3	214	204	216
3	204	199	216
3	245	266	288
3	245	288	314
3	217	245	314
3	222	227	245
3	217	222	245
3	222	197	227
3	217	209	222
3	209	197	222
3	205	209	217
3	205	195	209
3	195	197	209
3	252	237	294
3	294	237	303
3	236	237	252
3	231	252	301
3	267	231	301
3	262	231	267
3	231	236	252
3	256	231	262
3	234	231	256
3	256	262	273
3	199	202	210
3	202	184	203
3	188	202	199
3	188	184	202
3	171	184	188
3	155	160	184
3	155	184	171
3	155	140	160
3	190	189	204
3	204	189	199
3	197	190	204
3	182	179	190
3	171	188	189
3	165	189	179
3	165	171	189
3	156	179	182
3	156	165	179
3	146	155	171
3	165	146	171
3	195	190	197
3	182	190	195
3	1664	1678	1721
3	1678	1688	1721
3	1721	1688	1732
3	1688	1719	1732
3	1664	1562	1678
3	1678	1604	1688
3	1737	1750	1751
3	1750	1737	1756
3	1750	1735	1751
3	1713	1737	1751
3	1721	1756	1737
3	1721	1732	1756
3	1704	1721	1737
3	1713	1722	1737
3	1704	1664	1721
3	1755	1735	1750
3	1735	1713	1751
3	1717	1735	1755
3	1717	1723	1735
3	1723	1702	1735
3	1735	1702	1713
3	1707	1723	1717
3	1686	1702	1723
3	1707	1686	1723
3	1686	1669	1702
3	1701	1707	1717
3	1666	1686	1707
3	1577	1630	1701
3	1701	1630	1707
3	1630	1666	1707
3	1666	1605	1686
3	1714	1674	1689
3	1629	1674	1714
3	1693	1629	1714
3	1689	1628	1643
3	1674	1588	1689
3	1588	1628	1689
3	1629	1588	1674
3	1360	1332	1481
3	1481	1578	1604
3	1527	1481	1604
3	1509	1481	1527
3	1446	1481	1509
3	1562	1604	1678
3	1604	1562	1527
3	1630	1605	1666
3	1566	1540	1577
3	1577	1579	1630
3	1577	1500	1579
3	1540	1500	1577
3	1540	1464	1500
3	1465	1464	1540
3	1465	1448	1464
3	1448	1465	1479
3	1558	1526	1592
3	1505	1526	1558
3	1479	1465	1532
3	1526	1457	1532
3	1486	1457	1526
3	1457	1479	1532
3	1486	1526	1505
3	1447	1486	1505
3	1409	1457	1486
3	1409	1486	1447
3	1417	1409	1447
3	1628	1558	1643
3	1515	1558	1628
3	1588	1515	1628
3	1463	1515	1588
3	1515	1505	1558
3	1447	1505	1515
3	1463	1405	1515
3	1405	1447	1515
3	1405	1288	1447
3	1629	1463	1588
3	1552	1310	1629
3	1310	1463	1629
3	1419	1310	1552
3	1541	1693	1615
3	1541	1629	1693
3	1541	1552	1629
3	1541	1419	1552
3	1497	1419	1541
3	1497	1312	1419
3	1454	1312	1497
3	1446	1325	1481
3	1325	1360	1481
3	1285	1325	1446
3	1134	1325	1285
3	1325	1122	1360
3	1134	1122	1325
3	1282	1285	1446
3	1161	1247	1219
3	1312	1247	1419
3	1274	1127	1304
3	1312	1219	1247
3	1219	1312	1304
3	1127	1219	1304
3	1274	1175	1127
3	1127	1125	1219
3	1312	1454	1371
3	1303	1312	1371
3	1303	1304	1312
3	1043	1122	1134
3	1134	1022	1043
3	1043	968	1122
3	968	1034	1122
3	865	968	1043
3	1022	865	1043
3	883	865	1022
3	1219	1086	1161
3	986	1125	1127
3	1125	1086	1219
3	1125	1036	1086
3	986	1036	1125
3	986	980	1036
3	1036	980	1008
3	986	878	980
3	980	944	1008
3	865	781	968
3	781	939	968
3	883	803	865
3	781	723	939
3	803	781	865
3	781	659	723
3	659	781	803
3	637	612	803
3	612	659	803
3	980	922	944
3	878	922	980
3	853	922	878
3	853	811	857
3	878	582	853
3	812	582	878
3	582	716	853
3	716	811	853
3	688	582	812
3	659	598	723
3	612	578	659
3	578	560	659
3	637	521	612
3	521	578	612
3	521	466	578
3	478	533	493
3	478	477	533
3	475	538	626
3	457	493	538
3	426	475	495
3	495	559	519
3	466	467	578
3	288	266	296
3	331	319	347
3	457	447	493
3	475	457	538
3	366	385	362
3	252	329	349
3	301	252	349
3	470	488	541
3	238	228	254
3	225	238	266
3	1722	1704	1737
3	1457	1448	1479
3	1422	1282	1446
3	1288	1417	1447
3	1247	1310	1419
3	1086	1149	1161
3	519	559	735
3	857	898	922
3	853	857	922
3	538	577	654
3	495	475	626
3	559	495	626
3	582	519	716
3	541	582	688
3	541	554	582
3	554	519	582
3	488	519	554
3	504	358	521
3	358	466	521
3	466	368	467
3	318	368	466
3	358	334	466
3	334	318	466
3	334	358	337
3	269	334	284
3	284	334	337
3	300	313	341
3	313	284	337
3	300	278	313
3	291	278	300
3	278	284	313
3	317	336	338
3	296	317	338
3	317	300	336
3	291	300	317
3	266	317	296
3	382	372	421
3	340	336	372
3	338	336	340
3	340	372	382
3	357	340	382
3	340	296	338
3	319	296	340
3	288	296	319
3	402	477	478
3	402	357	477
3	347	357	402
3	347	319	357
3	319	340	357
3	493	442	478
3	447	442	493
3	442	402	478
3	442	347	402
3	406	457	475
3	385	447	457
3	406	385	457
3	426	406	475
3	381	426	495
3	349	426	381
3	349	406	426
3	362	406	349
3	362	385	406
3	301	349	381
3	541	488	554
3	488	495	519
3	488	381	495
3	307	381	488
3	307	267	381
3	267	301	381
3	278	269	284
3	278	254	269
3	238	278	291
3	238	254	278
3	266	291	317
3	266	238	291
3	227	225	266
3	1661	1562	1664
3	1713	1702	1722
3	1641	1704	1722
3	1702	1641	1722
3	1641	1626	1704
3	1626	1664	1704
3	1626	1661	1664
3	1669	1644	1702
3	1644	1641	1702
3	1605	1669	1686
3	1480	1509	1527
3	1480	1446	1509
3	1480	1422	1446
3	1626	1549	1661
3	1549	1562	1661
3	1594	1549	1626
3	1444	1549	1594
3	1549	1480	1562
3	1480	1527	1562
3	1444	1480	1549
3	1444	1422	1480
3	1411	1245	1444
3	1444	1245	1422
3	1641	1594	1626
3	1543	1641	1525
3	1543	1594	1641
3	1411	1444	1594
3	1644	1525	1641
3	1557	1525	1644
3	1669	1557	1644
3	1605	1557	1669
3	1579	1605	1630
3	1605	1452	1557
3	1579	1452	1605
3	1421	1452	1435
3	1435	1452	1579
3	1500	1435	1579
3	1464	1347	1500
3	1500	1347	1435
3	1448	1347	1464
3	1372	1448	1457
3	1098	1134	1285
3	1245	1282	1422
3	1214	1282	1245
3	1282	1098	1285
3	1214	1098	1282
3	1048	1098	1214
3	1435	1335	1421
3	1448	1387	1347
3	1435	1347	1335
3	1335	1350	1421
3	1335	1347	1234
3	1145	1448	1372
3	1145	1347	1387
3	1448	1145	1387
3	1249	1145	1372
3	1145	1234	1347
3	1249	1107	1145
3	1409	1372	1457
3	1417	1372	1409
3	1417	1192	1372
3	1192	1249	1372
3	1192	1417	1253
3	1101	1249	1192
3	1126	1192	1253
3	1188	1288	1405
3	1288	1253	1417
3	1226	1188	1405
3	1126	1253	1288
3	1188	1126	1288
3	1226	1405	1463
3	1310	1226	1463
3	1247	1149	1310
3	1149	1226	1310
3	1149	1129	1226
3	1022	1134	1098
3	1030	1022	1098
3	1030	883	1022
3	946	1030	1098
3	1048	946	1098
3	989	946	1048
3	946	883	1030
3	1107	1023	1145
3	982	1023	1107
3	1033	988	982
3	1101	1107	1249
3	1101	1192	1126
3	1032	1101	1126
3	1033	1107	1101
3	961	1033	1101
3	961	1101	1032
3	961	988	1033
3	899	988	961
3	1188	1011	1126
3	963	1032	1126
3	963	1126	1011
3	1025	1011	1129
3	963	891	1032
3	891	961	1032
3	915	963	1011
3	1161	1149	1247
3	1086	1115	1149
3	1129	1188	1226
3	1115	1129	1149
3	1129	1011	1188
3	1115	1058	1129
3	1073	1058	1115
3	994	1058	1073
3	1058	1025	1129
3	994	975	1058
3	975	1025	1058
3	881	1025	975
3	924	975	994
3	1077	1109	1059
3	1097	1115	1086
3	1109	1097	1059
3	1097	1109	1115
3	1109	1073	1115
3	1077	1073	1109
3	1086	1036	1097
3	1036	1008	1097
3	994	1073	1077
3	998	994	1077
3	1008	1059	1097
3	945	924	994
3	944	969	1008
3	1008	1026	1059
3	1008	969	1026
3	783	803	883
3	783	637	803
3	946	783	883
3	777	783	946
3	777	638	783
3	620	777	778
3	620	638	777
3	988	899	982
3	899	846	982
3	798	846	899
3	798	748	846
3	748	746	846
3	748	798	790
3	820	961	891
3	820	899	961
3	758	820	891
3	820	790	899
3	790	798	899
3	820	629	790
3	758	629	820
3	629	641	790
3	1025	915	1011
3	963	806	891
3	915	780	963
3	780	806	963
3	724	780	915
3	806	758	891
3	694	758	806
3	780	694	806
3	924	881	975
3	885	881	924
3	881	915	1025
3	871	885	924
3	881	885	915
3	811	885	871
3	885	735	915
3	811	716	885
3	735	724	915
3	716	735	885
3	519	735	716
3	944	894	969
3	922	898	944
3	886	924	945
3	898	894	944
3	886	871	924
3	879	895	894
3	879	871	886
3	857	871	898
3	879	894	898
3	879	898	871
3	857	811	871
3	894	927	969
3	638	637	783
3	502	620	690
3	620	543	638
3	543	637	638
3	620	502	543
3	543	521	637
3	504	543	502
3	504	521	543
3	471	502	690
3	532	471	646
3	547	482	510
3	748	623	746
3	641	748	790
3	623	547	510
3	590	561	748
3	547	623	748
3	533	561	590
3	561	547	748
3	382	547	561
3	477	382	561
3	533	477	561
3	421	482	547
3	694	629	758
3	641	590	748
3	724	694	780
3	471	419	502
3	341	313	337
3	482	487	510
3	357	382	477
3	1543	1391	1594
3	1469	1543	1525
3	1452	1525	1557
3	1452	1400	1525
3	1033	982	1107
3	690	620	778
3	487	483	586
3	326	295	312
3	326	312	309
3	264	265	277
3	264	259	265
3	327	265	280
3	1976	1961	1983
3	1976	1949	1961
3	1946	1925	1961
3	1949	1946	1961
3	1921	1946	1949
3	1993	1997	1995
3	1993	1991	1997
3	1997	1994	1995
3	1995	1983	1993
3	1980	1991	1993
3	1983	1980	1993
3	1983	1995	1976
3	1961	1980	1983
3	1989	1994	1997
3	1985	1989	1997
3	1991	1985	1997
3	1982	1985	1991
3	1972	1964	1989
3	1985	1972	1989
3	1982	1981	1985
3	1981	1972	1985
3	1978	1935	1981
3	1972	1959	1964
3	1935	1972	1981
3	1935	1959	1972
3	1959	1950	1964
3	1950	1959	1935
3	1458	1560	1563
3	1649	1632	1672
3	1658	1672	1687
3	1834	1868	1861
3	1862	1925	1946
3	1958	1935	1978
3	1978	1981	1982
3	1961	1925	1980
3	498	551	584
3	584	551	633
3	633	631	671
3	882	839	889
3	882	830	839
3	882	889	930
3	786	768	839
3	1436	1300	1485
3	1380	1399	1470
3	1377	1403	1488
3	1403	1427	1488
3	1377	1488	1570
3	1377	1570	1606
3	1488	1606	1570
3	1488	1494	1542
3	1488	1542	1600
3	1606	1488	1600
3	1600	1542	1613
3	1613	1542	1632
3	1600	1613	1625
3	1600	1625	1627
3	1623	1625	1613
3	1606	1600	1627
3	1613	1632	1649
3	1514	1460	1589
3	1460	1582	1589
3	1623	1582	1625
3	1582	1623	1589
3	1589	1623	1658
3	1445	1369	1436
3	1443	1445	1493
3	1445	1436	1493
3	1485	1501	1436
3	1501	1485	1514
3	1458	1443	1493
3	1493	1436	1501
3	1493	1501	1514
3	1560	1493	1576
3	1576	1493	1514
3	1514	1589	1658
3	1576	1514	1658
3	1396	1443	1458
3	1458	1493	1560
3	1338	1355	1423
3	1547	1338	1423
3	1423	1380	1470
3	1580	1423	1470
3	1547	1423	1580
3	1623	1613	1649
3	1658	1623	1672
3	1623	1649	1672
3	1790	1789	1781
3	1790	1781	1814
3	1799	1789	1790
3	1814	1781	1804
3	1821	1799	1790
3	1804	1834	1814
3	1814	1834	1861
3	1845	1814	1861
3	1791	1789	1815
3	1789	1799	1815
3	1818	1791	1826
3	1799	1821	1815
3	1791	1815	1826
3	1826	1815	1847
3	1826	1847	1854
3	1854	1847	1873
3	1818	1826	1854
3	1818	1854	1862
3	1845	1861	1876
3	1876	1861	1898
3	1861	1883	1898
3	1883	1897	1898
3	1898	1897	1912
3	1912	1897	1922
3	1933	1898	1912
3	1897	1935	1922
3	1912	1922	1933
3	1854	1873	1900
3	1873	1905	1900
3	1900	1905	1948
3	1905	1951	1948
3	1900	1948	1937
3	1862	1854	1900
3	1862	1900	1925
3	1925	1900	1937
3	1933	1922	1958
3	1922	1935	1958
3	1933	1958	1966
3	1966	1958	1984
3	1958	1973	1970
3	1957	1947	1982
3	1970	1973	1947
3	1973	1958	1978
3	1947	1973	1978
3	1947	1978	1982
3	1957	1982	1991
3	1948	1951	1957
3	1951	1947	1957
3	1937	1948	1967
3	1967	1948	1977
3	1925	1967	1980
3	1948	1957	1977
3	1967	1977	1980
3	1977	1957	1991
3	1980	1977	1991
3	1925	1937	1967
3	414	326	361
3	308	293	328
3	295	308	328
3	295	328	321
3	308	295	326
3	308	326	414
3	328	316	350
3	344	328	374
3	328	350	374
3	350	316	379
3	350	379	391
3	389	364	374
3	374	350	428
3	350	391	428
3	389	374	428
3	389	428	425
3	428	391	485
3	391	379	479
3	425	428	549
3	428	485	549
3	361	498	414
3	414	498	597
3	651	498	584
3	651	584	633
3	651	633	703
3	597	498	651
3	633	671	721
3	671	669	683
3	633	721	703
3	683	726	671
3	721	671	726
3	391	479	540
3	485	391	540
3	540	556	485
3	549	485	568
3	492	425	549
3	556	540	649
3	568	485	556
3	649	540	567
3	556	613	568
3	649	567	635
3	613	556	660
3	556	649	660
3	679	649	635
3	660	649	679
3	683	660	726
3	660	679	726
3	679	635	741
3	679	741	726
3	726	741	721
3	868	830	917
3	814	868	902
3	917	830	882
3	902	868	929
3	917	882	930
3	868	917	929
3	902	929	967
3	765	786	788
3	765	788	817
3	814	788	830
3	788	786	830
3	788	814	860
3	817	788	953
3	814	830	868
3	788	860	953
3	830	786	839
3	833	817	914
3	817	953	914
3	834	833	914
3	932	834	914
3	932	914	960
3	1119	1136	1223
3	929	917	1016
3	917	930	1014
3	917	1014	1016
3	1021	929	1016
3	967	929	1021
3	967	1021	1012
3	1021	1016	1092
3	1016	1014	1092
3	1012	1021	1121
3	1021	1092	1121
3	1012	1121	1159
3	914	953	1009
3	953	1038	1009
3	991	1009	1084
3	1009	1038	1144
3	1038	1055	1144
3	1084	1009	1144
3	1144	1055	1159
3	1092	1137	1121
3	1084	1144	1211
3	991	914	1009
3	960	914	991
3	960	991	1066
3	1066	991	1084
3	1066	1084	1087
3	1241	1259	1290
3	1241	1290	1287
3	1290	1377	1287
3	1223	1136	1218
3	1218	1136	1195
3	1246	1218	1195
3	1926	1950	1935
3	1903	1921	1949
3	1903	1857	1921
3	1857	1946	1921
3	1846	1862	1946
3	1846	1946	1857
3	1846	1818	1862
3	1904	1950	1926
3	1897	1926	1935
3	1897	1904	1926
3	1897	1883	1904
3	1883	1871	1904
3	1871	1869	1904
3	1861	1871	1883
3	1868	1871	1861
3	1868	1867	1871
3	1871	1867	1869
3	1824	1857	1851
3	1824	1846	1857
3	1818	1846	1824
3	1795	1818	1824
3	1786	1795	1824
3	1795	1791	1818
3	1805	1802	1801
3	1804	1781	1802
3	1802	1776	1801
3	1777	1791	1795
3	1781	1776	1802
3	1786	1777	1795
3	1777	1789	1791
3	1827	1849	1868
3	1834	1827	1868
3	1834	1805	1827
3	1804	1805	1834
3	1805	1801	1827
3	1804	1802	1805
3	1789	1776	1781
3	1777	1776	1789
3	1773	1777	1786
3	1773	1776	1777
3	1653	1683	1694
3	1653	1560	1683
3	1694	1698	1712
3	1698	1687	1712
3	1683	1698	1694
3	1698	1658	1687
3	1683	1658	1698
3	1683	1560	1658
3	1560	1576	1658
3	1687	1692	1712
3	1691	1692	1687
3	1691	1662	1692
3	1672	1632	1687
3	1687	1632	1691
3	1632	1662	1691
3	1565	1662	1632
3	1520	1547	1580
3	1520	1433	1547
3	1433	1319	1547
3	1319	1338	1547
3	1426	1520	1470
3	1470	1520	1580
3	1399	1426	1470
3	1399	1388	1426
3	1426	1433	1520
3	1395	1433	1426
3	1412	1353	1489
3	1413	1551	1528
3	1413	1461	1551
3	1467	1413	1528
3	1382	1413	1467
3	1415	1382	1467
3	1551	1563	1653
3	1651	1551	1653
3	1563	1560	1653
3	1571	1551	1651
3	1504	1563	1551
3	1461	1504	1551
3	1504	1458	1563
3	1461	1401	1504
3	1401	1458	1504
3	1565	1614	1662
3	1565	1524	1614
3	1524	1499	1614
3	1542	1565	1632
3	1494	1565	1542
3	1494	1432	1565
3	1432	1524	1565
3	1432	1499	1524
3	1427	1494	1488
3	1432	1374	1499
3	1494	1427	1432
3	1427	1352	1432
3	1265	1319	1433
3	1194	1319	1265
3	1319	1202	1338
3	1202	1258	1338
3	1194	1202	1319
3	1357	1395	1426
3	1399	1410	1388
3	1349	1410	1399
3	1334	1265	1433
3	1395	1334	1433
3	1309	1388	1410
3	1357	1334	1395
3	1349	1309	1410
3	1315	1309	1349
3	1160	1258	1202
3	1258	1160	1244
3	1383	1440	1404
3	1388	1357	1426
3	1375	1383	1404
3	1370	1357	1388
3	1354	1370	1388
3	1348	1375	1404
3	1309	1354	1388
3	1370	1348	1357
3	1375	1354	1383
3	1370	1375	1348
3	1370	1354	1375
3	1254	1358	1383
3	1354	1254	1383
3	1309	1254	1354
3	1254	1309	1315
3	1383	1358	1440
3	1412	1341	1353
3	1257	1489	1353
3	1358	1412	1440
3	1269	1353	1341
3	1358	1341	1412
3	1257	1353	1269
3	1257	1140	1326
3	1242	1257	1269
3	1090	1140	1257
3	1242	1090	1257
3	1413	1337	1461
3	1297	1401	1461
3	1337	1297	1461
3	1322	1382	1415
3	1337	1413	1382
3	1322	1261	1382
3	1261	1337	1382
3	1261	1255	1337
3	1255	1297	1337
3	1401	1396	1458
3	1401	1302	1396
3	1298	1302	1401
3	1297	1298	1401
3	1297	1239	1298
3	1239	1210	1302
3	1255	1239	1297
3	1239	1302	1298
3	1255	1201	1239
3	1201	1143	1239
3	1239	1166	1210
3	1143	1166	1239
3	1210	1166	1200
3	1220	1168	1158
3	1164	1220	1221
3	1432	1352	1374
3	1299	1318	1427
3	1318	1352	1427
3	1318	1260	1352
3	1299	1276	1318
3	1276	1260	1318
3	1220	1260	1276
3	1158	1260	1220
3	1243	1220	1276
3	1194	1160	1202
3	1160	1151	1244
3	1160	1063	1151
3	1019	1160	1194
3	1063	1037	1151
3	973	1063	1160
3	1019	973	1160
3	973	1037	1063
3	973	874	1037
3	940	973	1019
3	940	892	973
3	1135	1090	1242
3	1140	1031	1177
3	1031	996	1177
3	1090	1031	1140
3	1015	1090	1135
3	1064	1015	1135
3	1015	1031	1090
3	976	996	1031
3	1015	976	1031
3	997	934	1015
3	934	976	1015
3	976	977	996
3	977	925	996
3	1143	1104	1166
3	1104	1185	1200
3	1166	1104	1200
3	1104	1148	1185
3	1104	1117	1148
3	1117	1150	1148
3	1104	1093	1117
3	1164	1168	1220
3	1118	1158	1168
3	1164	1150	1168
3	1150	1118	1168
3	1117	1118	1150
3	1093	1118	1117
3	896	874	973
3	892	896	973
3	819	827	892
3	827	896	892
3	804	874	896
3	827	822	896
3	822	804	896
3	708	796	827
3	796	822	827
3	796	739	822
3	728	804	822
3	739	728	822
3	662	739	796
3	708	662	796
3	656	662	708
3	728	791	804
3	728	1998	791
3	847	856	872
3	789	750	869
3	750	762	869
3	847	813	856
3	762	847	872
3	869	762	872
3	762	712	847
3	712	813	847
3	762	727	712
3	750	727	762
3	872	977	976
3	872	856	977
3	934	872	976
3	869	872	934
3	644	767	769
3	837	707	842
3	707	773	842
3	808	825	773
3	805	707	837
3	773	713	808
3	767	707	805
3	743	713	773
3	707	743	773
3	662	655	739
3	676	628	727
3	676	727	750
3	782	676	750
3	644	668	767
3	668	707	767
3	265	279	280
3	1952	1949	1976
3	1851	1857	1903
3	1788	1786	1824
3	1776	1784	1801
3	1827	1819	1849
3	1801	1819	1827
3	1776	1773	1784
3	1528	1551	1571
3	1348	1293	1357
3	1257	1326	1489
3	1093	1104	1143
3	708	827	819
3	856	925	977
3	769	767	805
3	643	644	769
3	842	773	825
3	1810	1817	1829
3	1817	1860	1864
3	1618	1587	1645
3	1622	1618	1645
3	1611	1622	1645
3	1586	1611	1645
3	1564	1575	1611
3	1572	1611	1586
3	1516	1564	1611
3	1564	1431	1575
3	1572	1516	1611
3	1516	1431	1564
3	1516	1434	1431
3	1434	1367	1431
3	1450	1434	1516
3	1450	1384	1434
3	1367	1324	1431
3	1365	1235	1466
3	1587	1617	1645
3	1617	1637	1645
3	1587	1602	1617
3	1482	1602	1587
3	1618	1496	1587
3	1618	1466	1496
3	1466	1456	1496
3	1235	1456	1466
3	1449	1482	1496
3	1449	1496	1456
3	1268	1324	1367
3	1384	1367	1434
3	1333	1235	1365
3	1342	1367	1384
3	1342	1268	1367
3	1295	1324	1268
3	1191	1284	1295
3	1191	1186	1284
3	1209	1268	1342
3	1333	1132	1235
3	1186	1132	1333
3	1191	1295	1268
3	1235	1301	1456
3	1301	1449	1456
3	1301	1407	1449
3	1235	1157	1301
3	1132	1157	1235
3	1055	1012	1159
3	1055	985	1012
3	1038	974	1055
3	974	985	1055
3	1012	985	967
3	860	985	974
3	1209	1191	1268
3	1108	1132	1186
3	1131	1114	1209
3	1114	1191	1209
3	1108	1075	1132
3	1114	1108	1191
3	1075	1114	1131
3	1075	1108	1114
3	1132	1119	1157
3	1075	1131	1136
3	1132	1075	1119
3	1119	1075	1136
3	1038	860	974
3	985	814	902
3	953	860	1038
3	860	814	985
3	902	967	985
3	760	741	684
3	684	776	677
3	747	776	741
3	747	687	776
3	760	721	741
3	760	703	721
3	686	651	760
3	651	703	760
3	684	686	760
3	635	567	747
3	687	611	677
3	747	567	687
3	567	611	687
3	599	611	567
3	550	526	686
3	494	571	599
3	567	494	599
3	479	494	567
3	531	651	686
3	531	597	651
3	526	531	686
3	531	414	597
3	325	531	526
3	531	325	414
3	494	388	480
3	479	388	494
3	429	274	526
3	379	388	479
3	322	274	429
3	388	305	424
3	379	305	388
3	316	305	379
3	328	286	316
3	286	305	316
3	286	292	305
3	286	274	322
3	293	286	328
3	274	325	526
3	325	308	414
3	283	325	274
3	283	293	308
3	283	308	325
3	283	286	293
3	274	286	283
3	1917	1953	1939
3	1990	1984	1988
3	1984	1987	1988
3	1988	1953	1992
3	1984	1970	1987
3	1988	1975	1953
3	1987	1975	1988
3	1947	1955	1975
3	1939	1953	1975
3	1955	1939	1975
3	1951	1955	1947
3	1990	1988	1992
3	1956	1966	1990
3	1966	1984	1990
3	1933	1966	1956
3	1942	1929	1971
3	1929	1956	1971
3	1951	1939	1955
3	1905	1939	1951
3	1905	1909	1939
3	1909	1917	1939
3	1881	1917	1909
3	1881	1880	1917
3	1905	1873	1909
3	1873	1881	1909
3	1852	1880	1881
3	1873	1833	1881
3	1833	1852	1881
3	1895	1876	1914
3	1817	1895	1888
3	1895	1830	1876
3	1956	1929	1933
3	1942	1918	1929
3	1929	1898	1933
3	1918	1914	1929
3	1914	1876	1929
3	1876	1898	1929
3	1838	1833	1873
3	1847	1838	1873
3	1832	1838	1847
3	1815	1832	1847
3	1828	1838	1832
3	1831	1828	1832
3	1838	1828	1833
3	1832	1821	1831
3	1815	1821	1832
3	1830	1895	1817
3	1830	1790	1876
3	1790	1845	1876
3	1820	1830	1817
3	1820	1831	1830
3	1831	1821	1830
3	1828	1831	1820
3	1821	1790	1830
3	1583	1572	1586
3	1582	1476	1583
3	1460	1476	1582
3	1476	1572	1583
3	1476	1450	1572
3	1450	1516	1572
3	1514	1485	1460
3	1424	1450	1476
3	1460	1406	1476
3	1406	1424	1476
3	1485	1406	1460
3	1300	1406	1485
3	1617	1627	1637
3	1586	1645	1637
3	1637	1627	1625
3	1586	1637	1625
3	1617	1624	1627
3	1617	1602	1624
3	1583	1586	1625
3	1602	1537	1624
3	1482	1537	1602
3	1449	1407	1482
3	1624	1606	1627
3	1537	1606	1624
3	1537	1377	1606
3	1407	1377	1537
3	1482	1407	1537
3	1407	1287	1377
3	1144	1159	1228
3	1211	1144	1228
3	1159	1121	1228
3	1121	1137	1228
3	1289	1384	1450
3	1424	1289	1450
3	1406	1278	1424
3	1278	1289	1424
3	1289	1342	1384
3	1300	1270	1406
3	1270	1278	1406
3	1289	1209	1342
3	1270	1195	1278
3	1270	1246	1195
3	1278	1196	1289
3	1195	1196	1278
3	1196	1209	1289
3	1131	1209	1196
3	1301	1287	1407
3	1157	1287	1301
3	1157	1241	1287
3	1223	1218	1259
3	1223	1241	1157
3	1223	1259	1241
3	1195	1131	1196
3	1136	1131	1195
3	1119	1223	1157
3	741	635	747
3	540	479	567
3	1947	1975	1987
3	1958	1970	1984
3	1970	1947	1987
3	1790	1814	1845
3	1582	1583	1625
3	1300	1222	1270
3	1222	1240	1270
3	808	823	852
3	825	808	852
3	772	787	823
3	772	823	808
3	772	729	787
3	713	772	808
3	852	802	858
3	823	802	852
3	787	793	823
3	793	802	823
3	793	718	802
3	718	698	802
3	662	461	655
3	461	469	655
3	656	530	662
3	530	461	662
3	552	433	530
3	1931	1938	1945
3	1960	1938	1968
3	1962	1934	1940
3	1938	1962	1968
3	0	2	4
3	79	76	88
3	270	258	310
3	257	271	298
3	370	298	393
3	572	497	610
3	643	572	644
3	628	591	727
3	708	625	656
3	1843	1851	1870
3	1901	1879	1892
3	1892	1931	1936
3	1901	1892	1936
3	1904	1901	1936
3	1950	1904	1936
3	1936	1931	1945
3	1842	1843	1872
3	1843	1866	1872
3	1866	1843	1870
3	1870	1851	1903
3	1866	1870	1903
3	1866	1903	1907
3	1866	1907	1913
3	1913	1907	1932
3	1907	1903	1949
3	1913	1932	1940
3	1950	1936	1963
3	1936	1945	1963
3	1945	1938	1960
3	1950	1963	1964
3	1963	1945	1960
3	1964	1963	1989
3	1963	1960	1989
3	1940	1974	1962
3	1940	1952	1974
3	1960	1968	1994
3	1968	1962	1994
3	1989	1960	1994
3	1994	1962	1995
3	1962	1974	1995
3	1974	1976	1995
3	1932	1907	1952
3	1907	1949	1952
3	1940	1932	1952
3	1952	1976	1974
3	17	25	37
3	25	26	45
3	0	4	3
3	3	4	13
3	3	13	19
3	3	19	8
3	8	19	44
3	13	17	37
3	13	37	19
3	19	37	44
3	1	0	7
3	0	1	2
3	0	3	7
3	7	3	8
3	2	1	6
3	7	8	15
3	10	1	11
3	11	1	7
3	10	11	16
3	10	16	20
3	11	7	15
3	16	11	15
3	30	16	15
3	52	16	30
3	26	48	62
3	45	26	62
3	62	48	67
3	62	76	79
3	62	67	76
3	37	25	45
3	37	45	50
3	44	37	51
3	51	37	50
3	45	62	50
3	60	51	50
3	60	50	62
3	79	60	62
3	15	8	40
3	8	44	40
3	44	51	40
3	51	60	68
3	40	51	66
3	66	51	68
3	15	40	30
3	52	30	61
3	30	40	66
3	61	30	66
3	56	61	66
3	56	66	78
3	56	52	61
3	74	56	78
3	265	259	279
3	259	270	279
3	255	244	258
3	244	255	242
3	255	259	264
3	242	255	264
3	242	264	272
3	255	258	259
3	259	258	270
3	243	242	246
3	242	243	244
3	257	246	271
3	246	242	272
3	246	324	271
3	324	246	272
3	279	270	310
3	359	279	310
3	332	359	413
3	359	310	431
3	310	416	431
3	359	431	413
3	413	431	583
3	413	583	491
3	324	272	346
3	324	346	394
3	298	271	324
3	298	324	353
3	353	324	394
3	298	353	393
3	353	394	455
3	393	353	455
3	394	437	455
3	393	455	463
3	433	403	530
3	403	461	530
3	461	403	469
3	431	529	583
3	491	583	609
3	564	491	609
3	583	529	609
3	609	529	682
3	609	682	695
3	692	609	695
3	695	682	698
3	695	698	718
3	692	695	717
3	695	718	717
3	455	437	523
3	463	455	523
3	463	566	542
3	463	523	566
3	566	523	585
3	566	585	664
3	664	585	621
3	664	621	743
3	621	713	743
3	707	664	743
3	463	542	497
3	497	542	610
3	610	542	566
3	572	610	668
3	610	566	664
3	644	572	668
3	668	610	664
3	707	668	664
3	640	676	782
3	624	591	640
3	640	591	628
3	624	640	675
3	628	676	640
3	675	640	749
3	710	675	749
3	618	558	513
3	618	513	636
3	634	624	636
3	513	634	636
3	636	624	675
3	678	618	675
3	618	636	675
3	675	710	709
3	678	675	709
3	709	1998	678
3	1998	672	678
3	548	433	513
3	433	548	522
3	433	552	587
3	513	433	587
3	548	513	558
3	548	558	618
3	622	548	618
3	522	548	622
3	587	552	625
3	552	530	656
3	625	552	656
3	622	618	678
3	622	672	603
3	672	622	678
3	149	176	174
3	438	515	481
3	1813	1840	1885
3	1478	1414	1511
3	1232	1331	1366
3	1302	1200	1296
3	189	188	199
3	179	189	190
3	1261	1201	1255
3	1587	1496	1482
3	741	776	684
3	1793	1803	1865
3	1010	1074	1060
3	1074	1096	1060
3	1010	1053	1062
