-0.62877	-0.48254	0.32238
-0.66357	-0.47004	0.33849
-0.62233	-0.48912	0.28699
-0.60217	-0.47782	0.32557
-0.59931	-0.48511	0.29907
-0.58241	-0.48159	0.24833
-0.63433	-0.48287	0.27687
-0.65367	-0.46415	0.34711
-0.62058	-0.45842	0.34145
-0.60466	-0.47853	0.24551
-0.67236	-0.45464	0.31309
-0.66668	-0.44599	0.33472
-0.55482	-0.47633	0.26146
-0.55886	-0.47083	0.29196
-0.6539	-0.45394	0.26173
-0.64741	-0.42498	0.34007
-0.69416	-0.41969	0.33638
-0.53689	-0.46113	0.27849
-0.53789	-0.46967	0.23792
-0.574	-0.45499	0.31199
-0.68949	-0.43106	0.28942
-0.50339	-0.48631	0.1926
-0.46646	-0.48692	0.19324
-0.51431	-0.48781	0.14956
-0.49249	-0.48505	0.22068
-0.51714	-0.45707	0.27365
-0.48198	-0.46153	0.26913
-0.4862	-0.49014	0.1269
-0.55267	-0.46145	0.20592
-0.4416	-0.47289	0.22928
-0.68763	-0.40298	0.33553
-0.50875	-0.4757	0.091919
-0.45906	-0.48689	0.1105
-0.43061	-0.48207	0.17806
-0.62081	-0.44277	0.22028
-0.58854	-0.44452	0.21009
-0.54678	-0.45912	0.11998
-0.52449	-0.43665	0.29087
-0.64672	-0.4353	0.23721
-0.391	-0.46765	0.18739
-0.61797	-0.40092	0.31747
-0.56235	-0.4482	0.19274
-0.46125	-0.46944	0.070544
-0.40278	-0.47722	0.14072
-0.57022	-0.43318	0.31032
-0.47966	-0.4402	0.28548
-0.42556	-0.47446	0.096354
-0.65658	-0.4047	0.22084
-0.40202	-0.44238	0.24235
-0.70192	-0.38519	0.27803
-0.47172	-0.41868	0.2951
-0.53059	-0.4182	0.2934
-0.69718	-0.39437	0.31076
-0.60582	-0.41348	0.19533
-0.42442	-0.46441	0.075171
-0.5763	-0.42106	0.18975
-0.70876	-0.35818	0.31583
-0.69421	-0.38344	0.25244
-0.52359	-0.44605	0.069885
-0.35698	-0.43601	0.20609
-0.51661	-0.39672	0.28452
-0.67607	-0.37995	0.31744
-0.45212	-0.41253	0.29261
-0.34941	-0.45108	0.14479
-0.37243	-0.45731	0.10523
-0.58147	-0.39401	0.17993
-0.64196	-0.36771	0.30432
-0.40431	-0.4172	0.25755
-0.53812	-0.3726	0.27399
-0.56586	-0.42501	0.13076
-0.56129	-0.40724	0.088895
-0.44385	-0.44439	0.050054
-0.36524	-0.43929	0.081878
-0.36692	-0.40355	0.23152
-0.70681	-0.34156	0.27425
-0.62701	-0.37478	0.18987
-0.38519	-0.39541	0.23704
-0.32534	-0.42009	0.1204
-0.68351	-0.33674	0.29464
-0.47787	-0.38916	0.26788
-0.51217	-0.40986	0.046301
-0.57763	-0.3775	0.14071
-0.3263	-0.41112	0.17653
-0.68589	-0.34042	0.22589
-0.36957	-0.40863	0.052274
-0.46937	-0.42309	0.038278
-0.66069	-0.34971	0.20403
-0.4328	-0.38439	0.23999
-0.40536	-0.39274	0.23199
-0.53891	-0.39067	0.06045
-0.70268	-0.31437	0.27848
-0.42081	-0.41361	0.041425
-0.5503	-0.32152	0.24315
-0.5505	-0.38162	0.080919
-0.33553	-0.3874	0.20191
-0.51225	-0.32544	0.22986
-0.35413	-0.41966	0.071295
-0.316	-0.39511	0.14394
-0.70037	-0.31643	0.25415
-0.63352	-0.34014	0.19164
-0.61632	-0.32821	0.26904
-0.56621	-0.35275	0.12558
-0.31647	-0.40932	0.12768
-0.35176	-0.3667	0.21125
-0.33558	-0.41232	0.068209
-0.58204	-0.35018	0.17389
-0.42842	-0.36755	0.22109
-0.6716	-0.31301	0.22239
-0.44252	-0.38057	0.033628
-0.38158	-0.3566	0.19606
-0.39298	-0.38823	0.035372
-0.4812	-0.38304	0.035559
-0.68618	-0.30446	0.27176
-0.29797	-0.40363	0.098293
-0.49613	-0.31353	0.21587
-0.59553	-0.31668	0.2078
-0.62878	-0.31779	0.20812
-0.31914	-0.36738	0.16948
-0.47618	-0.35117	0.051763
-0.32907	-0.3533	0.18112
-0.56039	-0.31097	0.17651
-0.60552	-0.31528	0.24618
-0.27613	-0.39575	0.065582
-0.31576	-0.36312	0.14811
-0.40784	-0.37437	0.032195
-0.64932	-0.30102	0.23696
-0.57529	-0.3194	0.19743
-0.56207	-0.32915	0.13667
-0.41474	-0.3204	0.17854
-0.57356	-0.31586	0.23262
-0.27636	-0.37214	0.13217
-0.25827	-0.37997	0.091583
-0.33076	-0.39613	0.035915
-0.27836	-0.38879	0.034562
-0.32496	-0.38376	0.01467
-0.51591	-0.31847	0.097155
-0.55233	-0.30551	0.22451
-0.23931	-0.3766	0.041267
-0.41954	-0.35751	0.029508
-0.26117	-0.38767	0.012483
-0.37643	-0.35822	-0.0047943
-0.29884	-0.38862	-0.0051489
-0.3384	-0.32495	0.14978
-0.54006	-0.29075	0.1981
-0.35534	-0.33272	0.19152
-0.39099	-0.35115	0.0065844
-0.34438	-0.36967	-0.020973
-0.47918	-0.31972	0.070569
-0.43835	-0.31767	0.04863
-0.404	-0.29853	0.16822
-0.54191	-0.29747	0.16293
-0.52956	-0.29896	0.22295
-0.52831	-0.30465	0.12547
-0.22994	-0.34306	0.0012185
-0.23515	-0.36389	0.064216
-0.36535	-0.35003	-0.025803
-0.25566	-0.35389	-0.020161
-0.26045	-0.3395	0.12614
-0.52669	-0.28756	0.18329
-0.22339	-0.34819	0.080045
-0.39252	-0.33444	-0.010971
-0.49963	-0.29239	0.12653
-0.41271	-0.3321	0.020233
-0.47104	-0.27666	0.18562
-0.28254	-0.31831	0.12328
-0.30342	-0.34565	-0.033864
-0.37306	-0.30306	0.16929
-0.231	-0.3295	0.10937
-0.32723	-0.30701	0.12953
-0.42728	-0.31864	0.037203
-0.44782	-0.29597	0.083524
-0.34096	-0.33346	-0.036074
-0.3744	-0.29475	0.13026
-0.41928	-0.29246	0.058626
-0.44098	-0.27551	0.16657
-0.21129	-0.32854	0.025639
-0.41342	-0.27947	0.15674
-0.45993	-0.28048	0.13313
-0.43485	-0.27867	0.13234
-0.27958	-0.33168	-0.050806
-0.23274	-0.29578	0.10382
-0.41094	-0.28451	0.1083
-0.24848	-0.33322	-0.044409
-0.40005	-0.29322	0.0054968
-0.37115	-0.29322	-0.032614
-0.20883	-0.31018	0.078383
-0.40562	-0.28376	0.093044
-0.36491	-0.27279	0.10924
-0.34902	-0.3041	-0.04674
-0.31363	-0.31399	-0.061408
-0.27231	-0.32909	-0.069313
-0.33658	-0.25233	0.11235
-0.19463	-0.29694	0.037445
-0.39204	-0.26612	-0.0032577
-0.18761	-0.281	-0.0098768
-0.21659	-0.31379	-0.051279
-0.21308	-0.28586	0.090652
-0.25304	-0.30681	-0.086491
-0.3864	-0.26784	0.074305
-0.34601	-0.2902	-0.073377
-0.27869	-0.26367	0.11408
-0.20174	-0.26479	0.075892
-0.37378	-0.27999	-0.0472
-0.38284	-0.25748	-0.015095
-0.29581	-0.29935	-0.094489
-0.19857	-0.28553	-0.043433
-0.30263	-0.24061	0.10752
-0.36785	-0.24001	0.077387
-0.39324	-0.26601	0.042808
-0.2268	-0.29525	-0.076474
-0.36797	-0.25271	-0.069421
-0.38192	-0.23571	0.039327
-0.38726	-0.24501	0.012413
-0.34562	-0.2237	0.092458
-0.30146	-0.27832	-0.099013
-0.18801	-0.255	0.048647
-0.34939	-0.26234	-0.08512
-0.18535	-0.24666	-0.046589
-0.23561	-0.21953	0.086465
-0.27354	-0.23157	0.10776
-0.38191	-0.24633	-0.035169
-0.31701	-0.21589	0.10405
-0.21564	-0.26009	-0.080157
-0.38107	-0.21961	0.010609
-0.17181	-0.22792	-0.0028961
-0.29582	-0.25011	-0.11553
-0.3786	-0.23145	-0.082917
-0.25118	-0.25609	-0.1077
-0.33898	-0.24654	-0.10457
-0.38558	-0.21914	-0.015976
0.15726	-0.32816	-0.12137
0.17296	-0.33571	-0.15063
-0.20079	-0.21437	0.065397
0.18261	-0.32459	-0.084182
0.20491	-0.33174	-0.1232
-0.34699	-0.19331	0.074183
0.1498	-0.32674	-0.14505
0.11919	-0.31238	-0.12021
-0.33638	-0.23109	-0.12609
-0.36611	-0.2045	0.045842
-0.25838	-0.20716	0.10679
0.21131	-0.33029	-0.096831
0.50137	-0.33957	0.083504
0.47192	-0.34291	0.04413
0.51953	-0.34701	0.059424
-0.20446	-0.24472	-0.10003
0.45183	-0.33262	0.069708
-0.40366	-0.20909	-0.040614
0.24127	-0.31435	-0.056185
-0.27684	-0.16421	0.10246
0.13783	-0.29804	-0.072936
0.17391	-0.29478	-0.037202
0.12519	-0.31357	-0.17282
0.26322	-0.32173	-0.10183
-0.37502	-0.22465	-0.10545
0.55547	-0.34093	0.0997
0.2214	-0.33064	-0.14444
0.43511	-0.33182	0.039577
0.54026	-0.34438	0.0483
0.58977	-0.34468	0.096701
-0.18123	-0.21699	0.041782
0.21391	-0.29756	-0.02854
0.2035	-0.32221	-0.18862
0.4729	-0.33838	0.015559
0.57423	-0.33488	0.12864
0.61234	-0.34438	0.11243
-0.2634	-0.23339	-0.14534
0.17421	-0.30346	-0.21928
-0.42591	-0.18447	-0.043824
-0.39882	-0.2094	-0.10953
0.58905	-0.34097	0.067497
0.43006	-0.31012	0.082199
0.51292	-0.31764	0.12761
0.24193	-0.31878	-0.16934
0.64709	-0.3005	0.32349
-0.39481	-0.1803	0.022209
0.2742	-0.30063	-0.043596
0.58014	-0.31465	0.16179
-0.36764	-0.21487	-0.15279
0.62968	-0.33954	0.087303
0.64622	-0.32801	0.12895
-0.24752	-0.1639	0.10107
0.45863	-0.31455	-0.026721
0.66389	-0.31093	0.27967
-0.4088	-0.20072	-0.14435
-0.32874	-0.16506	0.089135
0.63708	-0.31116	0.31627
-0.21793	-0.18595	0.076838
-0.1916	-0.23656	-0.11685
0.306	-0.3058	-0.0777
-0.16021	-0.21923	-0.025296
-0.32973	-0.22249	-0.16646
0.61588	-0.27587	0.35019
0.6519	-0.31359	0.27138
0.10682	-0.29928	-0.15613
0.69669	-0.32856	0.19603
-0.24696	-0.23047	-0.17149
0.28088	-0.31427	-0.12046
0.39886	-0.29161	0.064866
0.4168	-0.30351	-0.016519
-0.3458	-0.21962	-0.20009
0.14155	-0.303	-0.21052
-0.41547	-0.16558	0.017974
0.097914	-0.28679	-0.11949
0.27972	-0.27574	-0.0041847
0.60564	-0.27561	0.33268
-0.16103	-0.19819	0.021268
0.21752	-0.29515	-0.21716
0.69442	-0.32087	0.24206
0.72956	-0.31892	0.12536
0.59802	-0.32343	0.032844
0.23569	-0.26322	0.011802
0.72015	-0.32722	0.12479
-0.39907	-0.20322	-0.17298
-0.17005	-0.22961	-0.074218
0.1424	-0.26091	-0.038687
0.6048	-0.29124	0.28502
-0.2805	-0.22463	-0.17449
-0.44382	-0.17906	-0.080687
-0.18252	-0.23612	-0.15393
0.087682	-0.27404	-0.13569
0.67597	-0.32984	0.16116
0.64225	-0.28481	0.3324
0.52179	-0.32548	-0.0073789
0.45259	-0.29795	0.11123
0.68424	-0.28621	0.2709
0.71087	-0.31763	0.21492
0.62253	-0.32302	0.14408
0.64161	-0.30953	0.22825
0.10833	-0.28566	-0.18915
0.16214	-0.2646	-0.018849
-0.16444	-0.23225	-0.12559
0.66961	-0.32454	0.10905
0.38006	-0.28368	0.018861
-0.44294	-0.18443	-0.1498
0.18828	-0.24645	0.010348
-0.27035	-0.22109	-0.21963
-0.4278	-0.18338	-0.18001
-0.27086	-0.22415	-0.21589
-0.13503	-0.20431	-0.034694
-0.19605	-0.23293	-0.19581
-0.35951	-0.20805	-0.21641
-0.33591	-0.15114	0.092373
-0.38331	-0.15045	0.04919
0.62562	-0.31083	0.17038
0.081808	-0.24799	-0.09754
0.49779	-0.2883	0.14182
-0.10091	-0.21255	-0.17305
0.29222	-0.30089	-0.14496
0.12307	-0.27437	-0.23295
0.61458	-0.28957	0.23537
0.33588	-0.29541	-0.056395
-0.42345	-0.14864	0.030231
0.41087	-0.27572	0.089765
0.39572	-0.29507	-0.013016
-0.32686	-0.20848	-0.23978
0.33897	-0.29311	-0.096518
-0.13771	-0.21743	-0.21341
-0.4796	-0.1512	-0.16536
0.64784	-0.32517	0.071143
0.39653	-0.30039	-0.053055
0.73028	-0.2965	0.19156
0.099138	-0.27329	-0.21608
-0.4443	-0.14055	-0.012883
0.59183	-0.29599	0.175
-0.28778	-0.21511	-0.24343
0.072776	-0.26304	-0.1785
-0.17767	-0.17986	0.055052
-0.48202	-0.14378	-0.083338
0.32784	-0.28275	-0.026704
0.37391	-0.2668	0.033635
0.55146	-0.28684	0.17231
-0.21422	-0.22102	-0.23456
-0.42029	-0.18361	-0.20449
0.61273	-0.29069	0.20234
-0.08967	-0.19634	-0.087324
0.44398	-0.29415	-0.051028
0.52027	-0.27113	0.17072
0.087619	-0.21781	-0.059256
0.59568	-0.26451	0.27694
0.11265	-0.26958	-0.068936
0.16848	-0.2766	-0.24604
-0.14463	-0.20609	-0.25826
-0.29086	-0.14568	0.10677
0.70094	-0.30453	0.099002
0.058163	-0.25787	-0.19972
0.54301	-0.30665	-0.022502
-0.45943	-0.14451	-0.041343
0.60864	-0.23715	0.32585
0.58467	-0.27366	0.1908
-0.094555	-0.20736	-0.12368
0.60208	-0.25524	0.23076
-0.36815	-0.18596	-0.25573
0.3804	-0.25135	0.06411
0.45783	-0.26634	0.12731
0.27512	-0.24756	0.024108
0.40185	-0.28903	-0.084324
0.055938	-0.22989	-0.11395
-0.31855	-0.12851	0.12351
-0.40483	-0.11492	0.057935
0.31395	-0.25723	0.0013089
0.030577	-0.23797	-0.14714
-0.1085	-0.20876	-0.20566
-0.56573	-0.026673	0.29825
0.26385	-0.29418	-0.18946
0.059586	-0.24526	-0.13838
0.076064	-0.26066	-0.2324
-0.37716	-0.10629	0.10912
0.50005	-0.3066	-0.037395
0.34605	-0.27861	-0.12303
-0.2951	-0.19847	-0.26944
-0.42862	-0.12262	0.050198
-0.35279	-0.13404	0.1051
0.67126	-0.30627	0.077641
0.70768	-0.24362	0.24382
-0.45191	-0.11841	0.018142
0.59977	-0.30781	0.014351
0.34642	-0.25099	0.026855
-0.12608	-0.1716	0.051259
-0.44679	-0.15874	-0.22376
-0.085456	-0.16717	0.005566
-0.15982	-0.20425	-0.26645
-0.20916	-0.15637	0.084935
0.51749	-0.24809	0.17323
0.62308	-0.24038	0.34389
0.57709	-0.25228	0.19823
0.09878	-0.24914	-0.26845
0.74169	-0.26633	0.12601
0.60137	-0.26574	0.21059
0.65009	-0.2384	0.34269
0.63888	-0.22705	0.35007
0.62025	-0.28787	0.01888
-0.080673	-0.21056	-0.15063
-0.54831	-0.04116	0.28383
-0.050958	-0.19048	-0.10488
-0.44657	-0.10356	0.045252
-0.022872	-0.21961	-0.14179
0.45235	-0.24038	0.12309
0.22834	-0.22891	0.032435
0.47875	-0.23965	0.15377
-0.50608	-0.11377	-0.063295
-0.062583	-0.20462	-0.12342
-0.041439	-0.21828	-0.17913
0.46442	-0.27804	-0.062641
-0.3506	-0.096102	0.14063
0.13606	-0.19966	-0.0097604
0.11333	-0.223	-0.037345
-0.0019298	-0.22473	-0.19409
0.003111	-0.22375	-0.14767
-0.27446	-0.1287	0.10837
-0.40511	-0.093524	0.072784
0.31625	-0.25847	-0.17279
0.15992	-0.22669	-0.0043285
-0.47208	-0.11051	-0.023134
-0.080346	-0.18721	-0.05352
0.40574	-0.23766	0.092069
-0.38891	-0.16052	-0.27663
0.0039422	-0.21914	-0.22511
-0.32654	-0.1001	0.13366
0.52105	-0.28332	-0.048089
0.077558	-0.20898	-0.085773
-0.572	-0.0080661	0.2964
-0.24455	-0.20373	-0.26903
0.38015	-0.2274	0.082882
-0.4542	-0.0881	0.07037
0.58216	-0.27424	-0.021254
-0.5077	-0.12761	-0.13221
-0.52444	-0.10259	-0.11895
0.040473	-0.19821	-0.079622
-0.56157	-0.0039122	0.3087
0.2544	-0.26296	-0.21786
-0.46077	-0.12341	-0.25369
0.42348	-0.25765	-0.099607
-0.010495	-0.19326	-0.10838
-0.14066	-0.14516	0.083175
0.062543	-0.23092	-0.26579
-0.23241	-0.13583	0.10343
-0.12536	-0.19219	-0.24331
-0.07871	-0.20525	-0.22898
0.59504	-0.22382	0.28772
0.60673	-0.2117	0.35851
0.18312	-0.19007	0.019417
-0.2015	-0.1909	-0.2828
-0.32452	-0.16755	-0.29899
0.36178	-0.261	-0.12862
0.59418	-0.2344	0.21069
-0.13721	-0.12666	0.097394
-0.26246	-0.18103	-0.29741
0.20332	-0.26306	-0.25132
-0.067302	-0.17786	-0.066705
0.61641	-0.20231	0.36955
0.68383	-0.27273	0.081239
0.52072	-0.2245	0.18327
-0.03543	-0.2055	-0.2437
0.59651	-0.20687	0.32808
0.12267	-0.23641	-0.28467
-0.41005	-0.061286	0.10543
0.35374	-0.20795	0.060651
0.76297	-0.24916	0.15882
-0.37932	-0.080799	0.13829
-0.2452	-0.10367	0.10619
0.13582	-0.18124	-0.015037
-0.49085	-0.092862	-0.24753
0.30585	-0.21222	0.0316
-0.48498	-0.13873	-0.19833
-0.20618	-0.1036	0.11499
-0.45126	-0.068588	0.085783
-0.059153	-0.15541	-0.018961
-0.011548	-0.17008	-0.076631
0.025444	-0.15812	-0.059602
-0.19808	-0.15109	-0.32983
-0.51359	-0.092255	-0.049513
-0.2955	-0.094735	0.11613
-0.46121	-0.023924	0.22507
0.49381	-0.22123	0.17739
0.22153	-0.1888	0.038539
0.16812	-0.18196	0.0072684
0.08691	-0.18754	-0.063389
-0.040392	-0.15338	-0.035165
0.14566	-0.20151	-0.30326
-0.48663	-0.057409	0.024737
-0.51599	-0.10527	-0.18618
-0.52464	0.0050432	0.32447
0.44277	-0.21426	0.12506
0.59155	-0.25505	-0.020161
0.30922	-0.24132	-0.18735
0.66248	-0.21109	0.33298
-0.10613	-0.13003	0.080272
-0.095063	-0.14843	0.047933
0.62156	-0.24077	0.0081583
-0.56593	-0.0092453	0.27302
0.7004	-0.18213	0.27746
-0.43494	-0.13582	-0.27031
-0.088275	-0.18554	-0.26965
0.48539	-0.198	0.17264
-0.47271	-0.075515	0.035411
0.26974	-0.19998	0.046404
0.4681	-0.24481	-0.074625
0.017791	-0.20561	-0.2598
0.27194	-0.2421	-0.21375
0.60475	-0.22343	0.22874
0.23328	-0.22104	-0.24394
0.3772	-0.20652	0.089303
-0.50614	-0.097378	-0.22494
-0.35085	-0.064976	0.16049
-0.32405	-0.068117	0.12873
0.53254	-0.24801	-0.055993
-0.1577	-0.17483	-0.29997
-0.49719	-0.02767	0.25648
0.56874	-0.21895	0.19085
0.65384	-0.18685	0.3449
0.75873	-0.24515	0.14008
-0.5355	-0.0025931	0.23886
0.35712	-0.23424	-0.14303
0.19893	-0.23033	-0.26986
-0.52386	-0.063181	-0.034067
0.60698	-0.20684	0.19639
0.10962	-0.16188	-0.048065
-0.45482	-0.024182	0.2371
0.12111	-0.19299	-0.30761
-0.53803	-0.078286	-0.078723
-0.12121	-0.16636	-0.27752
-0.058278	-0.13521	0.033053
0.49163	-0.23581	-0.070638
0.69097	-0.25472	0.089801
-0.29998	-0.058796	0.12015
0.38902	-0.18892	0.093303
0.60804	-0.18522	0.26857
0.57608	-0.1985	0.18155
-0.26219	-0.081048	0.11392
-0.5403	-0.039393	-0.02299
0.60409	-0.19065	0.3535
0.32802	-0.16968	0.062927
-0.36921	-0.066609	0.15978
-0.40566	-0.041993	0.15595
-0.43549	-0.051749	0.091563
-0.35007	-0.13573	-0.32195
-0.014928	-0.17813	-0.30442
-0.53697	-0.080228	-0.139
0.36386	-0.20895	-0.13719
-0.48665	-0.039257	0.086222
-0.22477	-0.082142	0.11833
0.19752	-0.19434	-0.28492
0.66168	-0.27166	0.048867
0.76179	-0.2394	0.15482
0.4425	-0.19325	0.12392
-0.32513	-0.13092	-0.33429
-0.48076	-0.015702	0.22091
-0.3842	-0.11391	-0.32741
-0.47332	-0.041974	0.097573
-0.090574	-0.17114	-0.29534
-0.35717	-0.040159	0.18634
-0.32269	-0.058915	0.12326
0.26555	-0.17708	0.046137
0.51966	-0.18868	0.18083
-0.52266	-0.027049	0.0087377
0.68472	-0.22779	0.10121
0.72116	-0.1906	0.24563
-0.55538	-0.044506	-0.081116
0.61197	-0.18242	0.30893
-0.025676	-0.10902	0.0056693
0.076997	-0.13367	-0.041418
0.0011632	-0.13703	-0.041738
-0.48762	0.013821	0.30673
-0.43315	-0.026104	0.13123
-0.51119	-0.028574	0.049535
0.27694	-0.19912	-0.21877
0.4341	-0.21789	-0.095569
0.18191	-0.14776	0.0047697
0.65688	-0.23025	0.052506
0.36346	-0.17522	0.071994
0.63182	-0.17276	0.33943
-0.54884	-0.040547	-0.16189
0.60918	-0.17999	0.14664
-0.24043	-0.14322	-0.33325
-0.51126	-0.011669	0.088225
0.31854	-0.2088	-0.18273
-0.44773	-0.024366	0.10809
-0.43399	-0.0092299	0.23977
-0.089711	-0.082899	0.097232
-0.51078	-0.063081	-0.25056
0.44149	-0.1713	0.10928
-0.4895	-0.003429	0.27791
-0.16823	-0.13366	-0.33663
-0.38375	-0.031662	0.19376
-0.50282	0.014956	0.21062
0.06304	-0.17357	-0.30162
-0.44031	-0.011915	0.1536
-0.33482	-0.030132	0.20094
-0.069391	-0.14787	-0.32345
0.46305	-0.19379	-0.069289
0.7364	-0.23908	0.13051
0.29842	-0.17579	0.043379
0.74855	-0.22145	0.16002
-0.43019	-0.0064441	0.19949
0.61966	-0.16725	0.25058
-0.41068	-0.0063757	0.23206
-0.53803	-0.064068	-0.19558
-0.52853	-0.046333	-0.23447
0.54115	-0.18019	0.17691
-0.30847	-0.022885	0.23942
-0.086081	-0.14439	-0.32888
0.22913	-0.14687	0.031097
0.31047	-0.13171	0.051993
0.33762	-0.13778	0.063105
0.48458	-0.16606	0.15493
-0.44401	-0.079307	-0.30618
0.57562	-0.21483	-0.034861
-0.47891	0.0049997	0.1147
0.61564	-0.19684	0.21693
-0.11261	-0.078333	0.10571
0.72727	-0.18423	0.23131
-0.18512	-0.079402	0.1173
-0.40705	-0.094627	-0.32483
0.027946	-0.1703	-0.30718
-0.52191	0.039455	0.28966
-0.53271	0.019093	0.23287
0.30505	-0.17011	-0.17807
-0.036029	-0.069637	0.034571
-0.56169	-0.03168	-0.122
0.62993	-0.19217	0.17578
-0.5542	-0.012908	-0.025109
-0.54143	0.033457	0.2576
0.54328	-0.20051	-0.051002
0.40072	-0.16541	0.088947
0.28731	-0.13776	0.035338
-0.50823	-0.0022631	0.10306
-0.21046	-0.052937	0.12057
0.3664	-0.16104	0.069784
0.66189	-0.19878	0.12654
0.12748	-0.11286	-0.042275
0.68748	-0.19944	0.15095
-0.4738	0.011131	0.27303
-0.49109	0.028022	0.30933
-0.056376	-0.092169	0.060986
-0.39721	0.0033939	0.2505
-0.29318	-0.017244	0.23333
0.64413	-0.14251	0.32588
-0.44349	0.010582	0.25735
0.64558	-0.17886	0.20123
-0.54414	0.0010134	0.00784
0.63853	-0.18809	0.14318
0.5968	-0.20099	-0.011487
0.66167	-0.18817	0.16453
0.67248	-0.14184	0.30105
0.50547	-0.1622	0.16643
0.68788	-0.16268	0.29508
0.62757	-0.15193	0.31355
0.23323	-0.18542	-0.24766
-0.28152	-0.025594	0.12901
-0.48559	-0.075662	-0.2752
0.41228	-0.18051	-0.096131
0.66227	-0.2093	0.079425
0.064541	-0.097027	-0.024422
-0.017253	-0.15871	-0.32389
0.64092	-0.2099	0.040846
-0.0029221	-0.086956	0.015681
0.15103	-0.12249	-0.038937
0.60354	-0.18349	0.010777
0.5494	-0.17062	0.15513
-0.45933	0.0080442	0.16374
-0.47287	0.018737	0.13338
-0.46983	0.0067753	0.18816
0.72125	-0.17715	0.2306
-0.32253	-0.04008	0.14313
0.56399	-0.18094	-0.034093
-0.21499	-0.12451	-0.34553
0.42106	-0.13044	0.066486
-0.50892	0.036039	0.21133
-0.41163	0.021301	0.277
-0.37173	0.021219	0.27698
0.49094	-0.19073	-0.064338
-0.28724	-0.0069017	0.15572
0.46999	-0.14314	0.099038
-0.18067	-0.052295	0.11492
-0.23092	-0.035749	0.1129
0.15685	-0.15976	-0.31075
0.64156	-0.18569	0.096401
0.62318	-0.18053	0.052206
0.23857	-0.15736	-0.23376
0.022417	-0.088017	-0.0075702
0.68139	-0.15539	0.23846
-0.24574	-0.054324	0.11513
-0.56851	-0.0067905	-0.08058
0.058048	-0.14315	-0.3252
-0.3312	-0.076944	-0.36454
0.66491	-0.17382	0.1998
-0.30916	-0.0076665	0.19802
-0.44994	0.041806	0.2906
0.53895	-0.15957	0.13192
-0.14336	-0.046408	0.11204
0.36617	-0.15902	-0.11671
-0.52157	0.0050648	0.076187
-0.19776	-0.098186	-0.36012
0.23197	-0.11782	0.013396
0.10469	-0.15355	-0.3178
-0.37611	-0.072057	-0.3524
0.055862	-0.075705	-0.0031849
0.59434	-0.16059	0.11168
-0.49601	0.052346	0.27674
-0.27549	-0.098354	-0.36221
0.64783	-0.14441	0.25368
0.14581	-0.094828	-0.044913
0.45483	-0.15248	0.10127
-0.068011	-0.034211	0.081372
-0.40601	0.03574	0.28236
-0.1616	-0.1012	-0.34414
0.62866	-0.14982	0.27922
-0.12242	-0.13354	-0.31568
-0.34055	0.01947	0.28286
-0.26998	0.0074362	0.23339
-0.56941	0.02395	-0.034941
-0.34652	0.030094	0.30605
-0.29761	0.01265	0.28281
-0.25073	-0.0054336	0.13587
-0.48336	0.034317	0.17304
0.44727	-0.16559	-0.058416
-0.42416	-0.055524	-0.33664
-0.047813	-0.13645	-0.33451
-0.22676	-0.082983	-0.37136
0.70289	-0.15737	0.25586
0.26257	-0.12215	0.026855
-0.26689	0.010008	0.20311
-0.44575	-0.030961	-0.32654
0.50692	-0.14864	0.11568
-0.26526	0.014533	0.29879
-0.48615	0.045486	0.14495
0.37714	-0.13761	0.055663
-0.22688	0.015832	0.31423
0.34512	-0.1176	0.043818
0.50936	-0.17495	-0.05353
-0.55331	0.032148	0.024595
0.51055	-0.14386	0.066101
0.45314	-0.13463	0.072397
-0.35556	0.063286	0.30099
-0.089147	-0.027009	0.095059
0.63963	-0.13747	0.312
-0.52475	-0.020439	-0.25925
-0.4883	-0.044032	-0.2905
-0.36337	0.039806	0.29275
0.040432	-0.12356	-0.33832
-0.5749	0.015097	-0.12022
-0.26463	0.0081093	0.27453
-0.54833	0.0010809	-0.2222
-0.5391	0.042176	0.091577
0.2889	-0.1476	-0.16542
-0.21578	0.019457	0.34865
0.54716	-0.14448	0.098792
-0.2138	0.02919	0.38082
-0.2414	0.013837	0.24419
-0.081557	-0.11471	-0.34895
-0.41455	0.055752	0.27552
-0.37762	-0.038499	-0.36469
0.58831	-0.15025	0.088447
0.23701	-0.10135	-0.0048012
-0.29823	0.025517	0.30316
-0.49412	0.052362	0.23458
0.31053	-0.11082	0.016683
-0.1035	-0.10336	-0.33852
0.024356	-0.063511	0.012253
0.56799	-0.15043	0.11747
-0.53104	0.046468	0.10689
0.56837	-0.1548	0.0071111
-0.55793	0.005131	-0.18234
-0.43358	0.062153	0.26804
0.38326	-0.12567	0.036079
0.012816	-0.10863	-0.34759
-0.33411	0.042117	0.32413
0.49833	-0.13852	0.060352
-0.2071	-0.017317	0.11194
0.385	-0.14172	-0.078831
0.15593	-0.13624	-0.32092
0.21177	-0.13887	-0.26949
-0.26254	0.0062132	0.16342
-0.19086	0.036743	0.39531
0.24602	-0.13747	-0.20539
0.54026	-0.16178	-0.029717
-0.24603	0.034879	0.34488
0.41796	-0.13377	-0.031498
-0.48795	0.051511	0.18845
-0.031512	-0.09203	-0.35317
0.31637	-0.11878	-0.12165
-0.46408	0.058022	0.25398
0.54368	-0.13971	0.055512
0.19292	-0.081094	-0.062029
0.46786	-0.1287	0.019641
0.27231	-0.13289	-0.14745
-0.4794	0.062846	0.21897
-0.087486	-0.0032928	0.089044
-0.48983	0.0024482	-0.30767
-0.18246	0.038702	0.35101
0.25746	-0.12745	-0.15741
0.38577	-0.12274	-0.034258
-0.27168	0.035555	0.31776
-0.28526	0.066076	0.33196
-0.23036	-0.016042	0.12324
-0.57888	0.029372	-0.083977
0.40439	-0.12337	0.033172
0.1053	-0.062743	-0.0095337
-0.19412	0.036052	0.30057
-0.19843	0.027347	0.26588
0.2628	-0.10286	-0.11669
0.44455	-0.12328	0.022134
-0.46798	-0.019935	-0.31872
-0.16574	-0.010369	0.10132
-0.53749	0.025472	0.068143
-0.13117	-0.080728	-0.34404
-0.23699	0.020683	0.17342
0.38363	-0.11928	-0.0022634
-0.50404	0.064786	0.12319
-0.050342	-0.028483	0.045249
0.24135	-0.11602	-0.17293
0.52247	-0.13493	0.016911
0.17984	-0.13092	-0.29888
0.47488	-0.13311	-0.013535
0.082748	-0.057545	-0.0044777
-0.22399	0.030151	0.15704
0.17351	-0.13279	-0.34126
0.5397	-0.14177	0.0014338
-0.0097318	-0.056262	0.035207
-0.21048	0.046834	0.39961
-0.16191	0.020922	0.097292
0.11634	-0.13584	-0.59511
0.1878	-0.098468	-0.043073
-0.18736	-0.076038	-0.35753
-0.569	0.032501	-0.16232
0.20316	-0.08475	-0.065012
-0.28962	-0.048393	-0.38088
-0.16895	0.043977	0.35866
-0.21765	0.028616	0.22164
0.25217	-0.086391	-0.033012
0.16452	-0.13162	-0.36239
-0.22001	0.0316	0.19125
0.29351	-0.10075	0.0049811
-0.44224	0.081345	0.25096
0.35154	-0.11557	-0.076574
-0.2264	-0.039958	-0.36148
-0.38021	0.072057	0.29645
0.20103	-0.10497	-0.27117
0.19777	-0.1456	-0.398
-0.54514	0.07021	0.077619
0.099026	-0.097915	-0.35023
-0.17563	0.051997	0.32301
-0.55667	0.040882	-0.21246
0.11739	-0.074346	-0.023479
0.11114	-0.12346	-0.33625
0.18193	-0.14148	-0.40309
0.20383	-0.15635	-0.46561
0.15077	-0.16031	-0.58083
-0.17637	0.043781	0.29429
0.18743	-0.1537	-0.48043
0.0017699	-0.080457	-0.35349
-0.48138	0.075289	0.19959
0.32058	-0.095526	-0.051532
0.22708	-0.13487	-0.3922
0.21816	-0.15157	-0.44764
-0.46503	0.073957	0.23303
0.028585	-0.042424	0.017926
0.19305	-0.13295	-0.35119
-0.048215	-0.068961	-0.3506
0.2791	-0.091012	-0.080178
-0.21846	0.020353	0.13204
-0.17224	0.065886	0.39771
0.16863	-0.15728	-0.54551
0.2168	-0.15251	-0.50403
-0.57321	0.063197	-0.02961
0.1736	-0.13225	-0.43942
0.16703	-0.15664	-0.57885
0.15629	-0.071327	-0.038897
-0.40267	0.094597	0.28023
-0.25927	-0.030803	-0.38736
0.065987	-0.023884	0.0043334
-0.41732	-0.0045601	-0.35194
-0.54625	0.093217	0.10076
-0.27167	0.090861	0.34708
0.066199	-0.1053	-0.34265
0.3145	-0.097356	-0.080667
-0.16154	0.061481	0.32756
-0.16882	0.043181	0.26051
0.19031	-0.15147	-0.54809
0.25131	-0.082652	-0.06292
-0.010536	-0.017045	0.039994
0.19072	-0.11773	-0.30074
0.13883	-0.0421	-0.022689
0.14751	-0.11277	-0.38142
-0.1951	0.04486	0.1321
0.172	-0.14275	-0.47383
0.23804	-0.12814	-0.42768
0.12757	-0.14659	-0.57031
-0.15812	0.070396	0.37414
-0.15501	0.064773	0.31145
-0.33955	0.093279	0.30643
-0.30241	0.087455	0.32943
0.24038	-0.089526	-0.14281
-0.1856	0.054035	0.21273
0.24171	-0.13506	-0.45984
0.16779	-0.11225	-0.44368
0.21745	-0.076415	-0.10023
0.24125	-0.085544	-0.11216
-0.58092	0.062316	-0.09904
-0.49044	0.12133	0.18309
0.14652	-0.1373	-0.53844
-0.15031	0.059412	0.27355
0.20831	-0.083404	-0.23863
0.2169	-0.10378	-0.34667
0.16282	-0.11584	-0.40971
-0.52897	0.042852	-0.26967
-0.43976	0.021094	-0.34337
-0.33388	-0.041235	-0.37513
-0.050685	-0.011661	0.053969
-0.070488	0.021405	0.063299
0.20058	-0.13304	-0.55954
-0.11422	0.040528	0.074219
-0.24325	0.074564	0.37333
-0.55207	0.10073	0.053532
-0.57647	0.1166	-0.073285
0.10437	-0.032504	-0.0028697
0.22632	-0.1278	-0.52478
-0.37125	0.098724	0.3005
0.22722	-0.070859	-0.13368
-0.291	0.11247	0.33374
-0.02228	-0.055206	-0.36333
0.2117	-0.13351	-0.53808
0.025748	-0.047618	-0.36171
-0.053047	0.028669	0.046103
0.035305	0.011432	0.011432
0.001627	0.010045	0.033875
-0.15755	0.096041	0.38942
-0.57931	0.076703	-0.13044
0.24143	-0.10892	-0.39326
0.12959	-0.12208	-0.59845
0.24652	-0.12302	-0.46997
0.1874	-0.024329	-0.042557
-0.45624	0.13942	0.23248
-0.21194	0.114	0.41428
0.12559	-0.081044	-0.37105
-0.19189	0.056542	0.19106
-0.19802	0.055982	0.16
0.20536	-0.055649	-0.21648
0.15473	-0.10599	-0.504
0.20156	-0.081431	-0.29474
0.15128	-0.13166	-0.60093
-0.10354	-0.02438	-0.36385
-0.17888	-0.033936	-0.36492
-0.51376	0.12443	0.12622
-0.19225	0.10622	0.42116
0.19689	-0.039748	-0.27317
0.1311	-0.12422	-0.56063
-0.063557	-0.047403	-0.35996
-0.50569	0.050879	-0.29853
-0.28095	0.00029831	-0.39183
-0.26567	0.12172	0.34326
0.22638	-0.037819	-0.091607
0.075604	0.016585	-0.0076171
0.14918	-0.073278	-0.39143
-0.13935	0.09298	0.26762
-0.19081	0.081542	0.14946
-0.16055	0.068081	0.23979
0.16596	-0.075185	-0.41821
-0.53304	0.10658	0.11284
0.20133	-0.12041	-0.55649
0.24426	-0.10899	-0.47581
-0.25734	-0.01275	-0.39313
0.15455	-0.094163	-0.53087
-0.35057	0.049677	-0.38165
0.11593	0.0076584	-0.015595
0.14591	-0.10712	-0.56922
0.22613	-0.059026	-0.15572
0.22024	-0.080691	-0.35804
-0.24161	0.11807	0.37385
0.23035	-0.03138	-0.12982
0.069338	-0.039852	-0.35657
-0.1602	0.11779	0.38286
-0.08319	0.0437	0.066158
-0.14612	0.093689	0.29094
-0.17664	0.088449	0.20293
-0.15229	0.099425	0.33401
0.17052	-0.090414	-0.45081
0.1716	-0.096202	-0.56536
-0.47629	0.15248	0.20514
-0.54541	0.12864	0.06344
-0.15272	0.11772	0.35808
-0.55637	0.093793	-0.19837
-0.12791	-0.0012534	-0.36663
0.20851	-0.025457	-0.067302
0.098424	-0.064836	-0.35682
0.24329	-0.09004	-0.42164
-0.55391	0.13239	0.027334
-0.36719	0.16445	0.29017
-0.54631	0.13083	0.083654
-0.54962	0.0785	-0.22294
-0.19202	0.090711	0.1688
0.0047213	-0.027324	-0.36269
-0.059839	-0.029233	-0.36948
-0.57343	0.11999	-0.11288
0.17066	-0.085339	-0.48933
0.19544	-0.048745	-0.31898
-0.41172	0.15813	0.2663
-0.22578	0.11465	0.40242
-0.4966	0.14872	0.15361
-0.16801	0.077797	0.10318
-0.19582	-0.0040014	-0.37785
-0.14743	0.056171	0.087165
-0.55962	0.10476	-0.17393
-0.31715	0.016764	-0.38952
-0.055462	0.048146	0.050875
-0.18494	0.081684	0.1262
0.18541	-0.068214	-0.45147
-0.50433	0.083297	-0.29645
-0.53193	0.14581	0.10702
-0.39759	0.18246	0.26614
0.22848	-0.028737	-0.17647
-0.33837	0.15699	0.30184
0.23163	-0.038238	-0.15787
-0.22483	0.0026692	-0.39285
-0.20258	0.13284	0.39912
0.21909	-0.09289	-0.5165
0.0074966	0.056603	0.018767
0.12715	-0.046148	-0.36336
0.22329	-0.058309	-0.40959
0.21197	-0.0032936	-0.086482
0.18982	-0.081396	-0.51706
0.25146	-0.028859	-0.11481
-0.44933	0.16777	0.24264
-0.16953	0.10026	0.22789
-0.50449	0.15571	0.12084
-0.30629	0.13482	0.32155
-0.39319	0.05496	-0.369
0.16625	-0.0046894	-0.036634
0.21505	-0.032315	-0.22508
-0.45218	0.084165	-0.33278
0.2344	-0.082793	-0.4687
-0.051916	0.083884	0.073554
0.16288	-0.048122	-0.38141
0.27191	-0.021653	-0.087397
0.67388	-0.023989	0.26442
0.21539	-0.07778	-0.49465
0.19251	-0.055612	-0.41615
0.19442	0.0018192	-0.060026
-0.5528	0.14319	-0.0099662
0.11356	0.032971	-0.027265
-0.15429	0.021039	-0.38206
0.084437	0.043276	-0.021994
0.26456	-0.0245	-0.15021
-0.25713	0.14041	0.32235
-0.32302	0.17107	0.31533
0.18169	-0.032299	-0.33321
-0.29297	0.15168	0.32422
-0.12413	0.070706	0.075322
-0.036645	0.054889	0.029343
-0.20667	0.12888	0.18624
-0.14886	0.11323	0.26112
-0.15893	0.11905	0.29502
0.53824	-0.050223	-0.0060106
0.20744	-0.065362	-0.46454
0.29498	-0.01917	-0.097667
0.20603	0.011082	-0.082748
0.20353	-0.051629	-0.36755
-0.52826	0.11803	-0.24919
-0.065039	0.07872	0.079001
-0.56125	0.12774	-0.018259
-0.050214	0.011998	-0.36253
-0.53177	0.17415	0.085966
-0.14399	0.090351	0.0756
0.52832	-0.024661	0.042322
0.050842	0.060446	-0.011169
0.22241	-0.023412	-0.24334
-0.07289	0.0053565	-0.36863
0.66299	-0.001364	0.30703
0.18885	-0.04367	-0.37611
-0.48522	0.16302	0.18241
0.27121	-0.02375	-0.12376
0.51471	-0.038467	-0.044283
-0.17828	0.13972	0.25554
0.6588	-0.013222	0.25758
0.15904	-0.033205	-0.35607
0.48816	-0.03571	-0.023743
0.55604	-0.043404	0.016402
0.58893	-0.044812	-0.011927
0.7244	-0.024807	0.22
0.31217	-0.018211	-0.076233
-0.16762	0.1479	0.33449
-0.55612	0.15578	-0.13892
-0.56761	0.14273	-0.063617
-0.3052	0.063985	-0.3925
0.19209	-0.02583	-0.29953
0.023467	0.00991	-0.36239
0.21366	-0.011691	-0.28956
0.23457	0.0028877	-0.18877
0.10942	-0.028482	-0.35807
0.31969	-0.017595	-0.12197
0.67248	-0.015081	0.20748
0.70134	-0.014148	0.26821
0.3305	-0.0019188	-0.04346
-0.52746	0.14461	-0.21614
-0.18938	0.1262	0.21841
0.71	-0.022364	0.1918
-0.18925	0.15515	0.29332
0.33939	-0.020379	-0.10505
0.57261	-0.041958	-0.04726
-0.21956	0.13879	0.15235
-0.26061	0.022554	-0.39664
0.43829	-0.0048715	-0.0016671
0.4599	-0.0089906	0.015927
-0.21778	0.16862	0.342
-0.099918	0.043987	-0.35449
-0.34259	0.19356	0.27427
0.30572	-0.0085236	-0.11447
0.58418	-0.021353	0.073243
0.14371	-0.016326	-0.35085
0.59539	-0.036734	0.046045
-0.43502	0.17788	0.25628
0.27768	0.0086703	-0.045065
0.031039	0.0697	-0.0102
-0.52874	0.18722	0.040518
0.15045	0.029137	-0.049421
0.40317	-0.0046944	-0.068909
0.74407	-0.012552	0.20779
0.61997	-0.034809	-0.019314
-0.20216	0.1679	0.35051
-0.47194	0.1826	0.23016
0.16994	-0.018264	-0.33673
-0.26208	0.16257	0.2953
0.34152	-0.014323	-0.14248
0.63651	-0.027951	0.060508
-0.54387	0.1709	-0.025282
0.49919	-0.011892	0.037126
0.47045	-0.014133	-0.053977
0.63036	-0.0357	0.025461
-0.54426	0.16654	0.014767
-0.50348	0.18399	0.1062
0.26061	0.0089294	-0.17797
-0.1784	0.03972	-0.39256
-0.17494	0.13042	0.083744
-0.1042	0.10954	0.082213
0.25106	-0.0012649	-0.25992
-0.35485	0.087283	-0.37789
-0.22102	0.15174	0.12496
0.20813	0.032374	-0.061093
-0.55422	0.17458	-0.10295
0.44248	-0.0069638	-0.03872
-0.31367	0.18133	0.3131
0.5407	-0.032068	-0.063248
-0.24904	0.080557	-0.39506
0.3484	0.023128	-0.010994
0.55381	0.0040358	0.08511
0.67914	0.017068	0.30285
0.65418	-0.019225	0.098603
0.09673	0.023833	-0.35258
0.17289	0.03397	-0.076836
-0.3242	0.089301	-0.38234
0.65631	0.001736	0.29535
-0.038659	0.043997	-0.35472
0.18748	0.036081	-0.080494
-0.48654	0.18951	0.19616
0.67705	-0.0073221	0.17569
0.65915	0.0013601	0.19903
0.41476	-0.001724	-0.049986
0.24944	0.043265	-0.028735
0.078568	0.066471	-0.045314
0.54075	0.017091	0.08392
0.40755	0.022051	0.021508
-0.49808	0.20952	0.22592
-0.48551	0.17947	0.11563
0.38326	0.01033	-0.02012
-0.46749	0.18842	0.14305
0.33203	-0.004685	-0.17207
-0.42936	0.20167	0.27032
0.38457	0.0030821	-0.037073
0.64574	0.0086657	0.22999
0.49815	0.016991	0.069264
-0.23816	0.17376	0.28861
-0.2067	0.17919	0.092645
-0.52311	0.18991	0.075132
-0.49339	0.11784	-0.2917
-0.0031143	0.09296	-0.0056975
-0.47896	0.18513	0.1665
0.14096	0.058645	-0.071681
0.72495	-0.018592	0.15227
0.18452	-0.012332	-0.31493
0.65469	-0.028154	0.019427
0.67329	-0.017661	0.087162
0.61943	-0.0047275	0.11477
0.74763	-0.018948	0.17029
-0.22506	0.17232	0.26507
0.29136	0.022367	-0.1583
0.1222	0.031666	-0.35809
0.59361	-0.025831	-0.056957
-0.21147	0.17512	0.30354
0.60163	-0.016438	0.08585
0.040705	0.085205	-0.042168
0.35572	0.030101	0.0077243
0.16483	0.05819	-0.092899
0.32657	0.00060362	-0.19278
-0.11881	0.047748	-0.36259
0.71823	0.038762	0.26691
0.54429	-0.010669	-0.08664
0.4355	0.0037748	-0.094708
0.5123	-0.012127	-0.080674
0.45133	0.020381	0.05184
0.65719	-0.0015096	0.12408
0.76754	-0.0069913	0.1666
-0.21613	0.16457	0.24232
0.69916	-0.013603	0.08733
-0.47969	0.22263	0.28549
-0.46951	0.13214	-0.30563
0.68841	-0.010545	0.13166
0.17567	0.02427	-0.34188
-0.066135	0.14662	0.078811
-0.059526	0.049071	-0.35776
0.4785	-0.00081441	-0.077791
0.2663	0.013	-0.21345
-0.075415	0.12132	0.083037
0.030255	0.037398	-0.35586
-0.38951	0.21016	0.25681
0.41032	0.037023	0.036368
-0.2877	0.20337	0.25436
-0.27892	0.19222	0.1681
-0.50997	0.23406	0.26649
0.77645	-0.012976	0.10801
0.65052	-0.011431	-0.028112
0.36775	0.047063	0.036685
-0.18278	0.065551	-0.39085
0.29779	0.039486	-0.0097555
-0.30938	0.19603	0.27215
-0.49017	0.21933	0.19205
0.096587	0.084155	-0.063701
-0.013105	0.10125	-0.0010083
0.65149	0.036953	0.26618
-0.24084	0.18219	0.22215
0.65175	0.02393	0.14781
-0.46802	0.23658	0.29165
0.31025	0.011501	-0.22663
0.34035	0.0028243	-0.22225
0.27887	0.0099921	-0.25919
0.43394	0.016206	-0.14136
0.69377	-0.013077	0.028082
0.36838	0.0102	-0.21633
0.65121	0.034521	0.16332
0.29258	0.015723	-0.19377
-0.45577	0.20237	0.10095
0.31627	0.0036349	-0.25063
-0.4995	0.18168	-0.23284
-0.43266	0.20763	0.12605
0.67369	0.043665	0.30251
-0.51227	0.17193	-0.22061
-0.14888	0.18041	0.092261
0.78011	0.0067905	0.15654
0.060486	0.06237	-0.34311
0.64934	0.033578	0.198
0.78643	0.00042267	0.12076
-0.24186	0.18886	0.25579
0.60166	0.017658	0.12551
-0.4409	0.20878	0.15462
-0.49822	0.20744	0.07889
0.66189	0.038003	0.28792
0.55787	0.032721	0.11613
0.42952	0.058489	0.055902
0.45613	0.046232	0.070042
0.72499	0.0012084	0.044236
0.60752	0.04004	0.13963
0.74511	0.022058	0.21478
0.50017	0.037962	0.0835
0.28681	0.010139	-0.27439
0.24632	0.020459	-0.30063
0.66516	0.076771	0.32482
0.3371	0.049287	0.0016723
-0.51512	0.21239	-0.056085
0.0091409	0.12322	-0.048392
-0.41411	0.21992	0.23178
0.1552	0.065842	-0.3522
-0.36115	0.11208	-0.36907
0.2542	0.04572	-0.31473
-0.50432	0.20785	-0.019214
0.13286	0.079615	-0.074407
-0.42682	0.22403	0.27096
0.37268	0.0067838	-0.17955
-0.18683	0.17236	0.082644
0.70616	-0.0016545	0.016025
-0.52766	0.27099	0.23634
0.32797	0.016463	-0.25695
0.18837	0.080072	-0.071332
0.34663	0.062682	0.026766
0.51498	0.049009	0.097728
0.65275	0.077645	0.31625
-0.52469	0.18076	-0.17609
-0.26174	0.17953	0.14015
0.28747	0.064814	-0.0025939
-0.027383	0.14018	0.036996
0.58875	0.012313	-0.086348
-0.10839	0.16088	0.084702
0.15073	0.11136	-0.11832
-0.5345	0.19984	-0.10035
0.69599	0.046912	0.29901
-0.47358	0.22439	0.18063
-0.12474	0.086658	-0.36572
0.47463	0.026787	-0.12292
0.40538	0.067095	0.044037
-0.53071	0.26819	0.26448
0.39163	0.017583	-0.19806
0.4809	0.010646	-0.093927
-0.25123	0.20276	0.23693
0.64583	0.039523	0.22805
0.42317	0.021847	-0.17823
-0.49091	0.21678	0.057554
-0.46915	0.22322	0.078236
0.21064	0.095052	-0.048327
-0.10402	0.11522	-0.33152
-0.40729	0.22231	0.1695
-0.4494	0.24179	0.25242
-0.1461	0.083999	-0.38251
0.50866	0.027144	-0.10123
0.69606	0.015616	-0.0066046
-0.28339	0.22106	0.17464
-0.39309	0.22382	0.21949
-0.51579	0.26271	0.29011
0.071713	0.11984	-0.10209
-0.42177	0.22911	0.18251
-0.31655	0.22557	0.21808
0.77599	0.0042887	0.075755
-0.53908	0.1889	-0.12735
0.24746	0.08894	-0.020778
0.30614	0.081865	0.0017939
-0.45742	0.23565	0.05987
-0.43086	0.21805	0.084094
0.68993	0.073168	0.31274
0.1349	0.083754	-0.099088
0.6428	0.076254	0.2655
0.33587	0.075056	0.011626
0.54354	0.063043	0.11653
-0.39707	0.22949	0.20635
0.30584	0.040973	-0.29052
-0.044476	0.086819	-0.3347
-0.48693	0.21987	-0.0057049
0.65153	0.028316	-0.051693
-0.3842	0.22673	0.19525
0.034238	0.12202	-0.087456
0.80703	0.040554	0.095819
-0.11911	0.19239	0.076529
0.10666	0.1182	-0.11275
-0.46496	0.26914	0.27759
0.5576	0.039808	-0.10495
0.37473	0.08459	0.042647
-0.35479	0.23392	0.19504
0.64251	0.064743	0.2299
-0.38166	0.13162	-0.35682
-0.39844	0.22982	0.10881
-0.088763	0.098114	-0.32683
-0.41936	0.26422	0.21374
-0.23401	0.19946	0.096892
-0.26984	0.13039	-0.38778
-0.32423	0.14294	-0.37489
-0.040989	0.14607	0.059816
0.16587	0.1015	-0.094992
0.44059	0.036916	-0.18022
-0.44899	0.25492	0.19247
0.47821	0.075954	0.081907
0.37219	0.045313	-0.23777
0.47534	0.057401	-0.15323
-0.46444	0.27047	0.25557
-0.21186	0.13481	-0.38136
0.44866	0.079471	0.070037
-0.49565	0.21741	0.027851
0.77171	0.034194	0.046481
-0.36319	0.23644	0.15803
0.090778	0.076047	-0.34165
0.64184	0.057853	0.15309
0.78922	0.048166	0.14585
0.21917	0.12149	-0.048124
0.0096871	0.10417	-0.31955
-0.43264	0.2449	0.22975
-0.3681	0.16972	-0.34709
-0.30319	0.23785	0.15984
0.40572	0.10039	0.036055
0.41696	0.048562	-0.20181
0.35884	0.092573	0.023941
-0.50624	0.22535	-0.10348
0.016488	0.077293	-0.33923
-0.45215	0.23926	0.0095229
0.18776	0.074198	-0.34699
-0.062047	0.17458	0.063935
-0.14292	0.11632	-0.37276
-0.45937	0.18784	-0.26948
-0.50724	0.29783	0.2954
0.65127	0.076444	0.1621
0.35392	0.11111	0.0032803
-0.43733	0.28377	0.21567
0.73657	0.033355	0.027841
-0.35074	0.24658	0.1107
-0.0079747	0.13195	-0.019621
0.089199	0.13295	-0.12498
0.66858	0.10505	0.28312
0.70034	0.044734	-0.010574
-0.50341	0.26943	0.21472
0.6556	0.099474	0.23333
-0.11738	0.14303	-0.35028
0.57007	0.088076	0.12605
0.027368	0.14473	-0.13973
-0.41338	0.2346	0.074524
-0.16441	0.20934	0.068292
-0.3241	0.24274	0.16037
0.60152	0.04611	-0.092602
0.28695	0.10223	-0.0029195
0.52854	0.086029	0.10187
-0.39846	0.18931	-0.31545
0.5382	0.084724	0.1134
-0.48641	0.20327	-0.21113
0.04078	0.10084	-0.32002
-0.077521	0.09781	-0.32444
0.74964	0.056971	0.20864
0.65603	0.088444	0.17991
0.69746	0.097868	0.30041
-0.14824	0.14801	-0.3536
-0.41458	0.26201	-0.044276
0.30177	0.064753	-0.2975
-0.24309	0.22973	0.08847
0.73513	0.09325	0.24503
-0.015714	0.12224	-0.29707
0.49558	0.097799	0.082466
0.18004	0.13925	-0.090512
0.63977	0.1005	0.13759
0.42314	0.10209	0.049568
-0.43111	0.24982	-0.013988
0.1342	0.10056	-0.34111
-0.080785	0.13355	-0.29678
-0.05252	0.14283	-0.27017
0.71999	0.09745	0.27664
0.3858	0.10657	0.023185
-0.055425	0.20758	0.033547
-0.26709	0.16555	-0.37318
-0.47194	0.29322	0.25431
-0.45212	0.26267	-0.11126
0.053126	0.14143	-0.14058
-0.41625	0.25857	0.041587
-0.39311	0.27757	0.027644
-0.43037	0.2555	0.0097307
0.66268	0.10355	0.15391
-0.03691	0.18932	0.022129
0.44025	0.087564	-0.19037
-0.034086	0.13369	-0.28505
-0.43383	0.20151	-0.27335
-0.49418	0.23347	-0.14067
0.78418	0.0962	0.16485
0.68972	0.10761	0.29986
0.24809	0.1308	-0.031875
0.60598	0.077374	0.13744
0.011572	0.12997	-0.29027
0.51433	0.06316	-0.11345
0.76968	0.060031	0.038704
-0.28473	0.23531	0.13336
-0.021282	0.18149	-0.053116
0.0023439	0.16592	-0.1484
-0.026107	0.17512	-0.011169
0.55879	0.11092	0.0866
0.73819	0.058628	0.025612
-0.29375	0.2514	0.12034
0.75862	0.10494	0.2149
0.29479	0.092163	-0.30133
-0.097941	0.2167	0.054831
0.64915	0.071658	-0.059025
-0.097159	0.14965	-0.3053
0.59712	0.09745	0.12823
-0.014528	0.16089	-0.057926
-0.008782	0.16146	-0.093585
0.46423	0.11413	0.06207
0.056243	0.12743	-0.3004
-0.31709	0.25918	0.099509
-0.37085	0.26791	0.037452
-0.34949	0.26065	0.069511
-0.46227	0.21995	-0.22407
0.20499	0.14602	-0.070394
0.39658	0.082745	-0.2218
0.29931	0.12373	-0.0098172
0.52164	0.087573	-0.1108
0.61416	0.10925	0.12085
0.10416	0.11852	-0.32224
0.65741	0.12149	0.22702
0.050783	0.15581	-0.15681
0.017974	0.15697	-0.14341
-0.12289	0.21616	0.044382
-0.47998	0.30263	0.24075
0.35477	0.092127	-0.26409
-0.27644	0.2509	0.11578
-0.015686	0.18257	-0.090395
0.68713	0.077102	-0.018359
-0.23645	0.183	-0.35786
0.030858	0.14504	-0.26393
-0.43078	0.23286	-0.24575
0.40191	0.12291	0.0065889
0.097551	0.1504	-0.15452
0.4846	0.082583	-0.1373
-0.18997	0.24462	0.0687
-0.0021398	0.15162	-0.2426
0.34052	0.14918	-0.024648
0.60811	0.083187	-0.083271
0.57185	0.080666	-0.099997
-0.019292	0.17576	-0.15018
0.79205	0.091464	0.13842
0.13766	0.15668	-0.1534
-0.021958	0.16206	-0.19792
-0.074025	0.16303	-0.26135
0.25898	0.11963	-0.31175
0.73002	0.087277	0.034104
-0.29415	0.1969	-0.35133
0.017954	0.15782	-0.22019
0.045935	0.16095	-0.17709
-0.2196	0.27053	0.078171
-0.52139	0.31322	0.26758
0.47193	0.10653	-0.13434
-0.3951	0.21039	-0.30127
-0.13862	0.22413	0.048341
0.44898	0.13452	0.033091
0.18973	0.11575	-0.33879
0.38202	0.14843	-0.034449
-0.043119	0.166	-0.21796
-0.40289	0.27151	-0.015872
-0.038308	0.2065	-0.019853
-0.17534	0.18465	-0.33742
0.081913	0.14717	-0.2855
0.70801	0.14092	0.29642
0.55707	0.14657	0.062157
0.17117	0.1611	-0.1149
-0.39464	0.24273	-0.25837
0.48846	0.14721	0.030422
0.67018	0.13881	0.26411
0.7024	0.09006	0.0019183
-0.071388	0.19709	-0.21845
-0.033242	0.20137	-0.079364
-0.26933	0.29832	0.069505
0.40903	0.10875	-0.20469
0.79076	0.07887	0.077896
0.41887	0.13643	-0.017061
0.67364	0.12276	0.18648
0.1548	0.14035	-0.1295
-0.34827	0.28556	0.020884
0.68726	0.13794	0.30347
0.57106	0.13871	0.075844
-0.095055	0.22085	-0.24927
-0.45245	0.26016	-0.13972
-0.10994	0.17719	-0.32251
-0.50732	0.31794	0.2736
0.45838	0.11239	-0.15873
0.66271	0.11959	0.11225
0.69517	0.12075	0.13879
-0.097159	0.23533	0.036893
0.38627	0.1189	-0.22613
0.7	0.12922	0.16829
0.76483	0.12073	0.20323
0.15141	0.15045	-0.3206
0.63393	0.13059	0.095565
0.48874	0.12112	-0.10197
0.26626	0.17849	-0.061809
0.064392	0.15966	-0.25479
-0.054128	0.22518	-0.018723
-0.33256	0.2125	-0.33195
-0.10777	0.24829	0.0034061
0.082837	0.16716	-0.23712
-0.39776	0.27426	-0.070551
-0.36484	0.29386	0.01115
-0.31515	0.28802	0.057674
0.74014	0.10006	0.061168
-0.035018	0.19192	-0.14823
0.78301	0.11381	0.16315
-0.12089	0.26085	0.0077027
-0.41197	0.26555	-0.20499
-0.13685	0.19236	-0.31225
0.78562	0.10161	0.089617
-0.25111	0.27675	0.094349
0.11535	0.16555	-0.18068
0.56866	0.11548	-0.088363
0.14946	0.17642	-0.16522
0.68158	0.14777	0.25288
-0.31236	0.31718	0.0087571
0.69992	0.11662	0.063726
0.64922	0.09418	-0.050334
0.30851	0.13344	-0.28655
0.38825	0.16651	-0.072309
0.75997	0.12484	0.18758
0.74174	0.14685	0.25226
-0.08219	0.24504	-0.010078
0.42419	0.14953	-0.060465
0.092805	0.16942	-0.21912
0.70331	0.15399	0.2812
0.67443	0.12477	0.088928
0.78034	0.11033	0.14238
0.71494	0.11599	0.094688
-0.32161	0.24435	-0.30674
0.7722	0.11437	0.10909
0.13343	0.16123	-0.29988
0.19045	0.14186	-0.32488
-0.10552	0.19942	-0.29531
0.41122	0.14723	-0.15695
0.69192	0.11906	0.029635
0.4472	0.14783	-0.044409
-0.059942	0.23541	-0.108
0.45279	0.13211	-0.12962
-0.43546	0.27909	-0.12008
0.73522	0.1282	0.17132
0.193	0.18845	-0.11725
0.51911	0.12698	-0.085988
-0.16174	0.26553	0.04157
-0.2927	0.23552	-0.32213
0.3242	0.16982	-0.043904
0.12705	0.17833	-0.26936
-0.24021	0.21967	-0.32386
0.72483	0.15226	0.23453
-0.38926	0.29061	-0.14801
0.49176	0.13692	-0.074961
-0.39526	0.28764	-0.084497
0.68246	0.12981	0.04556
0.45691	0.14133	-0.0929
0.46653	0.15262	-0.021472
0.47284	0.14256	-0.062925
0.48999	0.16307	0.001962
0.20867	0.17228	-0.093154
0.39123	0.15669	-0.18084
-0.070069	0.22039	-0.18557
0.22982	0.2036	-0.11647
0.60402	0.15448	0.059094
0.35996	0.13402	-0.24724
-0.19796	0.28478	0.052173
-0.36282	0.24735	-0.28046
0.61986	0.13129	-0.051656
0.56236	0.15765	-0.060303
-0.34729	0.26686	-0.26043
-0.072257	0.24462	-0.11117
-0.12634	0.21487	-0.28543
-0.09423	0.26009	-0.029419
-0.28123	0.2993	0.057993
-0.20666	0.23705	-0.30352
0.13955	0.19718	-0.24637
0.13485	0.19278	-0.22464
0.64206	0.14875	0.03786
-0.36219	0.29704	-0.10818
0.19378	0.17214	-0.31261
-0.35464	0.31542	-0.012866
-0.082927	0.23858	-0.17432
0.51766	0.16152	-0.054863
-0.37504	0.27134	-0.23762
-0.080104	0.25424	-0.060711
0.49072	0.16446	-0.025928
0.40721	0.16281	-0.11539
-0.29082	0.31132	0.035932
0.54734	0.16693	0.020282
0.34192	0.18842	-0.081789
-0.33053	0.30743	-0.0047606
-0.17973	0.23917	-0.29351
0.61622	0.15873	0.0059454
-0.38785	0.28723	-0.18637
0.18135	0.20341	-0.29087
-0.1435	0.29302	0.02285
0.63522	0.14116	-0.019633
0.59035	0.15879	-0.04208
0.24359	0.15768	-0.29708
0.52799	0.1736	-0.013648
0.16148	0.19215	-0.16489
-0.094329	0.27084	-0.10076
0.36009	0.18618	-0.15732
0.57102	0.17112	0.0007123
-0.22857	0.3038	0.038048
0.34223	0.17394	-0.22429
-0.1195	0.24969	-0.231
-0.22754	0.26284	-0.28244
-0.2598	0.31182	0.013449
-0.32957	0.27718	-0.26193
-0.10863	0.26827	-0.16599
0.17867	0.2186	-0.19527
-0.13669	0.24371	-0.25512
-0.34962	0.31327	-0.058908
-0.19932	0.32076	0.026931
-0.086277	0.27369	-0.060155
-0.1026	0.28258	-0.12669
0.56231	0.1726	-0.033679
-0.24765	0.27674	-0.27647
0.23242	0.18484	-0.28094
0.16044	0.21583	-0.20845
-0.30361	0.31682	-0.019257
-0.16337	0.26409	-0.23248
-0.095298	0.28941	-0.012639
-0.36099	0.30007	-0.17614
0.28126	0.17141	-0.27388
-0.32861	0.29176	-0.22962
-0.28786	0.26816	-0.28841
-0.18996	0.26381	-0.26595
0.2962	0.20562	-0.10264
0.35097	0.19504	-0.12388
-0.10991	0.32166	0.031457
-0.32671	0.32323	-0.046185
-0.22963	0.32096	0.013112
0.30277	0.18134	-0.25413
-0.34262	0.31356	-0.11299
0.166	0.21843	-0.25247
-0.3365	0.3068	-0.19729
0.17379	0.21239	-0.27237
0.33051	0.19869	-0.18974
-0.22101	0.28203	-0.24093
0.24392	0.20929	-0.24152
-0.2813	0.29623	-0.24812
-0.13372	0.27397	-0.18926
-0.27141	0.3278	-0.040211
0.23955	0.22355	-0.1546
-0.2913	0.32539	-0.070052
-0.33557	0.31721	-0.14172
-0.082123	0.28623	-0.044145
-0.20599	0.33861	0.018367
0.31695	0.20967	-0.1374
-0.30064	0.32422	-0.13883
-0.080746	0.29156	-0.069906
-0.08898	0.29872	-0.1119
0.27754	0.21092	-0.2197
-0.25706	0.30235	-0.22
-0.2564	0.29582	-0.24265
-0.2832	0.32293	-0.10763
0.2927	0.21441	-0.18136
-0.24458	0.33649	-0.013515
-0.1669	0.28132	-0.20202
-0.29725	0.30899	-0.20501
-0.11644	0.29752	-0.15467
-0.31682	0.3149	-0.17176
0.25398	0.2236	-0.20013
-0.066045	0.33423	0.017037
0.21371	0.23002	-0.19023
-0.26086	0.35489	-0.045176
-0.28559	0.31962	-0.16089
-0.23842	0.30758	-0.19032
-0.20136	0.32093	-0.18292
0.20361	0.21971	-0.25947
-0.17805	0.3219	0.03031
0.2181	0.22851	-0.22025
-0.26595	0.32407	-0.1528
-0.27955	0.31667	-0.18701
-0.2467	0.3329	-0.16115
-0.045194	0.33891	0.0048397
-0.04476	0.32741	0.059748
-0.1602	0.3096	-0.18669
-0.14296	0.3148	-0.17734
-0.034643	0.33474	0.08824
-0.048865	0.34204	0.12082
-0.25806	0.35625	-0.066418
-0.12293	0.36421	0.044967
-0.068473	0.33996	-0.081691
-0.019324	0.34398	0.12273
-0.25855	0.35523	-0.093916
-0.081714	0.33171	-0.11604
-0.026548	0.33133	0.030287
-0.107	0.317	-0.14977
-0.082983	0.35232	0.096453
-0.22073	0.36041	-0.15993
-0.091138	0.35156	0.070522
-0.023491	0.34638	0.1425
0.057518	0.38702	0.21017
-0.05029	0.36852	0.15957
-0.0053122	0.33954	0.018087
-0.053539	0.32027	-0.047401
-0.06275	0.34124	0.03302
-0.074956	0.36715	0.12846
-0.028247	0.34265	-0.013934
-0.22698	0.38547	-0.0096194
-0.08967	0.35415	0.045693
0.024955	0.38337	0.20576
-0.25121	0.35183	-0.13166
-0.017959	0.35343	0.064094
-0.015052	0.35514	0.096444
-0.054458	0.3678	-0.067602
0.02245	0.3669	0.14592
0.0026879	0.35868	0.098389
0.014925	0.34695	-0.0044109
-0.014896	0.35396	-0.03701
-0.17621	0.36247	-0.1733
-0.25088	0.37929	-0.053925
0.01621	0.41566	0.33341
-0.11977	0.39088	0.053664
-0.14025	0.40182	0.041817
-0.22328	0.39279	-0.13136
0.070739	0.38919	0.18297
0.0025653	0.39228	0.2082
-0.24511	0.39146	-0.075851
0.04739	0.41315	0.32877
-0.071189	0.40583	0.1579
0.0058855	0.36135	0.029259
0.037229	0.40524	0.30116
0.03872	0.39228	0.22672
0.021877	0.35794	0.003016
-0.23595	0.39661	-0.036603
-0.11093	0.39702	0.091491
-0.10542	0.36223	-0.14831
-0.049736	0.40671	0.18181
0.055243	0.37988	0.092015
0.029072	0.40719	0.27879
0.029141	0.42777	0.34743
0.065134	0.4081	0.24463
0.036829	0.40057	0.25676
0.01684	0.40842	0.23474
-0.00047438	0.4285	0.2754
0.066349	0.38535	0.14011
-0.12905	0.37205	-0.16008
0.014121	0.43603	0.34405
0.0058738	0.37182	-0.044393
0.0016446	0.42062	0.25725
0.048207	0.37917	-0.019807
-0.21871	0.41488	-0.097157
-0.079122	0.38112	-0.10586
-0.16916	0.4167	0.018786
-0.12971	0.4189	0.041176
-0.19763	0.39981	-0.1445
0.085327	0.4043	0.20839
-0.096175	0.43621	0.12457
8.901e-05	0.42917	0.22779
-0.21543	0.41384	-0.030371
0.055044	0.38678	0.024696
0.05942	0.38027	0.0096185
-0.12842	0.41955	0.060554
-0.002804	0.44386	0.31737
-0.16019	0.38789	-0.15852
-0.052986	0.43409	0.18519
0.026493	0.36402	-0.022643
-0.070215	0.40748	-0.093931
-0.11583	0.43943	0.095953
-0.22971	0.41154	-0.062675
0.10123	0.45544	0.3752
0.08033	0.43946	0.3253
0.10881	0.40858	0.13967
-0.070078	0.45823	0.16146
-0.18469	0.42881	-0.021052
0.065682	0.43992	0.33434
-0.019607	0.37841	-0.062256
-0.13279	0.43682	0.023988
0.081581	0.39273	0.035085
0.083368	0.39884	0.075693
0.086882	0.3988	0.026548
-0.12939	0.43442	0.059718
0.10207	0.40177	0.065899
-0.1594	0.44618	0.009419
-0.0072469	0.4521	0.21953
0.041434	0.46127	0.34051
-0.10171	0.42538	-0.11198
0.1053	0.42926	0.2225
-0.18999	0.43086	-0.051679
0.004925	0.40203	-0.062812
0.062128	0.39656	-0.015796
0.011159	0.47207	0.31934
-0.0078209	0.4655	0.28823
0.089489	0.47664	0.37022
0.13276	0.42519	0.10566
-0.019943	0.4227	-0.070667
-0.18011	0.4183	-0.12657
0.031061	0.412	-0.048437
0.062552	0.46985	0.35633
0.10173	0.45291	0.32483
-0.175	0.4372	-0.077649
-0.15042	0.4405	-0.097133
-0.15159	0.46053	-0.019106
0.055363	0.42259	-0.02823
0.032644	0.48014	0.32606
-0.081102	0.44349	-0.10965
0.10933	0.45137	0.27802
-0.13017	0.43816	-0.10883
0.13812	0.43636	0.11009
0.13638	0.45226	0.18124
-0.15437	0.45629	-0.065049
-0.039323	0.48322	0.18376
0.086515	0.42607	0.011639
0.12289	0.47734	0.33746
-0.1112	0.47871	0.06875
0.10937	0.43219	0.049277
-0.0053186	0.47602	0.20839
-0.052785	0.41879	-0.091005
-0.11559	0.47267	0.04693
0.051876	0.48927	0.34013
0.0017236	0.48293	0.23637
0.10781	0.50032	0.3446
-0.077569	0.44754	-0.091659
0.1384	0.45727	0.15505
-0.12413	0.4603	-0.003622
0.13083	0.46592	0.26728
-0.11205	0.46662	-0.031206
-0.12102	0.46465	-0.086791
0.021549	0.50288	0.29096
0.13963	0.47793	0.27699
0.15383	0.49711	0.34916
-0.038909	0.4488	-0.071619
-0.092651	0.50293	0.097786
0.13574	0.47574	0.14951
-0.10586	0.45923	-0.10115
0.11603	0.48815	0.34742
-0.061773	0.51009	0.15763
0.12351	0.4567	0.074295
-0.096169	0.46546	-0.059733
-0.0066363	0.44291	-0.066367
0.15124	0.47837	0.21694
0.14572	0.50307	0.35457
0.034783	0.44941	-0.04343
-0.10183	0.48307	0.017952
0.14643	0.48339	0.18628
-0.061416	0.47305	-0.052697
0.12307	0.48846	0.091037
0.07487	0.46111	0.0049434
-0.038187	0.50755	0.17346
-0.002066	0.47847	-0.04847
0.032446	0.51261	0.24493
-0.075012	0.48799	-0.02059
0.073057	0.51868	0.31401
0.16672	0.49745	0.26355
0.16458	0.50674	0.31304
0.16478	0.52035	0.31702
0.042447	0.47685	-0.020026
-0.073272	0.5111	0.13023
0.060584	0.51593	0.17635
-0.0079789	0.50824	0.17672
-0.095156	0.51491	0.076005
0.097201	0.46921	0.039691
0.021101	0.49684	0.20133
-0.077337	0.52176	0.041109
0.086818	0.54406	0.26465
0.13163	0.53163	0.33373
0.04164	0.51762	0.21671
0.17111	0.51885	0.2359
0.029727	0.52787	0.15428
0.12102	0.49828	0.15537
0.10313	0.48858	0.066408
0.024684	0.49793	-0.011993
-0.074462	0.53315	0.090401
-0.035382	0.51248	-0.010714
0.062763	0.4931	0.016483
0.065489	0.50644	0.038453
0.19021	0.535	0.30257
0.14462	0.51732	0.1939
-0.027491	0.53209	0.158
-0.0013324	0.50144	-0.022027
0.14307	0.54122	0.30997
0.10099	0.52253	0.17089
0.19195	0.54144	0.28224
0.069909	0.5167	0.067058
0.10304	0.51408	0.15729
-0.046683	0.53517	0.025298
0.067422	0.53298	0.22294
-0.061845	0.54054	0.05575
0.011661	0.54148	0.14391
0.10398	0.51568	0.13194
0.10616	0.54644	0.29183
-0.025297	0.54498	0.13141
0.095879	0.51539	0.093679
0.067408	0.52848	0.12938
-0.048368	0.54739	0.084034
0.12848	0.53267	0.1934
0.055137	0.53591	0.095361
0.162	0.55897	0.29393
0.1084	0.53964	0.19801
0.13464	0.55956	0.22813
0.035171	0.53546	0.050145
0.16832	0.553	0.24302
0.026987	0.55213	0.11539
0.13653	0.56272	0.24933
0.019636	0.55767	0.093435
0.0069773	0.53179	0.011395
-0.0053927	0.55004	0.030745
0.18644	0.55376	0.28992
0.033533	0.55204	0.072266
-0.44797	0.026397	0.30279
-0.36347	0.30333	-0.060502
