-0.21993	0.8135	-0.084363
-0.22846	0.81578	-0.098152
-0.2292	0.80579	-0.059201
-0.24638	0.78954	-0.089087
-0.29058	0.8076	-0.084995
-0.2691	0.79635	-0.083204
-0.31029	0.77943	-0.049429
-0.2775	0.7794	-0.092812
-0.2524	0.79707	-0.066768
-0.19832	0.7894	-0.065331
-0.17061	0.78021	-0.06079
-0.16861	0.781	-0.079051
-0.27806	0.78731	-0.04447
-0.23289	0.76491	-0.096488
-0.30194	0.7708	-0.085886
-0.33962	0.76153	-0.055633
-0.2518	0.78226	-0.042641
-0.20334	0.78013	-0.095753
-0.19624	0.76661	-0.0345
-0.32614	0.77485	-0.073072
-0.16312	0.76378	-0.04836
-0.17675	0.74644	-0.097046
-0.27504	0.74679	-0.012863
-0.23697	0.75791	-0.020808
-0.26894	0.76209	-0.091273
-0.14964	0.74922	-0.054131
-0.15086	0.73518	-0.080444
-0.31705	0.74705	-0.02597
-0.32658	0.72589	-0.080234
-0.19784	0.73931	-0.015878
-0.28275	0.71954	-0.0041786
-0.20069	0.70803	-0.095979
-0.33247	0.72515	-0.065611
-0.16374	0.71053	-0.020875
-0.31542	0.69463	-0.0099441
-0.15781	0.70763	-0.086199
-0.33329	0.69585	-0.041024
-0.29396	0.69434	-0.084937
-0.15243	0.68144	-0.057647
-0.17056	0.67815	-0.084487
-0.1894	0.69609	-0.007183
-0.22846	0.69931	0.0010019
-0.31748	0.68534	-0.075076
-0.18915	0.65189	-0.0053619
-0.16924	0.68117	-0.022317
-0.21301	0.65335	0.0005265
-0.24214	0.67783	-0.092388
-0.24837	0.65156	0.0028697
-0.20162	0.67636	-0.093393
-0.17621	0.64997	-0.088471
-0.30914	0.67634	-0.0084617
-0.31944	0.65705	-0.057216
-0.16591	0.64918	-0.040492
-0.31772	0.65212	-0.039398
-0.26219	0.64438	-0.090505
-0.1715	0.64733	-0.025093
-0.30806	0.6408	-0.076347
-0.3005	0.64408	-0.0094132
-0.19901	0.63015	-0.10251
-0.24692	0.63465	0.030572
-0.17006	0.61554	-0.10464
-0.17698	0.62417	0.0056704
-0.20446	0.62201	0.032014
-0.32086	0.63609	-0.039773
-0.32573	0.6242	-0.068673
-0.31547	0.61919	-0.084831
-0.29324	0.63108	0.018089
-0.15166	0.6036	-0.078096
-0.16443	0.64973	-0.064895
-0.32076	0.61405	0.0084386
-0.188	0.61164	-0.11347
-0.27901	0.60403	-0.088612
-0.34162	0.59402	-0.056933
-0.15023	0.60234	-0.025332
-0.22087	0.59108	0.072079
-0.21368	0.60682	-0.10349
-0.28006	0.60106	0.065914
-0.339	0.59669	-0.017825
-0.15835	0.59143	-0.097758
-0.33691	0.57483	-0.077513
-0.18723	0.6002	0.044152
-0.30915	0.57541	0.044039
-0.16778	0.58018	0.025993
-0.28776	0.58841	0.069541
-0.17357	0.58199	-0.11684
-0.29589	0.56249	-0.085327
-0.33842	0.57006	0.0041425
-0.32285	0.56539	-0.088272
-0.26109	0.58634	0.080038
-0.19919	0.56523	0.073736
-0.14543	0.55166	-0.054807
-0.18481	0.55578	-0.1148
-0.15065	0.55518	-0.0079187
-0.20575	0.55377	-0.1054
-0.34608	0.5711	-0.031543
-0.15689	0.53937	-0.09138
-0.23761	0.53887	-0.093311
-0.31359	0.54305	0.044224
-0.2953	0.56452	0.075137
-0.23453	0.55613	0.08704
-0.16999	0.54862	0.039116
-0.18959	0.54392	0.068743
-0.24779	0.5073	-0.089323
-0.32994	0.53075	-0.084782
-0.15265	0.48717	-0.042789
-0.27106	0.54024	0.087923
-0.17765	0.53071	-0.11131
-0.34681	0.53621	-0.02296
-0.15677	0.49576	-0.0034161
-0.30322	0.50787	-0.082747
-0.23006	0.52052	0.084397
-0.2921	0.50822	0.075
-0.3326	0.50024	0.024129
-0.33098	0.50436	-0.082183
-0.31384	0.50686	0.044962
-0.32567	0.48963	0.033483
-0.20743	0.51207	-0.098673
-0.19774	0.49783	-0.11098
-0.199	0.4992	0.067292
-0.26336	0.49643	0.080691
-0.34322	0.51536	-0.051901
-0.15695	0.4939	-0.0766
-0.1801	0.50965	0.050193
-0.23817	0.48435	0.07545
-0.34304	0.47734	-0.0049975
-0.18749	0.48065	-0.1087
-0.29934	0.47873	-0.090002
-0.17388	0.46923	0.015158
-0.26607	0.48442	-0.089366
-0.32888	0.45426	-0.056745
-0.17374	0.45645	-0.079732
-0.20525	0.46661	0.047179
-0.28938	0.45956	0.053358
-0.23819	0.46034	-0.10949
-0.25339	0.44828	0.050164
-0.20501	0.45408	-0.10641
-0.33857	0.44199	-0.012475
-0.19032	0.45375	0.025046
-0.1673	0.45037	-0.030152
-0.27917	0.46032	-0.10232
-0.22777	0.4411	0.038972
-0.1892	0.43514	-0.068462
-0.26915	0.43356	-0.094354
-0.32029	0.42115	0.037295
-0.19717	0.4365	0.0088331
-0.33614	0.44339	0.012425
-0.19039	0.43415	-0.03409
-0.30546	0.42669	-0.069742
-0.33123	0.43634	-0.047108
-0.20581	0.42467	-0.073574
-0.20899	0.40879	0.019662
-0.28555	0.43615	0.052444
-0.26454	0.42218	0.057811
-0.20263	0.41035	-0.0020049
-0.32745	0.3795	0.0091967
-0.22309	0.40978	-0.075671
-0.27465	0.40517	-0.073077
-0.29977	0.40633	-0.06169
-0.19479	0.41609	-0.045818
-0.24177	0.42268	-0.086127
-0.32456	0.39542	0.034601
-0.29815	0.4045	0.060673
-0.23357	0.40807	0.054927
-0.32119	0.4018	-0.034159
-0.21462	0.36968	-0.088902
-0.19113	0.38166	-0.058758
-0.18998	0.38324	0.023988
-0.20591	0.36134	-0.087453
-0.23467	0.37283	-0.07277
-0.18069	0.37853	-0.023333
-0.21763	0.38801	0.0516
-0.29903	0.38269	0.068474
-0.25931	0.36259	0.081608
-0.30449	0.37047	-0.05399
-0.32108	0.37446	-0.020719
-0.28689	0.37964	-0.064914
-0.20352	0.35126	0.050931
-0.32556	0.36632	0.032643
-0.25056	0.33392	0.087326
-0.33478	0.33147	0.0060815
-0.17592	0.34999	0.005984
-0.17273	0.33435	-0.043995
-0.29809	0.33978	0.0759
-0.32684	0.33927	0.049198
-0.19071	0.3615	0.033149
-0.23827	0.30278	-0.08459
-0.27877	0.33209	0.087285
-0.33162	0.32269	-0.027243
-0.19275	0.32956	-0.082584
-0.22964	0.3221	0.093715
-0.28052	0.31497	-0.072996
-0.32438	0.31754	-0.044644
-0.18315	0.33389	0.042423
0.80816	0.30864	-0.13388
0.80193	0.28979	-0.19018
0.80144	0.31005	-0.11083
-0.17381	0.30332	0.058927
0.76623	0.29427	-0.066103
-0.34951	0.2813	0.025631
0.75709	0.29859	-0.1396
0.80623	0.29336	-0.087344
-0.31158	0.28785	0.093554
-0.17303	0.25509	-0.045152
0.78874	0.29509	-0.044996
0.80009	0.29066	-0.04937
-0.16057	0.29825	0.020729
-0.33249	0.29373	0.068088
0.66058	0.29719	-0.013773
0.66473	0.29802	0.014081
0.77874	0.28848	-0.18299
0.74034	0.28443	-0.090236
0.8152	0.27956	-0.12911
0.82249	0.24957	-0.17057
0.76385	0.29207	0.024809
0.68556	0.29265	0.011136
0.58213	0.29581	-0.00042699
-0.19869	0.29024	-0.077479
0.58857	0.29263	0.024936
0.78323	0.29255	-0.016967
-0.27637	0.28713	0.11215
0.78522	0.29329	0.05128
0.79153	0.27054	-0.18518
0.78856	0.28492	0.06354
0.62742	0.29087	0.03342
-0.19345	0.31403	0.078406
0.59902	0.2917	-0.031202
0.79579	0.28773	-0.017075
0.52099	0.29367	-0.0062893
0.75058	0.27808	-0.15341
0.73562	0.2892	-0.039252
-0.34164	0.26554	-0.041824
-0.30601	0.31302	-0.065675
0.55495	0.29727	0.021763
0.53262	0.28224	0.047388
0.66409	0.2816	-0.059122
0.56856	0.27957	-0.048228
0.6901	0.28525	0.03312
0.74386	0.28074	0.037668
0.70272	0.28243	0.016746
0.6823	0.28443	-0.034057
0.71956	0.28432	-0.020112
0.49877	0.28458	0.024448
0.7234	0.27612	0.023199
0.60186	0.27665	0.054104
-0.21759	0.30892	0.096351
0.7997	0.26805	0.057797
0.76549	0.27869	0.066067
0.81261	0.25998	-0.18018
0.71299	0.2761	-0.060769
0.49767	0.27626	-0.030522
-0.17889	0.26327	0.080411
0.5943	0.27093	-0.062327
0.68656	0.26799	0.05166
0.48227	0.27863	0.00307
0.53611	0.27794	-0.047473
-0.34077	0.27756	-0.025759
0.7366	0.26304	-0.13475
-0.26485	0.28031	-0.084871
0.6829	0.26862	-0.072237
0.57327	0.2647	0.069498
0.80642	0.23069	-0.032829
-0.32731	0.27319	-0.059422
-0.18925	0.25831	-0.065387
0.77055	0.25109	-0.17411
0.72298	0.25344	-0.10667
0.4666	0.25777	-0.031467
0.61439	0.25745	-0.093006
0.73322	0.26114	0.044431
0.80708	0.26488	-0.078753
0.76891	0.25302	0.072071
-0.16095	0.27151	-0.009377
0.22126	0.27055	0.022139
0.26797	0.26949	0.021524
0.22621	0.26682	0.070314
0.5727	0.25121	-0.077002
0.49982	0.25896	0.064698
0.27508	0.26483	0.052908
0.70738	0.25401	-0.091063
0.80296	0.25592	-0.18777
0.78763	0.25851	0.078119
-0.26414	0.26933	0.12279
0.8057	0.2306	-0.003762
0.23179	0.25987	-0.023579
-0.22169	0.26993	0.11381
0.27408	0.26119	-0.01763
-0.34694	0.27118	0.06992
0.68338	0.2443	-0.096969
0.71533	0.25445	0.045345
0.58202	0.24569	0.084368
0.20433	0.26541	0.050329
0.64105	0.24967	0.069982
0.50688	0.24459	-0.065735
-0.16871	0.26171	0.057506
0.18843	0.26119	0.0047012
-0.15699	0.25801	0.011151
0.75061	0.24019	-0.16039
0.81432	0.24343	-0.21683
0.31111	0.25762	0.037496
-0.3623	0.25209	0.085771
0.4722	0.2465	-0.050658
0.82834	0.21239	-0.16839
0.52712	0.2563	0.076503
0.80224	0.23905	0.067341
0.54114	0.24908	-0.071478
0.203	0.252	0.093191
-0.2553	0.25404	0.13849
0.1835	0.25197	-0.024327
-0.29063	0.26856	-0.082115
0.80674	0.23808	0.052872
0.30839	0.25649	-0.0082124
0.61645	0.23218	0.084387
0.70248	0.23946	0.057661
0.29254	0.24754	0.084989
0.22288	0.25565	0.093359
0.79145	0.2274	-0.21916
0.43777	0.24183	-0.0075963
0.23033	0.24344	-0.055173
0.82106	0.19819	-0.10387
0.56872	0.23634	-0.096464
0.72334	0.22396	0.046446
0.63327	0.22313	-0.11731
0.52004	0.2273	0.092541
0.3473	0.24587	0.017337
0.65067	0.22259	-0.11499
0.31716	0.24679	0.065442
-0.361	0.25933	0.033858
0.4455	0.24608	0.019727
0.81562	0.22197	-0.22503
0.28353	0.23948	-0.056829
0.31684	0.23707	-0.051694
-0.32275	0.25592	0.12807
-0.33317	0.23882	-0.062999
-0.15444	0.24508	0.037161
0.45538	0.24432	0.049526
0.35996	0.24058	0.04631
0.18271	0.23754	-0.045322
0.41779	0.23915	0.0054918
0.82778	0.21647	-0.19275
0.15735	0.23658	0.027652
0.79068	0.22311	0.064647
-0.21731	0.25079	-0.077518
0.5962	0.23005	-0.10898
-0.27096	0.22613	-0.092346
0.72645	0.21547	-0.11595
-0.18263	0.24259	0.11071
0.38112	0.23901	0.050979
-0.29312	0.24894	0.151
0.77196	0.22516	-0.19709
0.37318	0.23495	0.010052
-0.38386	0.2347	0.039704
0.34226	0.2404	-0.020963
0.23947	0.24032	0.10949
0.42496	0.2336	0.074678
0.22661	0.22029	-0.078514
-0.20986	0.20962	-0.083929
-0.21501	0.24561	0.13081
-0.26123	0.24374	0.16553
0.75382	0.21317	-0.16595
0.73794	0.21734	-0.14758
0.1659	0.21542	0.081753
0.36472	0.23031	0.071881
0.70811	0.22243	-0.10302
-0.15361	0.2442	-0.0088091
0.45911	0.22762	-0.051729
-0.1466	0.23731	0.066557
-0.33598	0.24426	0.15107
-0.21635	0.23682	0.15982
0.60619	0.22301	-0.12517
-0.32487	0.23913	0.17664
0.37028	0.22249	-0.021782
-0.29203	0.23709	0.19411
-0.30111	0.22184	-0.08407
0.46987	0.22899	0.07756
-0.17382	0.23235	0.13065
0.48089	0.20299	0.092683
-0.17016	0.22309	-0.057607
-0.24709	0.23867	0.19438
0.65909	0.22075	0.07409
0.20501	0.22073	0.12674
0.2893	0.22262	0.11149
-0.38357	0.23232	0.12136
0.13562	0.21999	-0.012151
0.32225	0.22656	0.094872
-0.31616	0.23311	0.19212
0.53322	0.21304	-0.081629
0.14702	0.22553	0.027439
0.40227	0.21927	-0.025345
-0.20423	0.23383	0.17645
-0.19542	0.21853	-0.076149
0.69116	0.20144	0.058799
0.68216	0.20735	-0.10293
0.74402	0.22551	0.049785
-0.21785	0.21981	0.22178
0.36136	0.21222	0.095049
0.79271	0.19403	-0.19133
0.76095	0.19406	-0.16295
-0.14608	0.22223	-0.030292
-0.17157	0.23248	0.14618
-0.0994	0.22482	0.090756
-0.11122	0.22812	0.06812
0.43049	0.20933	-0.049597
0.81195	0.2105	0.037851
0.4174	0.2143	0.09388
0.79716	0.20234	0.049089
0.58767	0.21236	0.095565
0.5449	0.21273	-0.092362
0.60586	0.19312	0.091631
-0.17355	0.21553	0.20837
-0.36165	0.23105	-0.034945
0.26599	0.21033	0.12617
-0.10277	0.22293	0.11373
-0.16869	0.22364	0.17577
-0.33944	0.23049	0.19469
0.81557	0.18493	-0.023231
-0.38734	0.22763	0.14751
-0.1657	0.21165	-0.071807
-0.25254	0.2187	0.23164
0.65643	0.18204	-0.11393
0.4039	0.19314	-0.054755
-0.12814	0.22307	0.005848
0.19258	0.22467	0.1159
-0.097141	0.21338	0.040642
-0.3833	0.2209	0.17287
-0.37846	0.21748	-0.0080064
-0.29259	0.21142	0.24252
0.60059	0.19192	-0.13167
0.82829	0.18755	-0.15392
0.35406	0.21743	-0.057148
0.48167	0.1965	-0.083359
0.31096	0.2093	-0.086178
-0.34349	0.21752	-0.066732
0.37915	0.19232	-0.05462
-0.43468	0.19571	0.0065448
-0.3878	0.22114	0.012506
-0.087211	0.21565	0.12849
0.1542	0.20249	-0.054818
0.34232	0.18044	0.11309
-0.36505	0.21715	0.20647
0.52205	0.20383	0.098719
0.20533	0.19521	0.13695
0.74165	0.19096	0.025868
-0.11469	0.20606	-0.027817
0.10025	0.20493	0.012416
0.20753	0.19209	-0.084554
-0.10695	0.2089	0.15209
0.10796	0.19575	-0.026283
0.75279	0.16207	-0.13897
0.67718	0.1859	-0.097478
0.55315	0.18993	-0.11046
0.52889	0.195	-0.093381
0.62891	0.19022	-0.12984
-0.38329	0.19015	-0.085182
-0.42717	0.20118	0.14949
0.12802	0.20502	0.07282
0.80438	0.1826	0.010722
0.17957	0.19245	-0.074009
0.71208	0.19892	-0.098101
-0.078732	0.19782	0.15162
0.72	0.19758	0.037448
-0.26053	0.19652	-0.10257
0.17665	0.18588	0.12207
-0.41403	0.21004	0.082681
0.069895	0.19771	-0.0023381
0.45959	0.19077	-0.083905
0.073877	0.20014	0.027019
0.0953	0.20009	0.06532
-0.068409	0.20198	0.075277
-0.38783	0.20783	-0.038938
-0.17192	0.2022	0.22928
-0.21852	0.20529	0.24391
-0.13946	0.19395	-0.091898
-0.11139	0.19434	0.18149
0.81141	0.18995	-0.19488
-0.42551	0.1817	-0.020227
0.73538	0.1785	-0.1093
-0.23339	0.18591	-0.11533
0.55516	0.17473	0.098965
-0.071691	0.19826	0.11877
0.71869	0.17919	0.022335
0.11473	0.19328	0.099787
-0.32358	0.19779	0.2565
-0.34683	0.19423	0.2498
0.71551	0.17766	-0.075426
-0.61919	0.17222	-0.2146
0.66183	0.16499	0.056864
-0.45197	0.18475	0.071755
0.76437	0.18153	0.018139
-0.42692	0.20489	0.10542
-0.36882	0.1826	-0.10218
0.31732	0.17796	-0.10163
0.41718	0.18776	0.1035
0.82874	0.16786	-0.113
0.80872	0.17461	-0.02173
-0.051458	0.18973	0.020507
0.26066	0.18235	-0.098903
0.04321	0.18331	0.066372
-0.32613	0.19737	-0.088409
-0.088498	0.19102	-0.047754
0.14454	0.18204	0.11639
0.81591	0.16054	-0.19585
-0.46506	0.1931	0.12109
0.037613	0.1868	0.024299
-0.18561	0.18799	0.2473
-0.055429	0.18239	-0.0084438
-0.038211	0.19127	0.075079
-0.40128	0.19911	0.21009
0.22038	0.18058	0.14273
0.64439	0.18753	0.07533
0.12269	0.1785	-0.045971
0.28839	0.18875	0.12866
-0.28746	0.19148	-0.10001
0.82299	0.17179	-0.068163
0.37725	0.18183	0.10493
0.72587	0.16988	-0.010131
-0.44989	0.18569	-0.012708
-0.3218	0.17439	-0.089311
-0.2488	0.17994	0.27599
0.35539	0.17817	-0.091152
0.05465	0.18911	0.0428
-0.023149	0.18946	0.037371
0.42392	0.17263	-0.073302
-0.58635	0.17868	-0.18549
-0.072236	0.18789	-0.0049495
-0.62532	0.15953	-0.20996
0.67848	0.17062	-0.07734
-0.30188	0.17756	0.27761
0.015838	0.18667	0.053183
-0.11702	0.19125	-0.067306
0.50632	0.16787	-0.092875
-0.47391	0.1797	0.14677
0.61054	0.16329	-0.12942
0.74087	0.16517	-0.0661
0.52664	0.14696	-0.087817
0.75369	0.16168	-0.036223
-0.064615	0.17979	0.14226
0.75126	0.16187	-0.098961
-0.08244	0.17581	-0.066755
-0.077816	0.16976	0.18774
-0.16221	0.18306	-0.12066
0.73171	0.16669	-0.046305
0.37945	0.15928	-0.079823
0.47427	0.16796	0.091041
0.77868	0.15898	-0.17034
0.060399	0.16982	-0.045267
0.080176	0.16363	-0.060821
-0.15131	0.16226	0.25711
-0.068006	0.17014	-0.046838
-0.02931	0.17445	0.004617
-0.10692	0.1756	0.20139
-0.006269	0.16637	-0.0055174
-0.11096	0.17481	-0.099111
0.052738	0.17418	0.094652
0.36383	0.15407	0.10609
-0.29555	0.16503	-0.10197
0.80419	0.16373	-0.05832
0.5846	0.15673	-0.11766
0.82267	0.15033	-0.17297
0.70679	0.16303	-0.041563
-0.58728	0.16702	-0.20546
0.6785	0.15046	-0.060651
-0.4171	0.15893	-0.10887
0.77202	0.15858	-0.069922
0.65474	0.15719	-0.08709
-0.61439	0.14311	-0.23185
0.0025981	0.1741	0.10786
0.82576	0.15284	-0.12272
0.12623	0.17044	0.1264
-0.053317	0.17054	-0.025126
0.6281	0.15477	-0.10219
-0.25969	0.16088	-0.12789
0.40133	0.15067	0.099291
0.12292	0.16731	-0.051538
0.81677	0.14822	-0.11013
0.28368	0.15542	0.13297
-0.049495	0.18633	0.11265
-0.48625	0.14807	0.030675
-0.55141	0.17174	-0.17806
0.64466	0.14122	0.049516
-0.082859	0.15045	-0.11133
0.69519	0.15441	0.0061326
-0.38852	0.17171	0.25833
-0.48028	0.15879	-0.02476
0.020775	0.16034	-0.024658
-0.21782	0.1678	0.28155
-0.42568	0.16831	-0.043743
0.035173	0.1448	0.1567
0.79554	0.17078	-0.19739
0.61264	0.14788	0.077351
0.78714	0.14387	-0.11715
-0.35968	0.17215	-0.10342
0.15805	0.15792	-0.071897
-0.20252	0.15306	-0.14623
-0.60245	0.14397	-0.17751
-0.59222	0.14786	-0.23531
0.43791	0.15515	-0.082478
0.76315	0.14779	-0.13524
-0.41263	0.17613	0.23627
0.61732	0.14045	-0.077762
0.56826	0.1483	0.091667
0.062339	0.16063	0.11549
0.68741	0.14702	-0.026317
-0.32511	0.15908	0.29036
0.32185	0.14153	-0.10524
-0.28551	0.1377	0.31179
-0.11264	0.14619	-0.13335
0.79893	0.14554	-0.17342
0.40392	0.14836	-0.093636
0.65658	0.1347	-0.049849
-0.36031	0.13217	-0.095008
0.18204	0.1553	0.13707
-0.5188	0.12949	0.064366
-0.11076	0.15841	0.22594
-0.050104	0.16565	0.14654
-0.49443	0.16285	0.14751
-0.18448	0.16375	0.27491
0.58547	0.13375	-0.085419
0.13552	0.13851	-0.05704
0.19118	0.13068	0.14015
-0.060729	0.15415	0.1725
-0.15987	0.14354	-0.14774
-0.47126	0.16714	0.1721
-0.058617	0.14354	-0.081237
-0.41468	0.13433	-0.14516
-0.51519	0.14026	0.10277
0.44531	0.13565	-0.08102
-0.32153	0.14942	-0.096823
-0.0072186	0.14736	-0.041377
-0.49921	0.14572	-0.029839
0.54443	0.12535	0.08139
0.47834	0.13638	0.075562
-0.040515	0.14662	-0.060134
0.63617	0.1308	-0.064345
-0.43758	0.14762	0.2436
0.41329	0.12271	-0.096514
0.21466	0.1518	0.1368
0.15168	0.12564	0.14812
-0.39182	0.14438	-0.12317
-0.38442	0.14559	0.28276
-0.34386	0.15037	0.29244
-0.49646	0.14416	0.0070704
-0.58126	0.12295	-0.2521
0.22966	0.15315	-0.097923
0.37432	0.13265	-0.087646
0.022531	0.12939	-0.064768
0.25584	0.1319	0.13103
-0.6142	0.12567	-0.1978
0.11039	0.13852	-0.081399
0.47967	0.11615	-0.072237
0.064353	0.13891	-0.071908
-0.44891	0.13365	-0.12885
-0.10374	0.13371	0.24123
0.57136	0.12132	-0.046627
-0.45968	0.13965	-0.046818
-0.5249	0.15326	-0.17889
0.44543	0.1201	-0.07549
0.14711	0.12304	-0.06214
0.64324	0.12662	0.019137
0.095108	0.1258	0.1441
-0.37965	0.11986	-0.10128
-0.50077	0.12765	-0.18633
0.38924	0.12081	-0.095524
-0.48922	0.12888	-0.051291
-0.1898	0.12653	0.30042
-0.22545	0.14445	0.30316
-0.044846	0.13297	0.18195
0.31883	0.13047	0.11718
-0.47824	0.14407	0.19421
-0.51543	0.14038	-0.16514
-0.27611	0.11528	-0.11944
0.35128	0.1159	0.091862
0.53028	0.11723	-0.065787
-0.29678	0.11934	-0.10704
0.58347	0.11848	0.069965
-0.36465	0.11312	0.31067
0.079263	0.11869	0.15843
-0.14583	0.11576	0.28556
0.63693	0.11913	-0.031369
-0.010778	0.1228	-0.072764
-0.6077	0.1248	-0.17806
-0.52367	0.12851	0.15029
-0.082966	0.13102	-0.12815
-0.31286	0.10757	-0.113
0.41306	0.097836	-0.086079
-0.0017931	0.13394	0.17727
-0.53309	0.10323	-0.13401
-0.41263	0.12672	0.2847
-0.51538	0.10858	-0.19918
-0.06365	0.11667	0.20918
-0.40315	0.12619	-0.14939
0.57767	0.105	-0.015938
0.18946	0.12071	-0.079207
-0.52397	0.12415	0.0076721
-0.053411	0.10846	-0.10607
-0.45314	0.11687	0.25431
-0.55335	0.1216	-0.21125
-0.019565	0.11249	0.20672
-0.39315	0.11253	-0.11641
0.37257	0.10865	-0.083452
-0.47604	0.12013	-0.1144
0.046205	0.11973	0.17933
0.22868	0.11804	0.11941
0.47417	0.10845	0.047995
0.1698	0.090759	0.15067
0.58444	0.10195	0.031177
0.50941	0.10729	-0.06122
-0.52753	0.10826	0.17037
0.41109	0.11273	0.071586
-0.55867	0.1201	-0.243
-0.52169	0.12085	-0.041577
-0.5483	0.10941	-0.25328
0.34456	0.11346	-0.094946
0.06254	0.1018	-0.095069
-0.16266	0.11417	-0.16305
-0.53719	0.11407	-0.028128
0.12488	0.10809	-0.089413
-0.46806	0.11769	-0.17604
-0.50988	0.15132	0.12675
-0.053602	0.10293	0.2075
-0.39398	0.11892	-0.17322
-0.50985	0.11365	-0.1399
-0.57483	0.11248	-0.15118
-0.40063	0.11707	-0.20205
-0.48691	0.11644	-0.15411
0.13383	0.11115	-0.074045
0.28383	0.12065	0.12455
-0.4831	0.11852	-0.1884
0.095041	0.10332	-0.094822
0.52573	0.10158	0.050493
-0.45943	0.10877	-0.2044
-0.23678	0.10977	0.32146
0.56836	0.095806	0.030237
0.31286	0.11127	-0.099582
-0.37939	0.11416	-0.20022
-0.39506	0.10572	-0.14386
-0.50333	0.10563	-0.11496
0.17434	0.080822	-0.056015
0.32734	0.091495	0.080736
0.24321	0.11124	-0.0895
0.44623	0.095166	-0.043453
-0.592	0.10195	-0.20891
-0.3259	0.1138	0.3183
-0.096604	0.10693	-0.14623
-0.545	0.10139	0.060038
-0.46614	0.11409	0.23649
0.52438	0.093288	-0.0025119
-0.37303	0.1088	-0.21997
-0.11529	0.1121	0.26073
-0.039786	0.087386	-0.1206
0.3011	0.093008	0.086807
-0.51503	0.10203	-0.23675
0.41013	0.093073	0.04243
0.16076	0.073242	-0.055275
0.22072	0.091999	-0.075913
-0.49899	0.10655	-0.082926
-0.00010593	0.10463	0.20083
0.30992	0.082855	-0.08129
-0.35505	0.10696	-0.11068
-0.39728	0.10832	0.30075
0.12478	0.099895	0.15384
-0.58917	0.094214	-0.18698
0.38301	0.094044	-0.072031
0.47618	0.095761	-0.04125
0.4521	0.095656	0.017251
0.52308	0.091495	0.024065
0.26312	0.087999	-0.08177
0.24922	0.090584	0.093739
0.4514	0.090574	-0.015654
-0.2389	0.10394	-0.15284
0.0093694	0.078542	0.20893
0.41353	0.087684	-0.054177
0.011408	0.076786	-0.1071
-0.38117	0.10066	-0.12579
-0.27763	0.10606	0.3254
-0.52385	0.090886	-0.066995
0.14708	0.089046	-0.086261
-0.013348	0.079437	-0.11006
-0.56702	0.075186	-0.041834
-0.48521	0.099409	-0.22254
-0.55276	0.091129	0.097677
-0.5585	0.085763	-0.14337
0.23178	0.080839	0.099585
-0.26702	0.07611	-0.12145
-0.52231	0.096315	-0.24003
-0.2003	0.096321	-0.16513
-0.28634	0.087112	-0.11584
-0.42429	0.086785	0.29611
-0.3732	0.089436	0.31682
0.19845	0.071874	0.13132
-0.083576	0.076521	0.23507
-0.56733	0.072246	-0.008746
-0.42908	0.095799	-0.23607
-0.094884	0.095876	0.2544
0.34685	0.073881	-0.063583
0.41379	0.081535	-0.021472
0.27146	0.089578	0.083633
-0.3266	0.086196	-0.12477
-0.19083	0.085704	0.3196
-0.079905	0.078394	-0.13247
-0.30987	0.073569	-0.1303
-0.12482	0.073782	-0.1613
-0.17512	0.067118	-0.17019
-0.11059	0.074615	0.27435
-0.35909	0.086557	-0.25417
-0.50029	0.10376	0.20904
0.36621	0.068761	0.029076
0.20502	0.072155	-0.053906
-0.34265	0.077276	-0.14838
-0.52896	0.080657	-0.094164
0.33196	0.067334	0.045776
-0.2531	0.081897	-0.14092
0.13691	0.077736	0.15911
0.047238	0.070224	-0.1102
-0.34773	0.079737	-0.22352
0.2826	0.072757	0.051698
-0.56381	0.078478	-0.17007
-0.33886	0.083127	-0.27876
-0.49304	0.083562	-0.2337
-0.43417	0.078191	-0.28073
-0.4506	0.08104	-0.25123
-0.21295	0.067529	-0.16368
-0.35892	0.085217	-0.26468
-0.33221	0.07678	-0.34309
-0.5393	0.073451	0.1826
-0.56416	0.069115	0.062538
0.36805	0.069254	-0.034306
-0.54285	0.078534	-0.12224
-0.31537	0.068268	-0.33512
-0.5232	0.072161	-0.2192
0.24326	0.063706	-0.056485
-0.2599	0.079703	0.33549
-0.54994	0.086083	0.14435
-0.4965	0.062898	0.23641
-0.39018	0.078273	0.31775
-0.38579	0.068469	-0.28156
-0.5478	0.071213	-0.18995
0.16773	0.059593	-0.07545
-0.44045	0.06647	-0.28236
0.24173	0.047368	-0.029033
0.28718	0.057201	-0.046548
0.29347	0.059123	0.0089079
-0.32137	0.068129	-0.24003
-0.35684	0.080395	-0.19062
-0.31743	0.065144	-0.27014
0.038559	0.051203	0.20546
-0.3455	0.051243	0.33916
0.19681	0.043143	-0.023871
0.10909	0.06183	-0.10489
-0.36181	0.079069	-0.29436
-0.29314	0.041047	-0.31648
-0.45744	0.064281	0.28118
-0.47796	0.071144	0.24987
0.010022	0.061847	-0.12597
-0.15388	0.08162	0.30549
0.079698	0.078874	0.1834
-0.33489	0.066993	-0.36909
-0.41877	0.065888	-0.29544
0.038499	0.059745	-0.12108
-0.51343	0.053975	-0.22056
0.063193	0.078279	0.19219
0.19357	0.06043	0.14051
0.33858	0.056252	0.0031128
0.25394	0.04751	-0.0052617
-0.048559	0.073775	0.2173
-0.01473	0.080905	0.22179
-0.45088	0.049845	-0.26765
0.32454	0.060668	0.036814
0.14318	0.052325	0.16869
0.30666	0.051975	-0.026653
-0.046244	0.051978	-0.14158
0.15225	0.05217	-0.090983
-0.534	0.056904	-0.19157
-0.31733	0.054784	-0.37877
-0.52055	0.060324	0.2127
-0.30476	0.044178	-0.15784
-0.31647	0.054425	-0.18821
-0.5493	0.062252	-0.15594
0.23419	0.054161	0.062767
0.24114	0.043534	0.021999
-0.29924	0.045557	-0.23723
0.17013	0.058641	0.15751
-0.12742	0.041559	0.26812
0.2248	0.038191	-0.0082325
-0.56035	0.04388	-0.070118
-0.32671	0.035024	0.34348
0.19748	0.043464	-0.049047
-0.099804	0.059858	0.25237
0.20121	0.050046	0.16039
-0.54618	0.055125	-0.10948
0.078628	0.043912	-0.12565
-0.27625	0.026706	-0.1487
-0.29741	0.039932	-0.21747
0.11796	0.045837	-0.11494
-0.39628	0.050465	-0.30277
-0.47107	0.040693	-0.26157
-0.14209	0.046175	-0.16325
-0.11236	0.039534	-0.14192
-0.52279	0.045763	-0.20305
-0.12997	0.046464	0.2983
-0.37979	0.042425	-0.31754
-0.58411	0.039774	-0.034218
0.17871	0.046877	0.17771
-0.36031	0.024103	-0.38187
0.24568	0.046548	0.20966
0.22352	0.043092	0.16897
-0.27613	0.030818	-0.26516
-0.32496	0.01684	-0.4109
-0.071401	0.024237	0.239
-0.57398	0.038068	0.089784
-0.25198	0.047496	-0.13443
-0.00040221	0.033026	0.21412
-0.57739	0.02727	0.062079
0.036034	0.026673	0.21257
-0.55824	0.034462	0.17024
0.27154	0.041776	0.24556
0.21367	0.044853	0.2052
-0.21227	0.045247	-0.16001
-0.28299	0.037114	-0.29153
0.25551	0.033576	0.18822
0.13488	0.031008	0.17922
0.26696	0.040547	0.26299
0.023671	0.023859	-0.13512
0.20983	0.037305	0.21634
-0.47421	0.035644	0.27243
0.20591	0.030684	-0.037259
-0.39488	0.018498	-0.32414
0.21606	0.025641	0.061677
-0.17309	0.031378	-0.16276
0.21063	0.017426	-0.0072576
0.21874	0.023972	0.0032377
-0.29998	0.022955	-0.39084
0.26973	0.035941	0.21909
0.22255	0.032873	0.14101
-0.1888	0.055503	0.3255
0.11823	0.0061438	-0.12367
0.28828	0.030495	0.23985
-0.40306	0.027954	0.32517
0.14542	0.017408	-0.11714
0.191	0.02162	-0.062639
0.24813	0.029479	0.27566
0.16973	0.031487	0.19159
0.30286	0.026719	0.28812
-0.021104	0.051224	-0.13409
-0.50718	0.020256	-0.23353
-0.13656	0.017442	0.30306
0.051627	0.028626	-0.13607
-0.28745	0.017322	-0.20822
-0.28929	0.037741	-0.35324
0.21071	0.02077	0.08567
0.20749	0.041452	0.11
0.10005	0.03473	0.18633
-0.23993	0.019151	-0.14024
-0.37097	0.027012	-0.35601
-0.58549	0.012363	-0.0010638
0.23715	0.013881	0.15833
-0.14793	0.016953	-0.1497
-0.41793	0.028429	-0.30083
0.30889	0.018138	0.3364
-0.42595	0.043846	0.31038
0.29716	0.01956	0.34613
0.20935	0.038984	0.12133
-0.25226	0.035384	0.34206
0.27408	0.013556	0.19943
-0.44445	0.010588	-0.27839
-0.12993	0.021488	0.27166
-0.068084	0.015027	-0.14903
-0.5505	0.042344	-0.14571
-0.56525	0.016596	-0.088906
0.30182	0.0093904	0.22934
-0.2825	0.017516	-0.32706
0.20732	0.0014812	0.09462
-0.21438	0.00022667	-0.13859
-0.037345	0.019102	0.22571
0.058084	0.023879	0.20268
0.21468	-0.0023601	0.12072
0.19435	-0.0029387	-0.080105
-0.28565	0.01465	-0.16346
-0.14881	0.010499	0.3164
0.3097	0.012956	0.26699
0.30554	0.0068165	0.35984
0.029111	-0.022937	-0.13151
-0.52209	0.017141	-0.21193
0.1647	0.017985	-0.098526
-0.54164	0.0080038	-0.19357
-0.36948	0.0092514	-0.37186
-0.57111	0.028895	0.12789
-0.46351	0.01663	0.2874
-0.56672	0.0012251	-0.12832
0.091781	0.01267	-0.13002
-0.58633	0.013673	-0.051356
0.01946	0.0094203	0.2203
-0.11578	0.0046927	-0.14443
0.12585	-0.012079	0.18429
0.13082	0.010952	0.18128
-0.2655	0.011038	-0.28032
-0.37712	-0.0021461	-0.35377
0.26004	0.014425	0.3146
0.1898	0.0082716	0.21285
0.037282	-0.004668	0.2096
0.22098	-7.7799e-05	0.25237
-0.0306	0.010366	-0.13869
-0.19755	-0.00070545	-0.144
-0.55285	0.017363	-0.16635
-0.26953	-0.021244	0.34521
0.2784	-0.0048936	0.36019
-0.43687	-0.0029838	0.30807
-0.28432	-0.011043	-0.33131
0.19305	-0.0072151	0.026974
-0.40904	-0.010835	0.32377
0.20323	-0.0067599	-0.023734
0.23914	-0.00065085	0.16231
0.31803	-0.0037819	0.28246
0.061564	-0.012056	0.20312
-0.33859	-0.0093416	-0.41213
0.31681	-0.0060527	0.34033
-0.29385	-0.018696	-0.37133
-0.57915	-0.0057785	0.065927
-0.31266	-0.01052	-0.40442
0.23218	-0.0086533	0.26983
-0.28925	-0.017	-0.19964
-0.28597	-0.0024211	-0.19205
-0.54591	-0.00071432	0.19613
-0.5007	0.0012955	-0.2391
-0.42023	-0.0069071	-0.3037
0.19988	-0.011612	0.0074993
-0.56519	0.0043584	0.16018
-0.57097	-0.013356	-0.086157
-0.0263	-0.030407	-0.13387
-0.041837	-0.012577	0.23612
0.23602	0.0075273	0.27702
0.12872	-0.015592	-0.12736
0.18697	-0.014594	0.21293
0.15717	-0.012422	-0.11054
-0.51233	-0.020802	0.229
0.19362	-0.032315	0.094733
0.26437	-0.021153	0.1963
0.1004	-0.019203	0.18644
-0.16815	-0.007464	-0.14737
-0.26997	-0.01133	-0.14748
0.29788	-0.01569	0.23057
-0.28728	-0.01981	-0.17315
-0.26447	-0.013397	-0.28411
0.24951	-0.013782	0.3093
-0.46768	0.0027261	-0.26947
-0.57514	-0.0058749	0.12648
0.2064	-0.013133	-0.049684
0.15666	-0.012557	0.19262
-0.38789	-0.0056119	-0.32787
-0.10325	-0.018086	0.26989
0.20748	-0.025135	0.024073
-0.06112	-0.031511	-0.13918
0.11451	-0.024686	-0.12431
-0.23765	-0.03353	-0.13278
-0.47609	-0.011515	0.27271
-0.031476	-0.044447	0.22668
-0.52133	-0.03814	-0.22688
0.078788	-0.016994	-0.13119
0.22644	-0.023254	0.16951
-0.40009	-0.024309	-0.30878
-0.064507	-0.025647	0.23468
0.31114	-0.016007	0.38386
0.26527	-0.028179	0.33625
0.31254	-0.022717	0.34896
-0.37605	-0.041526	-0.31739
0.18868	-0.021006	-0.085019
-0.48981	-0.012612	-0.25241
-0.087707	-0.005067	0.25076
-0.26727	-0.034742	-0.13856
0.29176	-0.035682	0.26129
0.19853	-0.032367	0.043967
-0.29038	-0.020202	-0.32316
-0.36121	-0.015964	0.33729
-0.1264	-0.02297	-0.14478
0.1531	-0.038948	-0.10395
-0.31782	-0.019202	0.34199
-0.55463	-0.017885	-0.1802
0.19464	-0.037779	0.13217
-0.45622	-0.038406	-0.27881
-0.28346	-0.018821	-0.2401
-0.10666	-0.044078	0.2784
0.20258	-0.028685	-0.015551
0.17165	-0.037544	-0.073121
-0.56876	-0.019215	-0.12385
-0.58967	-0.028322	-0.042022
-0.098309	-0.036157	-0.13673
-0.14504	-0.035924	0.31032
0.20981	-0.036721	-0.0062942
-0.20091	-0.04198	-0.16135
0.20236	-0.035843	0.15993
0.16059	-0.035555	0.18006
-0.27169	-0.029466	-0.27952
0.16994	-0.040311	-0.047051
0.20491	-0.035435	0.20234
-0.57946	-0.026679	0.089722
0.06009	-0.049833	0.1972
-0.56297	-0.048032	-0.08371
0.23995	-0.041949	0.019973
0.24067	-0.028249	0.26511
-0.012418	-0.05487	-0.12527
-0.34767	-0.042677	-0.37764
-0.30924	-0.042554	-0.19512
0.2572	-0.040495	0.22265
0.25601	-0.028467	0.30605
-0.17736	-0.046455	-0.16872
0.30131	-0.033789	0.35154
-0.33434	-0.029386	-0.40358
-0.5734	-0.044073	0.067991
0.21862	-0.038969	0.19244
0.18193	-0.039677	0.175
-0.43708	-0.053493	-0.29824
-0.37587	-0.058857	-0.29375
-0.18992	-0.0093766	0.33096
0.10639	-0.061054	-0.10564
-0.31913	-0.057059	-0.16301
0.27455	-0.049375	-0.0095399
0.2596	-0.040973	0.25471
0.2083	-0.052756	-0.032018
-0.29888	-0.041068	-0.3284
-0.29219	-0.035252	-0.28921
0.073193	-0.044775	-0.12312
-0.46456	-0.046844	-0.26937
0.28178	-0.037972	0.31217
0.17474	-0.049796	0.15352
0.12691	-0.069784	0.17732
-0.56656	-0.034792	-0.14266
0.142	-0.043768	0.17571
0.18311	-0.055569	0.12162
-0.39708	-0.05793	-0.28658
-0.55939	-0.036767	-0.19864
0.14697	-0.063727	-0.067893
-0.30363	-0.044877	-0.24245
-0.31234	-0.054134	-0.28683
-0.5533	-0.041828	0.17451
0.14284	-0.060047	-0.084471
-0.31107	-0.046377	-0.36215
-0.51036	-0.058308	-0.23492
-0.5562	-0.051938	-0.10763
0.20066	-0.056886	0.092072
-0.084915	-0.039546	0.24853
-0.29687	-0.049361	-0.27488
-0.061028	-0.050613	0.22429
-0.57051	-0.041935	0.13433
-0.0024276	-0.03512	0.21652
-0.10056	-0.056546	-0.13306
-0.57596	-0.048345	-0.17186
-0.27844	-0.076329	-0.12345
0.28843	-0.05216	0.0040595
0.23699	-0.064099	-0.043177
0.22092	-0.056345	0.036834
-0.31214	-0.049435	-0.31236
-0.58392	-0.055115	-0.028681
-0.19407	-0.074921	-0.17088
-0.58393	-0.034816	-0.0074256
-0.24985	-0.053459	-0.13268
0.18182	-0.064017	-0.049849
-0.57079	-0.052194	-0.14853
-0.19997	-0.062532	0.32516
-0.57605	-0.058759	-0.22522
-0.33712	-0.056241	-0.36592
-0.24766	-0.05863	0.33658
-0.55087	-0.07423	-0.24569
0.28551	-0.076723	0.011441
0.28306	-0.065388	-0.040383
-0.077416	-0.065987	0.22428
-0.56524	-0.070872	0.1185
-0.34082	-0.070118	-0.24032
-0.39521	-0.046984	0.32177
-0.33986	-0.069799	-0.30965
0.31988	-0.066815	-0.00044117
0.10008	-0.08388	0.17327
-0.47826	-0.056403	0.25443
-0.29843	-0.061226	0.33477
-0.55077	-0.07254	-0.12768
-0.021557	-0.095257	0.19317
-0.06558	-0.082012	-0.11648
0.32578	-0.064995	-0.012227
-0.60362	-0.068729	-0.21374
-0.35084	-0.067238	-0.32843
-0.49193	-0.068663	-0.24181
0.34277	-0.071067	0.030054
-0.56776	-0.063027	-0.14157
-0.44476	-0.068969	-0.26966
0.16521	-0.064994	0.15179
0.21753	-0.081487	0.10065
0.36441	-0.074314	0.015062
-0.34875	-0.072558	-0.19198
0.21982	-0.092104	-0.066666
0.022171	-0.053633	-0.11966
0.11943	-0.08665	-0.086922
0.35219	-0.081866	-0.030906
-0.56739	-0.071954	0.040249
-0.13365	-0.082566	0.29353
0.24177	-0.091784	0.055645
-0.022498	-0.076488	-0.10493
-0.4427	-0.057191	0.29365
0.033981	-0.093313	-0.094627
-0.12105	-0.08033	-0.15677
-0.53781	-0.079707	-0.12499
-0.45051	-0.075594	0.27468
-0.5439	-0.075496	-0.07844
0.33703	-0.09162	-0.05771
0.20129	-0.087289	0.1257
0.25621	-0.082755	-0.062698
-0.31968	-0.078707	-0.13691
-0.55473	-0.098477	-0.033304
-0.14638	-0.08968	-0.16752
-0.52223	-0.061673	0.20719
-0.23255	-0.091617	-0.15987
0.23807	-0.069719	0.029218
-0.56711	-0.076771	-0.045414
-0.36787	-0.075221	-0.27221
-0.35544	-0.074385	-0.26713
0.32161	-0.084548	0.067739
0.38151	-0.087752	0.0068599
-0.34705	-0.07941	0.32512
0.188	-0.09701	-0.063127
0.39144	-0.10166	-0.029219
-0.068115	-0.087442	0.20325
0.10189	-0.11272	0.1679
0.042599	-0.071462	0.19487
-0.52905	-0.081475	-0.093173
-0.56052	-0.08017	0.066633
-0.36863	-0.082537	-0.19109
-0.10015	-0.094112	-0.13566
0.15755	-0.08914	0.15751
0.28603	-0.088613	0.027486
-0.48718	-0.092065	-0.22048
0.28991	-0.091747	0.10034
0.50682	-0.089563	0.014703
0.37153	-0.10089	0.06531
-0.54546	-0.085961	0.16392
0.4014	-0.10359	0.041028
-0.61568	-0.0969	-0.24928
0.23451	-0.08946	0.11583
0.24727	-0.10172	-0.076325
-0.16763	-0.074047	0.31355
0.059843	-0.10122	0.17246
-0.39569	-0.097248	0.29968
-0.35759	-0.092952	-0.1476
-0.61982	-0.093605	-0.18233
0.26872	-0.091334	0.13417
0.56559	-0.10207	-0.015074
0.30988	-0.10416	0.12338
-0.47823	-0.091246	0.23552
-0.10216	-0.099858	0.25598
-0.58838	-0.1043	-0.26357
0.56832	-0.097501	0.043669
-0.37874	-0.09577	-0.15146
-0.42816	-0.099769	0.27784
-0.061676	-0.11204	0.18032
0.14189	-0.089547	-0.067192
0.4869	-0.10027	-0.0068364
-0.51927	-0.077809	-0.23156
-0.52023	-0.086121	-0.21862
0.56197	-0.094402	0.0095738
0.53153	-0.10104	0.058829
0.42132	-0.10768	-0.01696
-0.2774	-0.086671	-0.11757
0.59923	-0.10484	0.016977
0.22501	-0.10394	0.15486
0.41881	-0.10552	0.015464
-0.557	-0.09072	-0.24021
0.28398	-0.10658	-0.077174
0.3712	-0.10339	-0.053701
0.3002	-0.11173	-0.083871
-0.38139	-0.097733	-0.24885
-0.54826	-0.10188	0.0020723
-0.56264	-0.087394	-0.14459
-0.37215	-0.098071	-0.23661
0.037093	-0.10669	0.17405
-0.54189	-0.09932	-0.056474
0.18307	-0.10072	0.14595
-0.5962	-0.1051	-0.16461
0.47462	-0.10811	-0.035649
-0.020351	-0.1174	-0.066556
-0.085749	-0.098207	0.21861
0.46738	-0.10722	0.021339
0.45031	-0.10861	-0.012058
0.29654	-0.11369	0.13352
0.12913	-0.10797	0.16779
-0.11639	-0.11382	-0.14612
-0.50475	-0.10818	0.19727
-0.50475	-0.10011	-0.13633
-0.55568	-0.10667	-0.21372
-0.33106	-0.095692	0.31705
-0.43021	-0.11078	-0.21824
-0.51809	-0.087647	-0.11388
0.5558	-0.11217	0.07349
-0.52836	-0.10095	-0.15659
0.61756	-0.11956	-0.029212
0.38212	-0.11221	-0.055277
0.4318	-0.11132	-0.032256
-0.50579	-0.10019	-0.15614
0.35886	-0.11695	0.093843
0.59157	-0.1243	-0.042546
0.44566	-0.11151	0.028909
-0.39216	-0.11742	-0.18857
-0.057139	-0.12386	-0.078535
0.2644	-0.12766	0.15362
-0.28864	-0.10976	0.32081
-0.23265	-0.12251	0.31578
-0.26505	-0.10552	-0.13064
-0.070305	-0.11062	-0.10234
-0.50067	-0.10164	-0.19133
0.11335	-0.11756	-0.074309
-0.33941	-0.11333	-0.12161
0.47351	-0.11555	0.042739
-0.52191	-0.11785	0.16791
-0.39059	-0.10885	-0.14919
-0.63008	-0.10316	-0.21632
0.33527	-0.11867	-0.085564
0.48992	-0.13275	0.07584
-0.48342	-0.11009	-0.17495
0.6643	-0.1336	-0.011355
0.20021	-0.14223	-0.072758
-0.44738	-0.11867	0.24646
-0.19096	-0.12573	-0.16172
-0.21489	-0.12206	-0.16238
0.18022	-0.11911	0.15585
0.13135	-0.13097	-0.065211
-0.30436	-0.11847	-0.11687
0.48538	-0.13143	-0.072919
0.3505	-0.12558	0.1169
0.44822	-0.12611	0.057818
0.60667	-0.12096	0.058561
-0.53244	-0.12716	0.13241
0.40843	-0.13681	0.093888
0.64574	-0.1283	0.028501
-0.51147	-0.10718	-0.063723
0.36629	-0.13426	-0.078481
0.16508	-0.13698	-0.061422
-0.29917	-0.14318	-0.11665
-0.14905	-0.13624	0.28134
-0.18389	-0.11867	0.30679
0.45211	-0.13205	-0.071502
-0.4615	-0.12913	-0.13647
-0.48976	-0.12178	-0.075984
-0.082432	-0.12545	0.17763
-0.52552	-0.11661	0.054366
0.065755	-0.13187	0.15335
0.64887	-0.13538	-0.040958
-0.08186	-0.11858	-0.11453
0.79996	-0.15059	-0.18211
0.79108	-0.13407	-0.13376
-0.52809	-0.12428	-0.19036
0.37739	-0.13384	0.11519
-0.41686	-0.12574	-0.18837
-0.55282	-0.12173	-0.17199
-0.5216	-0.12203	-0.044572
0.79605	-0.13517	-0.10698
0.5426	-0.13155	0.086977
0.01724	-0.12301	-0.066166
0.58217	-0.1204	0.071923
0.77175	-0.14045	-0.15579
0.068865	-0.13658	-0.065253
-0.39483	-0.13465	-0.15156
-0.37592	-0.127	-0.12364
-0.53012	-0.11976	-0.027336
0.68944	-0.14497	0.0083957
-0.3537	-0.12441	0.29461
-0.35363	-0.14268	-0.11575
0.76727	-0.13858	-0.12732
0.55019	-0.15294	-0.078056
-0.31152	-0.13006	0.30642
-0.63856	-0.127	-0.22853
0.64266	-0.16585	0.074168
-0.0042386	-0.12196	0.16512
0.80936	-0.1447	-0.1635
0.77689	-0.15893	-0.17388
0.11555	-0.12627	0.16504
-0.51761	-0.13644	0.095692
0.2787	-0.14381	-0.093587
0.45206	-0.14867	0.08083
-0.4645	-0.13217	-0.11247
0.75015	-0.15234	-0.089913
-0.10818	-0.13333	0.23945
-0.010993	-0.14386	-0.025119
0.81161	-0.15013	-0.10896
0.47503	-0.14249	0.072001
-0.50762	-0.13032	0.031753
-0.62529	-0.13663	-0.25567
-0.44404	-0.13013	-0.16346
0.5741	-0.15382	0.091127
-0.47172	-0.13816	0.19746
0.16778	-0.14703	0.1605
0.23901	-0.14575	-0.08665
0.6591	-0.15083	-0.070951
-0.14791	-0.1525	-0.13949
0.78864	-0.15313	-0.049076
0.03951	-0.14867	-0.045055
-0.49326	-0.15185	-0.028
-0.062413	-0.15027	-0.045555
-0.075936	-0.1448	0.13733
0.73968	-0.15456	-0.066872
0.62695	-0.14361	-0.059201
0.40438	-0.1608	0.1155
0.75251	-0.14752	-0.13823
0.69657	-0.15007	-0.037087
-0.50278	-0.14152	0.06975
-0.033895	-0.13891	0.13494
0.69661	-0.16772	0.049602
0.22865	-0.1419	0.16162
0.8045	-0.15925	-0.057776
0.39372	-0.1316	-0.082385
-0.62846	-0.14167	-0.21506
-0.10896	-0.13532	-0.12848
-0.27523	-0.14327	-0.12967
0.047079	-0.13811	0.14361
-0.56272	-0.15157	-0.19833
0.44362	-0.16413	-0.088778
0.72461	-0.15502	-0.030293
-0.38839	-0.14515	0.26417
0.33616	-0.1444	0.13308
-0.2342	-0.166	-0.14416
0.2946	-0.13983	0.14132
-0.22268	-0.15625	0.2926
-0.09303	-0.15369	-0.094041
-0.51767	-0.14244	0.1448
0.73507	-0.16828	-0.11179
0.71383	-0.15564	-0.0081781
-0.081056	-0.14369	-0.080584
-0.40362	-0.14715	-0.1401
0.76542	-0.15986	-0.0065153
0.50905	-0.16091	0.094998
0.81687	-0.16786	-0.14995
0.26858	-0.17349	-0.093798
0.8121	-0.16583	-0.086174
0.32274	-0.15563	-0.097731
0.71008	-0.16419	0.02483
0.69198	-0.1594	-0.060707
0.66709	-0.16178	0.060802
0.79566	-0.16717	-0.0022355
0.64072	-0.16401	-0.082816
-0.00050761	-0.14939	0.12992
-0.45805	-0.14711	-0.080886
0.7369	-0.16656	0.021216
0.50156	-0.15691	-0.089745
0.5173	-0.16975	-0.088911
0.022083	-0.15474	0.1238
0.48347	-0.18029	-0.095376
0.71464	-0.16446	-0.057922
-0.27545	-0.16546	0.28705
-0.33352	-0.15103	0.28395
-0.63142	-0.15493	-0.24106
0.80274	-0.18737	-0.0090018
0.36777	-0.16013	-0.086139
0.66602	-0.18787	-0.10005
0.78304	-0.16766	0.024395
0.13968	-0.17274	0.15727
0.74284	-0.18646	-0.14544
-0.094714	-0.14757	0.17266
-0.43129	-0.14661	-0.12442
-0.613	-0.16307	-0.21814
-0.038865	-0.15546	0.098245
0.42364	-0.16606	0.10312
0.60461	-0.17716	0.088208
0.15444	-0.17726	-0.047677
0.37254	-0.16091	0.12653
-0.028189	-0.15723	-0.015417
0.083569	-0.15808	0.14206
0.63177	-0.16905	-0.093186
0.069939	-0.17167	-0.036447
-0.10146	-0.1535	0.20787
-0.06083	-0.15768	0.08138
0.13241	-0.17252	-0.044769
-0.25406	-0.14698	-0.14704
0.71405	-0.17959	-0.086799
0.56814	-0.17592	-0.099505
-0.13239	-0.17068	-0.11216
0.60107	-0.16366	-0.093345
0.47258	-0.18163	0.084528
0.82216	-0.20784	-0.17176
-0.50161	-0.16089	0.12251
0.34932	-0.18442	0.12688
-0.48331	-0.15438	0.01797
-0.49442	-0.15048	0.0080285
-0.078269	-0.16647	-0.062562
0.69914	-0.17927	-0.078758
-0.033568	-0.16588	0.065716
-0.4951	-0.16928	0.11212
0.21925	-0.16018	0.16071
0.80136	-0.18435	0.03491
0.19893	-0.18314	-0.071799
0.27506	-0.17664	0.15159
-0.58874	-0.16361	-0.20735
-0.4055	-0.16657	-0.11742
-0.055505	-0.16458	-0.015964
-0.016731	-0.16904	0.0047552
0.31658	-0.17975	0.13626
0.013738	-0.17178	-0.0090481
-0.26908	-0.17018	-0.13778
-0.051769	-0.16346	0.019831
0.0066383	-0.16795	0.086384
0.78557	-0.18761	-0.17841
0.75472	-0.18388	0.057395
-0.38226	-0.15742	-0.13165
-0.45903	-0.17787	0.05149
-0.41912	-0.16625	0.22072
-0.0019496	-0.17343	0.048121
-0.46685	-0.17858	0.078338
-0.16405	-0.16689	0.26052
0.065779	-0.17547	0.11678
-0.45941	-0.16494	-0.043694
-0.22719	-0.18292	-0.13279
-0.44647	-0.17121	-0.055907
-0.091393	-0.17042	0.1042
-0.47276	-0.17389	0.14691
-0.098688	-0.17854	-0.062738
-0.072377	-0.17476	-0.0026145
0.81198	-0.19504	-0.18051
0.42357	-0.19396	-0.084672
-0.32829	-0.17811	0.26569
0.72183	-0.18358	0.041406
0.55419	-0.19556	0.10261
0.037999	-0.17839	0.099385
-0.1279	-0.18971	0.17751
0.72695	-0.2135	0.055379
-0.20359	-0.20195	-0.10755
0.64311	-0.19312	-0.10954
-0.10245	-0.18335	0.12974
0.8108	-0.23244	-0.1095
0.52637	-0.19221	-0.095137
0.31071	-0.19849	-0.090778
0.16245	-0.17889	0.15255
0.37195	-0.19129	-0.076742
-0.36238	-0.16866	0.25566
-0.19819	-0.18083	0.25921
0.61645	-0.19336	-0.10947
-0.45289	-0.19366	-0.018123
0.70189	-0.20097	-0.093824
-0.46054	-0.18484	0.021512
0.76862	-0.20711	-0.18078
-0.10552	-0.1735	0.18995
-0.15126	-0.18802	0.2157
-0.10396	-0.19812	-0.00044769
-0.4373	-0.18496	-0.034006
-0.07353	-0.16754	0.045862
0.049648	-0.18864	0.082504
-0.35776	-0.18633	-0.1202
0.38144	-0.19589	0.1206
-0.25365	-0.20436	-0.13359
0.25285	-0.1916	-0.086249
0.030756	-0.18822	0.05972
0.70468	-0.20934	0.056149
0.050986	-0.18192	-0.007917
0.76592	-0.21008	0.078122
0.80089	-0.21676	0.03313
0.042884	-0.1919	0.032413
0.13752	-0.21641	0.1416
-0.48455	-0.19067	0.11081
0.23191	-0.20903	-0.075595
0.47206	-0.20263	0.083901
0.60242	-0.1998	0.091309
-0.31085	-0.19745	-0.11232
-0.1263	-0.19638	-0.057269
-0.10625	-0.19687	0.070154
0.58226	-0.20997	-0.11065
0.52121	-0.19959	0.098027
0.10006	-0.20858	0.0040075
-0.41376	-0.18568	-0.087599
0.12689	-0.20277	-0.022167
-0.38386	-0.19167	0.21689
-0.18361	-0.21246	-0.079406
0.80588	-0.21093	0.053063
0.55726	-0.21004	-0.094477
-0.32639	-0.21975	-0.10939
0.73901	-0.21399	-0.15496
0.42626	-0.1957	0.10062
-0.10921	-0.20001	0.14507
0.71615	-0.22559	-0.11204
0.44602	-0.19952	-0.088606
-0.23665	-0.18527	0.27326
0.33082	-0.21247	0.11775
0.16728	-0.20658	-0.046471
0.61538	-0.21591	-0.1131
-0.18037	-0.21693	0.19784
0.79782	-0.23021	0.087376
-0.43346	-0.20939	0.048064
-0.44946	-0.19956	0.066732
0.79336	-0.18917	0.072776
0.3841	-0.22039	-0.051777
0.79517	-0.21953	-0.21209
0.079241	-0.21699	0.076204
-0.16079	-0.20899	-0.06022
0.50317	-0.21307	-0.090011
-0.12303	-0.21455	0.035924
-0.41817	-0.21143	-0.019859
-0.42246	-0.19284	0.17211
0.23512	-0.20019	0.14851
0.66609	-0.22025	0.066677
0.65835	-0.22161	-0.10334
0.26899	-0.21071	0.14018
0.5995	-0.22268	0.089077
-0.43637	-0.2029	0.12506
-0.28009	-0.20307	0.25113
-0.37829	-0.20483	-0.099164
-0.24895	-0.21784	0.22933
-0.32493	-0.20815	0.22678
0.088373	-0.20232	0.11447
0.76132	-0.23179	0.079226
0.085609	-0.21611	0.038243
0.462	-0.22339	0.071195
-0.4204	-0.20538	-0.050885
-0.35622	-0.21018	0.21208
0.77427	-0.23848	-0.18865
0.78638	-0.25434	-0.18581
0.39144	-0.21659	0.10459
-0.13064	-0.21539	0.12891
0.62221	-0.23339	-0.10452
0.51721	-0.22936	0.090888
0.42281	-0.2273	-0.052243
0.21819	-0.23141	0.12934
0.70687	-0.23627	0.051965
-0.16701	-0.22793	0.16771
0.17747	-0.22601	-0.042365
0.58045	-0.2352	-0.075694
-0.43516	-0.21939	-0.0045469
-0.40926	-0.21357	0.094332
0.39266	-0.23337	0.082479
0.1059	-0.23761	0.080957
0.81237	-0.23849	-0.20151
-0.40616	-0.21508	0.13435
0.79993	-0.26254	-0.015816
-0.12233	-0.22166	0.08417
0.69811	-0.23089	-0.09521
-0.21868	-0.22888	-0.095403
-0.2808	-0.24454	-0.12028
0.30619	-0.23191	-0.066496
0.47507	-0.23661	-0.072631
-0.29272	-0.23124	0.21466
-0.17726	-0.22878	-0.048931
0.45289	-0.23998	-0.061517
0.51889	-0.23818	-0.07458
-0.14425	-0.22735	0.10832
0.26839	-0.22305	-0.073115
0.12352	-0.2398	0.11621
-0.15267	-0.22246	-0.019162
0.24372	-0.25608	-0.040375
-0.40021	-0.23639	0.044253
-0.15339	-0.23439	0.034031
0.1048	-0.23768	0.040548
-0.39295	-0.22541	0.00066545
-0.36371	-0.25152	-0.076456
0.39151	-0.23833	-0.01987
0.48959	-0.25082	0.070837
-0.42027	-0.22993	0.034798
0.1295	-0.24018	0.0083557
0.79744	-0.24935	0.016413
-0.37666	-0.22395	0.16798
0.44964	-0.24333	0.04552
0.41992	-0.24252	-0.020976
0.53889	-0.24886	0.08378
0.71891	-0.24585	0.050838
0.34546	-0.23688	-0.055272
0.74326	-0.24666	-0.15166
0.27234	-0.24623	0.10799
-0.16547	-0.24261	-0.0030339
0.21521	-0.25136	0.10502
-0.26381	-0.22596	-0.12972
-0.34663	-0.23062	0.18168
-0.2395	-0.23733	0.20167
-0.17588	-0.23487	0.12891
0.78561	-0.26107	0.074279
0.2966	-0.25168	-0.042223
-0.41156	-0.22356	-0.033454
-0.41589	-0.23034	0.010432
0.42138	-0.24439	0.048176
0.59906	-0.24793	0.077145
-0.30842	-0.24113	0.18296
0.16418	-0.21808	0.13198
-0.17449	-0.24013	0.08192
0.72568	-0.26201	-0.11691
0.36287	-0.2514	-0.0076904
0.81348	-0.26048	-0.18114
-0.37864	-0.2341	-0.012923
0.34303	-0.24196	0.080791
0.44314	-0.25026	0.024184
-0.22212	-0.23797	0.18499
0.46282	-0.262	-0.031477
-0.37169	-0.26095	-0.040886
0.40514	-0.24798	0.014885
0.74151	-0.26731	-0.14955
0.79874	-0.26456	0.050683
0.36324	-0.25404	0.039611
0.14117	-0.24734	0.11963
0.678	-0.25582	0.047273
-0.37871	-0.23692	0.099804
0.68213	-0.25606	-0.082947
0.70724	-0.25855	-0.090309
-0.20391	-0.24479	0.11612
0.4368	-0.25277	-0.0065315
-0.382	-0.23789	0.019735
-0.20261	-0.26306	-0.07669
-0.37877	-0.24744	0.052305
-0.35632	-0.25078	0.10249
-0.17082	-0.25326	-0.010208
-0.22923	-0.24729	-0.092153
-0.24265	-0.25167	-0.10768
0.17271	-0.26192	-0.0031118
0.75703	-0.27782	0.042617
-0.30998	-0.25076	0.15755
0.17148	-0.25894	0.096862
-0.27785	-0.25243	0.17419
0.70434	-0.26061	0.030896
0.11383	-0.25166	0.080099
0.66426	-0.27342	-0.062293
0.11585	-0.2522	0.044247
0.25577	-0.26307	0.083371
-0.35778	-0.25199	0.014886
0.50705	-0.28035	-0.034972
0.7999	-0.27129	0.01424
0.81779	-0.25139	-0.15296
0.3272	-0.26021	-0.018683
-0.34201	-0.24645	0.14844
-0.16978	-0.25388	0.035292
0.59518	-0.26218	-0.065171
-0.22769	-0.25328	0.10902
0.62289	-0.25809	-0.07949
0.61691	-0.26323	0.058908
0.81101	-0.28029	-0.19095
0.68031	-0.26987	-0.062986
0.56646	-0.27052	0.06496
-0.19347	-0.25341	0.084646
-0.19273	-0.24527	-0.062582
-0.2938	-0.25891	0.13225
0.31105	-0.26972	0.0088874
-0.19654	-0.23757	0.1758
-0.32427	-0.25472	0.091248
-0.28461	-0.26582	-0.11024
0.2369	-0.27064	-0.014641
0.52318	-0.29484	0.038176
0.71645	-0.27521	-0.066302
-0.18033	-0.26736	0.061081
-0.3523	-0.24792	0.04018
0.48241	-0.27773	0.035197
0.14649	-0.26888	0.085587
0.73018	-0.27581	-0.10511
0.30448	-0.26768	0.036653
-0.32365	-0.25575	0.11673
0.81011	-0.28801	-0.079191
0.28691	-0.26372	0.065072
0.55817	-0.26597	-0.062125
0.75792	-0.28834	-0.15653
-0.33612	-0.25856	-0.085276
0.16062	-0.27491	0.033078
0.73337	-0.27553	0.020674
0.68085	-0.27579	-0.002298
0.62253	-0.27655	-0.052198
0.22401	-0.26208	0.084186
-0.2964	-0.25929	0.11075
-0.24774	-0.27265	-0.092114
0.66998	-0.27595	0.018704
0.71518	-0.27836	-0.017107
-0.33182	-0.26077	0.064286
0.26057	-0.27361	0.054212
-0.26397	-0.26061	0.11164
0.17061	-0.27431	0.065469
0.79393	-0.28156	-0.014778
-0.26792	-0.27692	0.10108
0.16484	-0.2782	0.043748
0.78377	-0.2827	0.030059
0.74591	-0.28684	-0.073158
0.77653	-0.2802	-0.181
-0.22773	-0.27007	0.096719
0.81805	-0.29827	-0.13082
-0.30213	-0.27253	0.09376
0.47626	-0.28224	0.0048364
0.55304	-0.28299	-0.041759
0.77043	-0.28395	-0.0010724
0.23294	-0.27632	0.042913
0.59076	-0.28629	0.037473
0.22324	-0.27784	0.017584
-0.28183	-0.27335	-0.095624
0.77426	-0.28948	-0.057858
0.64114	-0.28632	-0.023972
0.62861	-0.2905	-0.0033904
0.74952	-0.29137	-0.12213
-0.35096	-0.28393	0.011433
0.77563	-0.29897	-0.10177
0.80745	-0.30408	-0.11743
-0.16937	-0.276	-0.01563
-0.34317	-0.27462	-0.056212
0.50426	-0.2919	-0.0052933
0.58447	-0.28961	-0.033199
-0.3509	-0.27886	-0.011851
0.53898	-0.29782	-0.002606
0.54679	-0.29752	0.021248
0.58543	-0.29643	0.00093304
-0.22954	-0.30383	0.093444
0.51048	-0.29552	0.017737
-0.34029	-0.2901	0.04848
-0.27441	-0.28977	-0.083713
0.81432	-0.29853	-0.17497
-0.17749	-0.29987	-0.045706
-0.33494	-0.29619	-0.04515
0.7849	-0.3059	-0.15812
0.81032	-0.3042	-0.14323
-0.27918	-0.32151	0.09023
-0.20803	-0.2957	-0.089439
-0.16674	-0.28423	0.016865
-0.31797	-0.29119	-0.065108
-0.21002	-0.28819	0.081952
0.78435	-0.30494	-0.11979
-0.17331	-0.32016	-0.0017986
-0.19229	-0.30966	-0.065096
-0.17071	-0.30268	0.020522
-0.19256	-0.31289	0.053659
-0.34477	-0.3186	-0.016828
-0.24354	-0.32482	-0.080965
-0.27467	-0.31932	-0.077037
-0.33638	-0.3277	0.040888
-0.32021	-0.32188	-0.058169
-0.31326	-0.31617	0.073506
-0.18604	-0.3398	-0.036876
-0.18173	-0.33485	-0.0028135
-0.21188	-0.3366	-0.085408
-0.22332	-0.35678	-0.078278
-0.21605	-0.32919	0.076744
-0.31711	-0.38128	-0.055967
-0.274	-0.37694	0.080742
-0.34104	-0.34958	0.015669
-0.2091	-0.35515	0.063756
-0.19435	-0.35058	0.029022
-0.20274	-0.3963	-0.050635
-0.33507	-0.37959	-0.026561
-0.18979	-0.36513	-0.008046
-0.31186	-0.37472	0.059866
-0.21618	-0.38895	-0.066758
-0.18446	-0.37697	-0.025925
-0.27716	-0.37912	-0.076676
-0.18557	-0.38532	0.015393
-0.32931	-0.38964	0.02964
-0.30125	-0.37234	-0.064067
-0.22543	-0.37429	0.075759
-0.239	-0.38482	-0.077846
-0.33654	-0.39053	0.0060271
-0.26771	-0.40558	0.058073
-0.18853	-0.39191	-0.016161
-0.28843	-0.40857	-0.09539
-0.24709	-0.41309	-0.10117
-0.23138	-0.40566	0.054269
-0.31528	-0.39885	0.044247
-0.20876	-0.414	0.037611
-0.32139	-0.41386	-0.08219
-0.21382	-0.41574	-0.091637
-0.19209	-0.40275	-0.030809
-0.29308	-0.40462	0.053852
-0.1914	-0.40808	0.0070662
-0.34402	-0.42305	-0.03657
-0.18574	-0.4215	-0.072753
-0.23546	-0.42648	0.054614
-0.27739	-0.42613	-0.10182
-0.16949	-0.42785	-0.035087
-0.34251	-0.45972	0.016283
-0.29684	-0.456	0.059593
-0.17218	-0.4323	0.0062915
-0.34629	-0.43776	-0.0034606
-0.27168	-0.44604	0.062746
-0.32354	-0.43857	0.039527
-0.17072	-0.44467	-0.071839
-0.19545	-0.44949	-0.10216
-0.15908	-0.45288	-0.022029
-0.30536	-0.44171	-0.096102
-0.24094	-0.42888	-0.10117
-0.18469	-0.43871	0.027075
-0.24171	-0.45099	-0.092787
-0.18985	-0.46908	-0.10405
-0.21094	-0.47013	-0.096431
-0.33682	-0.46199	-0.082493
-0.32151	-0.47615	-0.092446
-0.15588	-0.47225	-0.036325
-0.29127	-0.46777	-0.086817
-0.16272	-0.4887	-0.079423
-0.35419	-0.47455	-0.042875
-0.2203	-0.48619	0.07681
-0.16299	-0.46803	0.0054214
-0.19248	-0.49917	-0.10829
-0.17891	-0.48958	0.058435
-0.25029	-0.49006	0.081705
-0.17583	-0.48085	-0.096513
-0.155	-0.48898	-0.012173
-0.30751	-0.49687	0.056752
-0.34995	-0.50918	-0.011853
-0.15428	-0.4987	-0.057917
-0.33163	-0.53333	-0.097464
-0.34752	-0.49618	-0.073976
-0.20684	-0.51136	-0.10255
-0.18111	-0.50874	0.059217
-0.17062	-0.50366	0.038923
-0.3371	-0.50089	0.02189
-0.16698	-0.52908	0.025397
-0.2485	-0.52343	-0.10467
-0.27023	-0.51233	0.082442
-0.14834	-0.52012	-0.041402
-0.3046	-0.53758	-0.094415
-0.1761	-0.55234	-0.11327
-0.35015	-0.52942	-0.061122
-0.15228	-0.52489	-0.013175
-0.31775	-0.53823	-0.099858
-0.15042	-0.55962	-0.090706
-0.3404	-0.54782	-0.0076038
-0.27596	-0.54397	0.068442
-0.24503	-0.54864	-0.10588
-0.14527	-0.54929	-0.060149
-0.16201	-0.56623	-0.10771
-0.19412	-0.55859	-0.11011
-0.16785	-0.56116	0.014676
-0.16863	-0.53856	0.041875
-0.33557	-0.57661	-0.068276
-0.34438	-0.55957	-0.033655
-0.20539	-0.5619	0.059931
-0.22969	-0.53741	0.076779
-0.2997	-0.57483	0.044098
-0.32424	-0.58977	-0.0070624
-0.15622	-0.56203	-0.0081817
-0.32715	-0.57597	-0.096123
-0.1597	-0.60807	-0.10373
-0.18431	-0.56473	0.047269
-0.14199	-0.57197	-0.049459
-0.14767	-0.57493	-0.023366
-0.28407	-0.58482	0.052586
-0.24629	-0.58756	0.057897
-0.28035	-0.59111	-0.10704
-0.14885	-0.59982	-0.081181
-0.31105	-0.58085	-0.11366
-0.3328	-0.59023	-0.03879
-0.22714	-0.60954	-0.11079
-0.17669	-0.58891	0.010162
-0.30096	-0.62971	-0.091009
-0.20183	-0.59296	0.038216
-0.15543	-0.61154	-0.035582
-0.25865	-0.63148	0.0011796
-0.29227	-0.61178	-0.1071
-0.30921	-0.62215	-0.079365
-0.19871	-0.60598	0.014325
-0.31687	-0.60385	-0.018505
-0.23282	-0.6268	0.0048324
-0.31347	-0.61781	-0.05956
-0.28425	-0.62699	-0.0041789
-0.16387	-0.6362	-0.064001
-0.17124	-0.63287	-0.030236
-0.30926	-0.62908	-0.036733
-0.19698	-0.63299	-0.011338
-0.17625	-0.64373	-0.092179
-0.29921	-0.6331	-0.017874
-0.27383	-0.641	-0.10285
-0.31442	-0.63791	-0.068737
-0.19968	-0.65673	-0.098737
-0.19842	-0.65262	-0.0099875
-0.25671	-0.6847	-0.097719
-0.23688	-0.66686	-0.0010261
-0.16771	-0.65975	-0.024826
-0.32677	-0.65631	-0.055644
-0.15386	-0.68049	-0.045589
-0.17274	-0.69453	-0.088063
-0.15634	-0.69172	-0.070364
-0.31319	-0.667	-0.088129
-0.16652	-0.68418	-0.01607
-0.32746	-0.68843	-0.04167
-0.28242	-0.66521	-0.00652
-0.29998	-0.69883	-0.097248
-0.3335	-0.68487	-0.077743
-0.28493	-0.67769	-0.09632
-0.29446	-0.70282	-0.0066843
-0.18647	-0.68462	-0.0078027
-0.34257	-0.70966	-0.08373
-0.2267	-0.72642	-0.093302
-0.22058	-0.72053	-0.008302
-0.18364	-0.74409	-0.088289
-0.20222	-0.70904	-0.091721
-0.14885	-0.72174	-0.072047
-0.32481	-0.72455	-0.031691
-0.27858	-0.72375	-0.09605
-0.14522	-0.72298	-0.036142
-0.15995	-0.72025	-0.019969
-0.27441	-0.73178	-0.01626
-0.35218	-0.73022	-0.085274
-0.32608	-0.73855	-0.083166
-0.15788	-0.76244	-0.039108
-0.28856	-0.7488	-0.031687
-0.30382	-0.74303	-0.089599
-0.21667	-0.75031	-0.020501
-0.14745	-0.75798	-0.052985
-0.31399	-0.74884	-0.055524
-0.17201	-0.77881	-0.081429
-0.34236	-0.73949	-0.068396
-0.27804	-0.77926	-0.097014
-0.29648	-0.77564	-0.066099
-0.24758	-0.77023	-0.091108
-0.20413	-0.773	-0.040762
-0.24869	-0.77168	-0.043281
-0.20269	-0.77284	-0.086819
-0.26348	-0.78429	-0.067167
-0.19408	-0.78174	-0.065299
-0.25166	-0.78125	-0.081626
-0.23513	-0.80057	-0.077857
-0.16164	-0.78235	-0.072538
-0.21917	-0.80761	-0.093337
-0.29148	-0.78325	-0.08665
0.77355	0.30582	-0.13421
0.79841	-0.2919	-0.19202
