3	426	565	556
3	556	588	605
3	1342	1352	1360
3	1342	1348	1366
3	1795	1801	1794
3	199	228	256
3	1395	1448	1417
3	1670	1680	1741
3	1670	1741	1775
3	888	933	987
3	987	933	1050
3	933	1029	1050
3	1055	1050	1118
3	846	888	856
3	856	888	944
3	680	692	741
3	692	747	797
3	747	775	941
3	604	578	680
3	1142	1083	1173
3	1279	1340	1404
3	475	538	591
3	569	475	591
3	459	475	569
3	795	681	798
3	1144	1152	1256
3	1256	1300	1330
3	1330	1489	1552
3	228	209	263
3	394	472	586
3	395	394	542
3	446	395	542
3	394	586	542
3	300	426	556
3	499	300	556
3	542	586	605
3	446	542	595
3	595	542	605
3	586	499	605
3	556	605	499
3	1366	1341	1342
3	1342	1341	1352
3	1352	1341	1367
3	1360	1352	1395
3	1352	1367	1395
3	1366	1423	1470
3	1366	1470	1341
3	1395	1367	1448
3	1367	1341	1492
3	1492	1341	1508
3	1367	1492	1448
3	1341	1470	1508
3	1448	1492	1565
3	1492	1580	1530
3	1565	1492	1530
3	1580	1508	1619
3	1508	1470	1619
3	1565	1530	1580
3	1710	1470	1519
3	1619	1470	1672
3	1565	1580	1603
3	1565	1603	1653
3	1470	1710	1672
3	1603	1604	1653
3	835	845	884
3	1604	1619	1672
3	1653	1604	1680
3	1604	1761	1680
3	1604	1672	1718
3	1680	1761	1741
3	1604	1999	1761
3	1718	1672	1710
3	1710	1763	1791
3	1718	1710	1791
3	1761	1999	1741
3	1791	1763	1795
3	1999	1718	1791
3	1741	1999	1794
3	1775	1741	1801
3	1741	1794	1801
3	1791	1795	1794
3	1794	1999	1791
3	256	228	295
3	228	263	295
3	358	295	357
3	358	357	446
3	446	357	395
3	1055	987	1050
3	851	920	941
3	851	856	920
3	920	856	944
3	888	987	944
3	941	920	999
3	999	920	979
3	920	944	979
3	944	987	1055
3	979	944	1055
3	1097	979	1186
3	979	1055	1118
3	979	1118	1186
3	797	747	868
3	747	941	868
3	797	868	895
3	895	868	964
3	868	941	999
3	868	999	964
3	964	999	1026
3	964	1026	1049
3	1026	999	979
3	1026	979	1097
3	1049	1026	1173
3	1083	1049	1173
3	1026	1097	1173
3	1142	1173	1222
3	604	619	538
3	538	619	591
3	619	604	712
3	604	680	741
3	591	619	712
3	712	604	741
3	712	741	799
3	799	741	797
3	712	799	800
3	800	799	894
3	894	799	895
3	799	797	895
3	800	894	926
3	926	894	954
3	894	895	954
3	954	895	990
3	895	964	990
3	990	964	1049
3	954	990	1071
3	990	1049	1083
3	1036	954	1071
3	1071	990	1083
3	1036	1071	1102
3	1071	1083	1142
3	1102	1071	1204
3	1195	1071	1142
3	1071	1195	1204
3	1195	1142	1222
3	1204	1195	1279
3	1195	1222	1279
3	1279	1222	1340
3	1204	1279	1315
3	1315	1279	1386
3	1386	1279	1404
3	1386	1404	1467
3	569	591	767
3	767	591	783
3	591	712	783
3	767	783	819
3	783	712	800
3	809	767	819
3	783	800	819
3	809	819	915
3	809	915	908
3	819	800	926
3	819	926	915
3	908	915	970
3	908	970	950
3	915	926	1000
3	970	915	1000
3	1000	926	954
3	1000	954	1036
3	950	970	1051
3	950	1051	1066
3	1000	1086	970
3	1000	1036	1086
3	1086	1036	1102
3	970	1086	1051
3	1051	1086	1152
3	1066	1051	1152
3	1086	1102	1150
3	1152	1086	1206
3	1206	1086	1150
3	1152	1206	1300
3	1150	1102	1204
3	1206	1150	1316
3	1150	1204	1316
3	1204	1315	1316
3	1300	1206	1464
3	1206	1316	1464
3	1464	1316	1412
3	1316	1315	1412
3	1412	1315	1502
3	1315	1386	1502
3	1464	1412	1489
3	1502	1386	1516
3	1412	1502	1539
3	1489	1412	1539
3	668	569	767
3	671	668	781
3	668	767	809
3	781	668	809
3	795	798	806
3	781	809	908
3	908	798	784
3	806	873	874
3	806	798	873
3	798	908	889
3	784	781	908
3	798	889	873
3	874	873	945
3	908	950	889
3	873	889	975
3	945	873	975
3	945	975	1019
3	975	889	1037
3	889	950	1037
3	1037	950	1066
3	975	1037	1039
3	1019	975	1039
3	1019	1039	1018
3	1018	1039	1099
3	1039	1037	1112
3	1112	1037	1066
3	1144	1066	1152
3	1039	1112	1099
3	1112	1066	1202
3	1202	1066	1144
3	1152	1300	1256
3	1144	1256	1319
3	1202	1144	1319
3	1304	1202	1319
3	1304	1319	1359
3	1330	1300	1405
3	1405	1300	1464
3	1405	1464	1489
3	1330	1405	1489
3	1947	1956	1950
3	1918	1926	1929
3	1917	1918	1929
3	1918	1913	1926
3	1913	1905	1926
3	1892	1913	1918
3	1905	1889	1906
3	1913	1896	1905
3	1896	1889	1905
3	1887	1906	1889
3	1892	1896	1913
3	1879	1889	1896
3	1892	1869	1896
3	1869	1879	1896
3	1879	1887	1889
3	1887	1879	1874
3	1869	1874	1879
3	1869	1860	1874
3	1860	1854	1874
3	1851	1854	1860
3	1779	1694	1798
3	1635	1638	1655
3	1584	1638	1635
3	1582	1635	1655
3	1582	1553	1635
3	1533	1584	1635
3	1553	1533	1635
3	1533	1554	1584
3	1553	1506	1533
3	1506	1507	1533
3	1533	1535	1554
3	503	497	522
3	441	493	522
3	497	441	522
3	441	421	493
3	396	419	441
3	419	421	441
3	419	399	421
3	396	362	419
3	332	399	419
3	362	332	419
3	375	362	396
3	294	332	362
3	104	92	108
3	104	90	92
3	90	73	92
3	1507	1535	1533
3	1486	1488	1497
3	1475	1507	1506
3	1475	1485	1507
3	1490	1535	1507
3	1485	1490	1507
3	1486	1490	1485
3	1477	1490	1486
3	1457	1486	1485
3	1457	1488	1486
3	1457	1375	1488
3	1390	1457	1485
3	1390	1375	1457
3	547	626	630
3	546	567	630
3	567	547	630
3	547	549	626
3	567	503	547
3	501	549	547
3	503	493	547
3	493	519	547
3	519	501	547
3	546	503	567
3	497	503	546
3	522	493	503
3	1546	1557	1599
3	1546	1543	1557
3	1543	1460	1557
3	1497	1488	1546
3	1546	1488	1543
3	1488	1460	1543
3	1488	1388	1460
3	1375	1388	1488
3	549	582	626
3	643	582	543
3	549	501	582
3	582	462	543
3	501	462	582
3	543	445	544
3	464	501	518
3	462	445	543
3	464	462	501
3	1705	1697	1743
3	1645	1697	1705
3	1557	1645	1639
3	1557	1559	1645
3	1599	1557	1639
3	1645	1559	1613
3	1559	1572	1613
3	1559	1455	1572
3	1557	1460	1559
3	1460	1463	1559
3	1463	1455	1559
3	442	462	464
3	462	442	445
3	381	435	445
3	442	381	445
3	385	381	442
3	381	335	435
3	385	338	381
3	306	335	381
3	338	293	381
3	293	306	381
3	289	293	338
3	1758	1770	1768
3	1743	1770	1758
3	1743	1728	1770
3	1743	1697	1728
3	1697	1636	1728
3	1613	1636	1697
3	1645	1613	1697
3	1160	1191	1224
3	1191	1160	1207
3	1207	1147	1191
3	1090	1079	1153
3	1079	1115	1153
3	1115	1085	1146
3	1085	1113	1146
3	1079	1085	1115
3	1048	1113	1085
3	1048	1095	1113
3	1095	1048	1147
3	1023	1048	1085
3	1079	1023	1085
3	1023	1006	1048
3	1044	1008	1079
3	927	1006	1023
3	1008	1023	1079
3	1008	927	1023
3	1044	937	1008
3	937	923	1008
3	928	1006	927
3	928	877	1006
3	927	845	928
3	877	928	881
3	881	928	845
3	923	884	927
3	805	881	845
3	837	881	805
3	751	735	845
3	735	805	845
3	282	316	306
3	293	282	306
3	282	284	316
3	271	293	289
3	271	282	293
3	271	272	284
3	282	271	284
3	1724	1753	1770
3	1770	1753	1768
3	1728	1724	1770
3	1711	1724	1728
3	1662	1711	1728
3	1636	1662	1728
3	1662	1652	1711
3	923	927	1008
3	1167	1160	1224
3	1161	1188	1199
3	1161	1174	1188
3	1160	1147	1207
3	1174	1160	1167
3	1145	1147	1160
3	1113	1161	1146
3	1174	1145	1160
3	1113	1174	1161
3	1145	1174	1113
3	1113	1095	1145
3	1095	1147	1145
3	1787	1762	1757
3	861	867	839
3	865	867	860
3	865	839	867
3	828	838	837
3	839	813	861
3	838	792	867
3	328	309	329
3	316	284	328
3	309	297	322
3	284	309	328
3	284	272	309
3	272	297	309
3	1724	1682	1736
3	1711	1671	1724
3	1671	1682	1724
3	1679	1682	1671
3	1679	1665	1682
3	1652	1671	1711
3	1671	1642	1679
3	1642	1649	1679
3	1642	1671	1652
3	1579	1642	1652
3	1579	1609	1642
3	1215	1290	1289
3	1255	1290	1215
3	1289	1262	1215
3	1255	1212	1259
3	1215	1212	1255
3	1212	1230	1259
3	1212	1183	1230
3	1199	1188	1262
3	1188	1215	1262
3	1188	1212	1215
3	1188	1183	1212
3	1174	1183	1188
3	1174	1167	1178
3	1174	1178	1183
3	804	865	860
3	867	824	860
3	867	792	824
3	762	804	860
3	793	860	824
3	793	762	860
3	309	427	329
3	309	350	427
3	309	322	350
3	1675	1665	1679
3	1642	1609	1649
3	1497	1477	1486
3	1639	1645	1705
3	1736	1753	1724
3	808	839	865
3	276	297	272
3	791	746	801
3	687	791	788
3	650	746	791
3	687	650	791
3	650	675	746
3	537	650	687
3	545	675	650
3	611	545	650
3	611	650	537
3	537	548	611
3	548	545	611
3	468	545	548
3	471	468	548
3	471	407	468
3	1139	1162	1216
3	1053	1216	1172
3	1053	1139	1216
3	1141	1172	1218
3	1172	1141	1053
3	1139	1137	1162
3	1058	1137	1139
3	1027	1139	1053
3	1027	1058	1139
3	1027	906	1058
3	1058	906	1065
3	989	1027	1053
3	971	906	1027
3	911	909	1027
3	909	971	1027
3	971	862	906
3	863	909	911
3	909	862	971
3	788	906	862
3	863	862	909
3	717	788	862
3	717	687	788
3	695	717	862
3	695	863	768
3	754	695	768
3	537	687	717
3	1093	1141	1218
3	1011	1141	1093
3	989	1053	1141
3	997	1141	1011
3	997	989	1141
3	1011	972	997
3	911	1027	989
3	972	989	997
3	972	911	989
3	843	911	972
3	858	843	972
3	863	911	843
3	768	863	843
3	858	768	843
3	1030	996	1045
3	1091	1106	1100
3	1114	1091	1100
3	1096	1091	1114
3	1096	1030	1091
3	1034	1100	1106
3	1017	1030	1096
3	998	1030	1017
3	996	1030	998
3	1017	1028	998
3	998	921	996
3	1028	921	998
3	938	921	1028
3	921	939	996
3	914	921	938
3	921	914	939
3	919	914	938
3	914	913	902
3	913	914	919
3	902	913	930
3	1100	1067	1114
3	1067	1120	1114
3	1034	1038	1100
3	1100	1038	1067
3	1038	1010	1067
3	1034	967	1038
3	967	977	1038
3	977	1010	1038
3	961	967	1034
3	930	967	961
3	967	934	977
3	934	940	977
3	930	934	967
3	930	961	917
3	902	930	917
3	930	913	934
3	1236	1193	1197
3	1007	1004	1193
3	1004	1052	1193
3	1004	985	1052
3	935	1004	1007
3	1004	957	985
3	957	1004	935
3	957	922	985
3	849	922	957
3	785	849	957
3	832	757	785
3	1362	1358	1441
3	1283	1213	1358
3	1213	1236	1358
3	1213	1165	1236
3	1165	1193	1236
3	1070	1165	1213
3	1073	1070	1213
3	1165	1007	1193
3	1070	1007	1165
3	1073	883	1070
3	883	844	1070
3	935	1007	1070
3	844	935	1070
3	844	832	935
3	786	832	844
3	935	832	957
3	832	785	957
3	740	786	844
3	786	757	832
3	757	685	785
3	740	673	786
3	673	757	786
3	673	637	757
3	637	685	757
3	638	673	740
3	638	637	673
3	1440	1362	1441
3	1299	1440	1414
3	1298	1362	1440
3	1299	1298	1440
3	1362	1283	1358
3	1158	1298	1299
3	1298	1283	1362
3	1170	1298	1158
3	1170	1283	1298
3	1155	1158	1299
3	1170	1213	1283
3	1170	1073	1213
3	1158	1002	1170
3	1002	1073	1170
3	1002	883	1073
3	960	883	1002
3	829	883	960
3	829	844	883
3	772	844	829
3	772	740	844
3	603	740	772
3	729	603	772
3	603	638	740
3	603	601	638
3	663	603	729
3	516	603	663
3	583	516	663
3	603	525	601
3	525	603	516
3	1331	1332	1414
3	1332	1299	1414
3	1234	1155	1332
3	1155	1299	1332
3	1084	1155	1234
3	1155	1110	1158
3	1110	1002	1158
3	1084	1110	1155
3	976	1110	1084
3	1110	960	1002
3	932	1110	976
3	932	960	1110
3	932	829	960
3	852	796	932
3	932	729	829
3	729	932	796
3	729	772	829
3	662	729	796
3	662	796	852
3	675	662	852
3	662	663	729
3	675	614	662
3	662	583	663
3	583	662	614
3	1190	1332	1331
3	1190	1234	1332
3	1084	1234	1190
3	1078	1084	1190
3	943	1078	1047
3	1078	976	1084
3	963	943	1047
3	943	976	1078
3	897	976	943
3	880	943	963
3	897	932	976
3	897	943	880
3	897	852	932
3	801	852	897
3	675	852	801
3	746	675	801
3	1041	1096	1101
3	1060	1041	1101
3	1041	1017	1096
3	1028	1017	1041
3	1003	1028	1041
3	1003	995	1028
3	938	1028	995
3	1101	1096	1114
3	1120	1101	1114
3	1060	1120	1103
3	1061	1103	1120
3	1067	1061	1120
3	1060	1101	1120
3	1010	1061	1067
3	1003	1041	1060
3	1010	1013	1061
3	1010	956	1013
3	940	956	1010
3	977	940	1010
3	956	978	1013
3	958	995	1003
3	958	938	995
3	958	978	956
3	956	919	958
3	940	919	956
3	958	919	938
3	934	913	940
3	913	919	940
3	1059	1060	1103
3	1061	1059	1103
3	1013	1059	1061
3	1059	1003	1060
3	978	1003	1059
3	978	1059	1013
3	978	958	1003
3	1685	1637	1692
3	1616	1637	1685
3	1616	1685	1693
3	1620	1616	1693
3	1637	1576	1644
3	1616	1576	1637
3	298	349	461
3	380	298	461
3	325	349	298
3	285	325	298
3	285	198	325
3	206	198	285
3	183	198	206
3	1900	1919	1920
3	1900	1911	1919
3	1900	1880	1911
3	1880	1900	1891
3	1891	1853	1880
3	1877	1853	1891
3	1856	1853	1877
3	1853	1857	1880
3	1845	1853	1856
3	1835	1845	1856
3	1835	1818	1845
3	1943	1940	1957
3	6	15	27
3	36	51	53
3	408	451	467
3	1585	1601	1663
3	514	473	652
3	1678	1780	1783
3	473	584	652
3	581	514	652
3	1389	1501	1527
3	713	708	776
3	713	776	789
3	789	776	899
3	1203	1149	1208
3	1203	1347	1356
3	1356	1347	1389
3	1082	899	988
3	1151	1082	1149
3	1965	1985	1971
3	1985	1987	1993
3	28	42	51
3	63	56	64
3	56	65	64
3	64	65	79
3	79	65	87
3	230	191	261
3	1641	1742	1780
3	1907	1895	1914
3	1895	1907	1908
3	1914	1927	1932
3	1924	1907	1932
3	1907	1914	1932
3	1923	1921	1931
3	1924	1932	1936
3	1923	1931	1927
3	1931	1921	1925
3	1934	1924	1936
3	1940	1934	1936
3	1931	1925	1944
3	1931	1944	1927
3	1936	1932	1945
3	1835	1856	1849
3	1932	1927	1945
3	1940	1936	1945
3	1944	1925	1948
3	1940	1945	1951
3	1944	1948	1961
3	1940	1951	1957
3	1927	1944	1959
3	1959	1944	1961
3	1927	1959	1955
3	1951	1945	1955
3	1945	1927	1955
3	1951	1955	1960
3	1951	1960	1957
3	1960	1955	1975
3	1955	1959	1975
3	1957	1960	1964
3	1959	1961	1971
3	1960	1975	1964
3	1961	1948	1971
3	1975	1959	1976
3	1959	1971	1979
3	1976	1959	1979
3	1978	1970	1982
3	1982	1970	1984
3	1984	1976	1982
3	1976	1979	1982
3	1982	1986	1978
3	1982	1979	1997
3	1979	1971	1985
3	1989	1978	1986
3	1982	1997	1986
3	1997	1979	1985
3	1989	1986	1991
3	1985	1993	1997
3	1997	1993	1991
3	1991	1986	1997
3	19	15	6
3	19	28	15
3	19	14	28
3	15	28	32
3	15	32	36
3	36	32	28
3	36	28	51
3	63	64	72
3	64	79	72
3	94	77	72
3	94	72	79
3	79	87	103
3	107	94	79
3	79	103	113
3	107	79	120
3	79	113	120
3	124	120	129
3	120	113	129
3	230	261	408
3	408	261	331
3	408	331	430
3	408	430	451
3	488	430	496
3	430	488	451
3	467	451	584
3	488	496	589
3	584	451	560
3	560	451	622
3	451	488	622
3	496	515	589
3	589	515	608
3	488	589	636
3	608	515	625
3	636	589	658
3	658	589	608
3	658	696	636
3	608	625	681
3	608	681	756
3	658	608	756
3	696	658	771
3	658	756	771
3	756	681	795
3	1503	1484	1558
3	1558	1484	1594
3	1484	1537	1594
3	1601	1558	1594
3	1537	1564	1594
3	1601	1594	1641
3	1601	1641	1663
3	1641	1594	1742
3	1663	1641	1678
3	1678	1641	1780
3	1847	1867	1872
3	1872	1867	1884
3	1895	1872	1884
3	1884	1883	1895
3	1957	1964	1975
3	1957	1975	1970
3	1970	1975	1984
3	1976	1984	1975
3	695	862	863
3	584	560	652
3	661	581	652
3	560	649	698
3	652	560	698
3	652	698	753
3	661	652	753
3	698	734	753
3	661	753	773
3	734	807	753
3	1285	1335	1327
3	1285	1281	1335
3	1281	1372	1335
3	1327	1335	1347
3	1335	1372	1433
3	1501	1335	1433
3	1347	1335	1501
3	1389	1347	1501
3	1433	1450	1484
3	1503	1433	1484
3	1501	1433	1503
3	1534	1501	1503
3	1527	1501	1534
3	1503	1558	1601
3	1534	1503	1601
3	1585	1534	1601
3	627	661	708
3	708	661	773
3	708	773	776
3	807	734	825
3	773	753	807
3	882	773	807
3	807	825	887
3	776	773	882
3	882	807	887
3	776	882	899
3	882	887	966
3	899	882	988
3	988	882	966
3	988	966	1025
3	1025	986	1081
3	1025	1081	1094
3	1082	1025	1094
3	1094	1081	1135
3	1149	1082	1094
3	1149	1094	1208
3	1198	1094	1135
3	1094	1198	1208
3	1135	1219	1198
3	1135	1196	1219
3	1208	1198	1269
3	1219	1196	1285
3	1269	1198	1327
3	1198	1219	1327
3	1208	1269	1203
3	1219	1285	1327
3	1203	1269	1347
3	1269	1327	1347
3	988	1025	1082
3	193	194	1998
3	1998	194	209
3	199	1998	209
3	194	193	212
3	199	209	228
3	209	194	221
3	194	212	247
3	209	221	263
3	221	194	247
3	193	211	212
3	212	211	300
3	221	247	278
3	263	221	278
3	278	296	314
3	278	247	212
3	296	278	212
3	278	314	263
3	327	296	337
3	300	211	317
3	337	296	212
3	263	314	347
3	337	212	300
3	295	263	347
3	295	347	357
3	357	347	395
3	347	314	395
3	314	394	395
3	472	327	337
3	394	327	472
3	1080	1128	1132
3	337	300	499
3	472	337	499
3	1825	1830	1840
3	1825	1840	1845
3	1818	1835	1839
3	1818	1825	1845
3	1825	1809	1830
3	1818	1811	1825
3	1811	1809	1825
3	1818	1796	1811
3	1796	1818	1787
3	1811	1789	1809
3	1764	1789	1811
3	1796	1764	1811
3	1757	1764	1796
3	1787	1757	1796
3	1752	1789	1764
3	1757	1748	1764
3	1754	1748	1757
3	1748	1726	1764
3	1764	1726	1752
3	1723	1748	1754
3	1737	1726	1723
3	1723	1726	1748
3	201	285	298
3	201	298	330
3	219	201	330
3	201	206	285
3	244	219	280
3	189	219	244
3	182	201	219
3	189	186	219
3	186	182	219
3	178	186	189
3	201	183	206
3	182	183	201
3	178	172	186
3	171	177	183
3	182	171	183
3	171	182	186
3	160	177	171
3	172	171	186
3	152	161	172
3	172	161	171
3	161	160	171
3	161	143	160
3	162	152	172
3	151	143	161
3	151	161	152
3	140	152	162
3	140	134	152
3	134	151	152
3	132	143	151
3	132	115	143
3	134	132	151
3	134	123	132
3	123	119	132
3	111	115	132
3	119	111	132
3	111	114	115
3	123	110	119
3	105	119	110
3	105	111	119
3	99	105	110
3	98	97	114
3	98	114	111
3	105	98	111
3	98	81	97
3	99	88	105
3	88	98	105
3	88	83	98
3	83	81	98
3	76	83	88
3	76	81	83
3	74	59	88
3	59	76	88
3	59	66	76
3	1909	1920	1928
3	1916	1909	1928
3	1909	1910	1920
3	1910	1900	1920
3	1886	1909	1916
3	1906	1886	1916
3	1910	1891	1900
3	1886	1910	1909
3	1877	1891	1910
3	1886	1873	1910
3	1887	1876	1886
3	1873	1877	1910
3	1876	1873	1886
3	1849	1877	1873
3	1849	1856	1877
3	1841	1873	1876
3	1841	1849	1873
3	1841	1839	1849
3	1839	1835	1849
3	1832	1839	1841
3	1820	1832	1841
3	1832	1818	1839
3	1787	1832	1816
3	1821	1820	1829
3	1820	1816	1832
3	1816	1820	1821
3	1832	1787	1818
3	1800	1816	1805
3	1800	1787	1816
3	1731	1805	1804
3	1731	1800	1805
3	1731	1721	1800
3	1762	1787	1800
3	1762	1754	1757
3	1721	1762	1800
3	1713	1731	1798
3	1715	1754	1762
3	1715	1723	1754
3	1721	1715	1762
3	1688	1715	1721
3	1669	1721	1731
3	1713	1669	1731
3	1669	1688	1721
3	1669	1660	1688
3	344	373	364
3	292	344	364
3	344	250	283
3	250	344	292
3	292	332	294
3	224	283	250
3	224	244	283
3	244	280	283
3	205	196	292
3	196	250	292
3	250	196	224
3	192	196	205
3	224	189	244
3	196	176	224
3	192	176	196
3	176	189	224
3	176	178	189
3	184	176	192
3	178	170	172
3	176	170	178
3	170	176	184
3	162	172	170
3	166	170	184
3	166	162	170
3	140	162	150
3	137	131	140
3	131	134	140
3	131	123	134
3	118	123	131
3	118	131	127
3	122	118	127
3	118	110	123
3	100	101	122
3	122	101	118
3	89	99	110
3	89	110	118
3	101	89	118
3	100	89	101
3	82	89	100
3	89	74	99
3	82	80	89
3	74	88	99
3	80	74	89
3	62	74	80
3	62	59	74
3	1887	1886	1906
3	1638	1669	1713
3	1638	1632	1669
3	1638	1622	1632
3	1632	1660	1669
3	1638	1584	1622
3	1622	1567	1632
3	1567	1606	1632
3	1584	1554	1622
3	1554	1567	1622
3	1554	1518	1567
3	1504	1518	1554
3	1535	1504	1554
3	466	398	477
3	421	398	466
3	398	434	477
3	398	410	434
3	399	398	421
3	399	332	364
3	364	398	399
3	364	373	398
3	332	292	364
3	1462	1504	1535
3	1491	1477	1497
3	1490	1462	1535
3	1477	1462	1490
3	1452	1462	1477
3	1452	1477	1491
3	1462	1391	1504
3	1432	1452	1491
3	1452	1391	1462
3	1432	1398	1452
3	504	574	564
3	504	466	574
3	526	519	504
3	493	504	519
3	466	477	574
3	493	421	504
3	421	466	504
3	1581	1546	1599
3	1536	1546	1581
3	1597	1536	1581
3	1541	1546	1536
3	1500	1536	1597
3	1536	1513	1541
3	1513	1491	1541
3	1500	1513	1536
3	1497	1546	1541
3	1491	1497	1541
3	1513	1437	1491
3	566	551	599
3	479	551	566
3	526	504	564
3	551	526	564
3	495	526	551
3	495	518	526
3	501	519	526
3	518	501	526
3	479	465	551
3	495	464	518
3	465	495	551
3	464	495	465
3	1755	1743	1758
3	1734	1743	1755
3	1734	1705	1743
3	1703	1705	1734
3	1700	1683	1734
3	1683	1634	1734
3	1634	1703	1734
3	1703	1639	1705
3	1618	1639	1703
3	1634	1618	1703
3	1668	1683	1700
3	1581	1639	1618
3	1581	1599	1639
3	1597	1581	1618
3	1597	1618	1634
3	359	498	460
3	1700	1734	1755
3	414	380	461
3	330	298	380
3	1712	1737	1699
3	280	219	330
3	1715	1688	1723
3	355	344	283
3	373	410	398
3	1398	1391	1452
3	1437	1432	1491
3	1500	1437	1513
3	1914	1923	1927
3	1908	1907	1924
3	1923	1893	1921
3	1897	1893	1923
3	1893	1901	1921
3	1893	1890	1901
3	1914	1883	1923
3	1895	1883	1914
3	1883	1897	1923
3	1883	1868	1897
3	1868	1893	1897
3	1868	1870	1893
3	1870	1890	1893
3	1868	1883	1884
3	1867	1868	1884
3	1870	1864	1890
3	1861	1870	1868
3	1861	1850	1870
3	1867	1842	1868
3	1862	1864	1870
3	1850	1862	1870
3	1847	1842	1867
3	1842	1861	1868
3	1837	1850	1861
3	1842	1837	1861
3	1847	1823	1842
3	1837	1838	1850
3	1823	1817	1842
3	1817	1831	1842
3	1831	1837	1842
3	1828	1838	1837
3	1831	1828	1837
3	1808	1815	1828
3	1831	1808	1828
3	1817	1808	1831
3	1793	1817	1823
3	1810	1808	1817
3	1793	1810	1817
3	1793	1799	1810
3	1799	1808	1810
3	1799	1790	1808
3	1799	1771	1790
3	1793	1780	1799
3	1742	1771	1799
3	1780	1742	1799
3	1771	1749	1790
3	1742	1727	1771
3	1696	1749	1771
3	1727	1696	1771
3	1594	1727	1742
3	1594	1564	1727
3	1564	1625	1727
3	1564	1552	1625
3	1537	1359	1564
3	1359	1552	1564
3	1319	1330	1552
3	1359	1319	1552
3	1256	1330	1319
3	681	784	798
3	671	781	784
3	681	671	784
3	553	668	671
3	625	671	681
3	668	553	569
3	625	553	671
3	515	553	625
3	515	510	553
3	553	510	569
3	510	459	569
3	371	510	515
3	371	515	496
3	371	459	510
3	430	371	496
3	371	342	459
3	331	371	430
3	371	307	342
3	331	307	371
3	257	340	342
3	307	257	342
3	261	307	331
3	261	231	307
3	231	257	307
3	191	231	261
3	190	185	257
3	231	190	257
3	231	175	190
3	191	173	231
3	168	185	190
3	173	175	231
3	175	168	190
3	173	157	175
3	163	157	173
3	156	168	175
3	156	155	168
3	157	156	175
3	156	159	155
3	148	157	163
3	156	142	159
3	147	156	157
3	147	142	156
3	148	147	157
3	148	129	147
3	147	139	142
3	139	133	142
3	129	113	147
3	113	139	147
3	113	126	139
3	126	128	139
3	126	109	128
3	103	109	126
3	113	103	126
3	109	102	128
3	85	102	109
3	103	87	109
3	85	96	102
3	87	85	109
3	85	71	96
3	71	75	96
3	71	85	87
3	65	71	87
3	71	54	75
3	65	54	71
3	1390	1485	1475
3	56	54	65
3	51	56	63
3	53	51	63
3	56	37	54
3	42	56	51
3	42	37	56
3	37	46	54
3	37	24	46
3	28	37	42
3	46	24	31
3	14	24	37
3	28	14	37
3	14	7	24
3	24	13	31
3	3	13	24
3	19	4	14
3	5	3	24
3	7	5	24
3	5	8	3
3	6	4	19
3	4	7	14
3	2	8	16
3	4	8	5
3	12	4	6
3	16	4	12
3	8	4	16
3	4	5	7
3	2	1	8
3	8	1	3
3	1992	1988	1996
3	1988	1994	1996
3	1994	1987	1996
3	1993	1987	1994
3	1965	1990	1996
3	1987	1965	1996
3	1991	1993	1994
3	1988	1989	1994
3	1989	1991	1994
3	1992	1983	1995
3	1990	1983	1992
3	1980	1989	1988
3	1990	1967	1983
3	1980	1974	1989
3	1985	1965	1987
3	1965	1967	1990
3	1968	1967	1965
3	1948	1965	1971
3	1965	1946	1968
3	1946	1967	1968
3	1946	1953	1967
3	1946	1965	1948
3	1946	1942	1953
3	1915	1942	1946
3	1948	1925	1946
3	1925	1915	1946
3	1925	1894	1915
3	1921	1904	1925
3	1904	1894	1925
3	1921	1901	1904
3	1885	1894	1904
3	1885	1875	1894
3	1901	1885	1904
3	1890	1885	1901
3	1875	1878	1894
3	1885	1866	1875
3	1864	1885	1890
3	1864	1866	1885
3	1865	1878	1875
3	1866	1865	1875
3	1865	1858	1878
3	1859	1858	1865
3	1862	1865	1866
3	1864	1862	1866
3	1862	1859	1865
3	1859	1848	1858
3	1838	1859	1862
3	1843	1848	1859
3	1838	1843	1859
3	1838	1862	1850
3	1848	1844	1851
3	1843	1822	1848
3	1822	1844	1848
3	1822	1836	1844
3	1838	1833	1843
3	1833	1826	1843
3	1843	1826	1822
3	1828	1833	1838
3	1822	1827	1836
3	1808	1807	1815
3	1808	1790	1807
3	257	185	340
3	133	135	142
3	139	128	133
3	1967	1953	1983
3	1894	1878	1903
3	1858	1871	1878
3	1848	1851	1858
3	174	173	191
3	243	288	290
3	252	243	290
3	252	223	243
3	208	223	252
3	236	208	252
3	1698	1651	1744
3	1651	1702	1744
3	1702	1611	1684
3	1611	1702	1651
3	1611	1588	1684
3	1515	1611	1651
3	1598	1515	1651
3	1515	1542	1611
3	1542	1588	1611
3	1544	1515	1598
3	1544	1493	1515
3	1493	1511	1515
3	1515	1511	1542
3	1511	1399	1542
3	1427	1399	1511
3	1399	1429	1542
3	1434	1511	1493
3	1434	1427	1511
3	1357	1399	1427
3	1326	1399	1357
3	478	577	579
3	478	484	577
3	484	458	389
3	440	478	513
3	458	478	440
3	478	458	484
3	319	389	458
3	440	319	458
3	391	319	440
3	319	311	389
3	311	377	389
3	287	311	319
3	319	267	287
3	267	319	391
3	269	267	391
3	252	311	287
3	246	267	269
3	1740	1746	1766
3	254	291	299
3	738	704	761
3	682	738	769
3	1290	1272	1333
3	769	793	824
3	792	760	824
3	760	769	824
3	1146	1161	1201
3	1626	1662	1636
3	306	316	335
3	1063	1044	1079
3	1115	1146	1185
3	1185	1146	1201
3	1115	1185	1153
3	435	508	445
3	544	445	508
3	1990	1992	1996
3	1375	1350	1388
3	647	670	704
3	1438	1436	1520
3	1436	1466	1520
3	1520	1466	1563
3	1466	1526	1555
3	1466	1555	1563
3	1438	1520	1583
3	1520	1563	1583
3	1563	1555	1614
3	1583	1563	1614
3	1583	1614	1740
3	1631	1583	1740
3	1740	1614	1714
3	1740	1714	1746
3	299	291	384
3	363	299	428
3	299	384	428
3	428	384	449
3	400	363	463
3	363	428	463
3	400	463	520
3	428	449	528
3	428	528	463
3	520	463	594
3	463	528	594
3	594	528	624
3	606	520	594
3	594	624	633
3	528	532	647
3	624	528	647
3	654	624	647
3	624	654	682
3	624	682	633
3	654	647	738
3	647	704	738
3	654	738	682
3	1272	1320	1333
3	1289	1290	1333
3	1289	1333	1402
3	1333	1320	1408
3	1402	1333	1408
3	1408	1320	1438
3	1320	1435	1438
3	1435	1436	1438
3	1408	1438	1509
3	1444	1408	1509
3	1509	1438	1569
3	1569	1438	1583
3	1569	1627	1630
3	1509	1569	1630
3	1609	1509	1630
3	1569	1583	1627
3	1627	1583	1631
3	1630	1627	1708
3	427	431	517
3	429	427	517
3	400	520	418
3	517	431	540
3	431	418	520
3	540	431	520
3	540	520	606
3	517	540	642
3	602	517	642
3	594	633	606
3	540	606	642
3	660	606	633
3	642	606	660
3	642	660	697
3	602	642	710
3	710	642	697
3	660	633	682
3	710	697	760
3	660	682	697
3	710	760	755
3	760	697	682
3	760	682	769
3	760	792	755
3	1263	1199	1309
3	1199	1262	1309
3	1289	1402	1328
3	1309	1262	1328
3	1262	1289	1328
3	1309	1328	1426
3	1426	1328	1444
3	1328	1402	1444
3	1444	1402	1408
3	1444	1509	1523
3	1523	1509	1579
3	1444	1523	1521
3	1523	1652	1521
3	1523	1579	1652
3	1579	1509	1609
3	316	328	353
3	328	329	429
3	329	427	429
3	328	429	353
3	353	429	494
3	429	489	494
3	429	517	489
3	494	489	602
3	489	517	602
3	494	602	641
3	641	602	731
3	731	602	710
3	731	710	755
3	737	731	764
3	764	731	755
3	764	755	838
3	755	792	838
3	764	838	828
3	1201	1161	1199
3	1233	1201	1261
3	1201	1199	1263
3	1201	1263	1261
3	1261	1263	1370
3	1233	1261	1370
3	1233	1370	1384
3	1370	1309	1426
3	1263	1309	1370
3	1384	1370	1424
3	1370	1426	1521
3	1521	1426	1444
3	1370	1521	1424
3	1540	1424	1521
3	1540	1521	1549
3	1549	1521	1633
3	1521	1626	1633
3	1626	1521	1652
3	1633	1626	1636
3	1626	1652	1662
3	316	353	335
3	335	353	443
3	335	443	455
3	335	455	435
3	443	353	494
3	443	494	641
3	455	443	590
3	443	641	590
3	590	641	690
3	655	590	690
3	641	731	737
3	655	690	735
3	690	641	737
3	690	737	752
3	735	690	752
3	737	764	752
3	752	805	735
3	805	752	828
3	752	764	828
3	805	828	837
3	884	937	835
3	884	923	937
3	835	937	974
3	835	974	981
3	981	974	1031
3	974	937	1044
3	1031	974	1063
3	974	1044	1063
3	1031	1063	1072
3	1063	1080	1072
3	1080	1063	1079
3	1080	1079	1090
3	1080	1090	1128
3	1153	1185	1214
3	1201	1233	1185
3	1153	1214	1249
3	1214	1185	1313
3	1249	1214	1329
3	1214	1313	1329
3	1185	1233	1384
3	1313	1185	1384
3	1329	1313	1455
3	1384	1424	1540
3	1313	1384	1481
3	1313	1481	1455
3	1481	1384	1540
3	1481	1540	1549
3	1572	1481	1549
3	1455	1481	1572
3	1572	1549	1613
3	1549	1633	1636
3	1613	1549	1636
3	435	455	508
3	508	455	590
3	508	590	571
3	544	508	571
3	571	590	616
3	616	590	655
3	544	571	646
3	571	616	646
3	616	655	723
3	711	646	726
3	646	616	723
3	714	646	723
3	646	714	726
3	655	735	751
3	723	655	751
3	726	714	774
3	714	723	774
3	723	751	774
3	726	774	846
3	774	751	835
3	846	774	869
3	811	726	846
3	869	774	835
3	888	846	891
3	891	846	869
3	869	835	981
3	891	869	936
3	888	891	933
3	891	936	933
3	936	869	981
3	936	981	1031
3	933	936	1029
3	936	1031	1029
3	1072	1029	1031
3	1029	1072	1111
3	1118	1050	1111
3	1050	1029	1111
3	1072	1080	1132
3	1072	1132	1111
3	1132	1128	1187
3	1128	1090	1153
3	1111	1132	1187
3	1128	1153	1249
3	1118	1111	1303
3	1187	1128	1303
3	1303	1128	1249
3	1111	1187	1303
3	1318	1249	1329
3	1303	1249	1318
3	1303	1318	1463
3	1353	1303	1463
3	1460	1353	1463
3	1318	1329	1455
3	1318	1455	1463
3	544	648	543
3	648	544	646
3	643	543	648
3	626	582	643
3	677	626	643
3	643	648	711
3	648	646	711
3	677	643	770
3	643	711	770
3	770	711	811
3	711	726	811
3	770	811	851
3	856	811	846
3	851	811	856
3	1186	1118	1194
3	1118	1303	1194
3	1194	1303	1353
3	1350	1194	1353
3	1350	1353	1388
3	1388	1353	1460
3	536	497	546
3	536	546	621
3	578	536	621
3	621	546	630
3	626	677	630
3	578	621	692
3	621	630	692
3	630	677	692
3	578	692	680
3	677	747	692
3	747	677	775
3	677	770	775
3	741	692	797
3	775	770	851
3	775	851	941
3	1173	1097	1192
3	1097	1186	1192
3	1192	1186	1194
3	1192	1194	1273
3	267	242	287
3	236	252	287
3	242	238	287
3	238	236	287
3	246	237	267
3	237	242	267
3	1681	1661	1759
3	1661	1698	1759
3	1709	1681	1759
3	1661	1651	1698
3	1646	1681	1709
3	1575	1661	1681
3	1681	1562	1575
3	1646	1562	1681
3	1598	1651	1661
3	1575	1598	1661
3	1545	1562	1646
3	1575	1544	1598
3	1578	1544	1575
3	1562	1578	1575
3	1480	1578	1562
3	1544	1578	1493
3	1545	1480	1562
3	1446	1493	1578
3	1446	1578	1480
3	1446	1434	1493
3	403	486	454
3	403	440	486
3	403	339	440
3	413	401	454
3	401	403	454
3	339	391	440
3	281	401	413
3	281	308	401
3	401	302	403
3	308	302	401
3	302	339	403
3	339	269	391
3	279	269	339
3	302	279	339
3	245	302	308
3	245	279	302
3	281	245	308
3	222	279	245
3	246	269	279
3	222	246	279
3	220	222	245
3	220	237	246
3	222	220	246
3	220	213	237
3	1306	1324	1416
3	1280	1306	1416
3	1306	1229	1324
3	1280	1229	1306
3	1229	1163	1324
3	1205	1229	1280
3	1229	1205	1131
3	1131	1140	1229
3	1229	1140	1163
3	1020	1131	1205
3	1024	1043	1140
3	1020	1024	1131
3	1131	1024	1140
3	1020	912	1024
3	1024	984	1043
3	912	984	1024
3	872	912	1020
3	822	912	872
3	830	912	822
3	822	705	830
3	803	822	872
3	803	705	822
3	705	679	830
3	666	705	803
3	613	679	705
3	620	613	705
3	613	716	679
3	1505	1592	1620
3	1505	1548	1592
3	1586	1505	1620
3	1505	1478	1548
3	1505	1471	1478
3	1496	1505	1586
3	1496	1416	1505
3	1416	1471	1505
3	1496	1382	1416
3	1382	1280	1416
3	620	705	666
3	620	529	613
3	596	505	620
3	529	500	613
3	505	529	620
3	452	500	529
3	505	452	529
3	487	500	452
3	1647	1693	1712
3	1658	1647	1712
3	1602	1658	1667
3	1620	1693	1647
3	1596	1602	1667
3	1602	1647	1658
3	1602	1560	1647
3	1586	1620	1647
3	1560	1586	1647
3	1560	1496	1586
3	422	452	505
3	437	422	505
3	422	414	452
3	452	414	461
3	412	422	437
3	368	365	422
3	412	368	422
3	365	414	422
3	383	368	412
3	365	330	414
3	330	380	414
3	1699	1737	1723
3	1723	1725	1701
3	1701	1699	1723
3	1667	1699	1701
3	1699	1658	1712
3	1659	1628	1701
3	1667	1658	1699
3	356	346	383
3	370	356	383
3	368	346	365
3	346	368	383
3	356	370	376
3	346	330	365
3	305	346	356
3	280	330	346
3	305	280	346
3	283	280	305
3	1723	1688	1725
3	1676	1659	1701
3	1725	1676	1701
3	1660	1725	1688
3	1612	1725	1660
3	1612	1574	1725
3	411	387	407
3	397	387	411
3	373	366	387
3	397	373	387
3	387	392	407
3	356	376	366
3	366	376	387
3	387	376	392
3	344	355	373
3	366	305	356
3	355	366	373
3	355	305	366
3	283	305	355
3	1660	1606	1612
3	1632	1606	1660
3	1514	1574	1612
3	1606	1514	1612
3	1567	1514	1606
3	1532	1574	1514
3	1518	1531	1567
3	1531	1514	1567
3	1518	1449	1531
3	1504	1449	1518
3	1531	1461	1514
3	1449	1461	1531
3	1504	1391	1449
3	1391	1336	1449
3	471	548	537
3	457	537	618
3	457	471	537
3	444	407	471
3	434	444	471
3	457	434	471
3	411	407	444
3	410	411	444
3	434	410	444
3	397	411	410
3	373	397	410
3	1365	1248	1398
3	1248	1391	1398
3	1432	1365	1398
3	1248	1336	1391
3	1336	1274	1449
3	1365	1172	1248
3	1248	1216	1336
3	1268	1172	1365
3	683	695	754
3	664	717	695
3	664	618	717
3	695	683	664
3	618	537	717
3	683	612	664
3	585	612	683
3	612	618	664
3	612	534	618
3	534	457	618
3	585	574	612
3	564	574	585
3	574	534	612
3	477	457	534
3	574	477	534
3	434	457	477
3	1458	1437	1500
3	1338	1437	1458
3	1368	1338	1458
3	1406	1437	1338
3	1406	1432	1437
3	1368	1217	1338
3	1406	1365	1432
3	1268	1365	1406
3	1338	1235	1406
3	1235	1268	1406
3	1168	1235	1338
3	1235	1218	1268
3	1093	1235	1168
3	1218	1172	1268
3	1093	1218	1235
3	972	1011	1035
3	949	972	1035
3	949	858	972
3	853	858	949
3	699	858	853
3	699	754	858
3	674	699	853
3	758	674	853
3	657	674	758
3	699	683	754
3	585	683	699
3	585	699	674
3	657	599	674
3	599	585	674
3	566	599	657
3	599	551	585
3	551	564	585
3	1547	1634	1683
3	1547	1683	1668
3	1547	1597	1634
3	1547	1458	1597
3	1458	1500	1597
3	1668	1447	1547
3	1522	1447	1668
3	1447	1458	1547
3	1383	1447	1522
3	1447	1368	1458
3	1383	1368	1447
3	1278	1368	1383
3	1217	1168	1338
3	1035	1093	1168
3	1242	1280	1382
3	1628	1667	1701
3	1725	1574	1676
3	1574	1659	1676
3	1216	1274	1336
3	1216	1248	1172
3	1011	1093	1035
3	754	768	858
3	1278	1217	1368
3	1383	1223	1278
3	1223	1383	1317
3	1270	1223	1317
3	1122	1217	1278
3	1223	1122	1278
3	1122	1168	1217
3	1223	1124	1122
3	1035	1168	1122
3	1181	1124	1223
3	1121	1124	1181
3	1107	1088	1121
3	1088	1124	1121
3	1035	1122	1124
3	991	1035	1124
3	1088	991	1124
3	1045	991	1088
3	992	991	1045
3	991	949	1035
3	918	949	991
3	918	991	992
3	939	918	992
3	939	866	918
3	900	866	939
3	866	949	918
3	879	866	900
3	758	853	949
3	810	866	879
3	866	758	949
3	702	810	879
3	859	702	879
3	810	758	866
3	702	758	810
3	635	758	702
3	617	635	702
3	635	657	758
3	566	657	635
3	609	635	617
3	609	566	635
3	498	566	609
3	460	498	609
3	498	479	566
3	1587	1610	1654
3	1610	1668	1656
3	1590	1587	1654
3	1522	1668	1610
3	1587	1522	1610
3	1482	1479	1587
3	1479	1522	1587
3	1400	1479	1482
3	1479	1383	1522
3	1400	1383	1479
3	1297	1258	1400
3	1317	1383	1400
3	1258	1317	1400
3	1317	1258	1270
3	1239	1258	1297
3	1200	1270	1258
3	1232	1200	1258
3	1239	1232	1258
3	1200	1223	1270
3	1125	1223	1200
3	1125	1181	1223
3	1125	1121	1181
3	1075	1121	1125
3	1121	1087	1107
3	1075	1087	1121
3	1107	1087	1106
3	1087	1056	1106
3	1091	1107	1106
3	1033	1075	1125
3	1030	1088	1107
3	1033	973	1075
3	1056	1034	1106
3	1075	1056	1087
3	1009	1034	1056
3	973	1056	1075
3	973	1009	1056
3	953	1009	973
3	931	953	973
3	917	961	1009
3	953	917	1009
3	959	931	973
3	903	917	953
3	931	903	953
3	914	900	939
3	903	902	917
3	959	903	931
3	886	903	959
3	903	886	902
3	886	914	902
3	914	886	900
3	859	886	959
3	886	879	900
3	859	959	948
3	787	859	948
3	859	879	886
3	948	780	787
3	787	702	859
3	780	700	787
3	700	634	787
3	634	702	787
3	644	700	765
3	634	617	702
3	644	634	700
3	506	634	644
3	573	506	644
3	506	609	617
3	506	617	634
3	506	439	609
3	439	460	609
3	409	378	506
3	378	439	506
3	439	420	460
3	439	378	420
3	312	351	409
3	351	378	409
3	378	304	420
3	351	304	378
3	1571	1590	1654
3	1571	1487	1590
3	1487	1482	1590
3	1482	1587	1590
3	1472	1487	1571
3	1297	1400	1482
3	1413	1482	1487
3	1413	1297	1482
3	1411	1413	1487
3	1411	1277	1413
3	1241	1277	1411
3	1277	1297	1413
3	1292	1241	1321
3	1277	1239	1297
3	1241	1239	1277
3	1241	1226	1239
3	961	1034	1009
3	644	765	724
3	573	644	724
3	665	573	724
3	552	573	665
3	436	573	552
3	436	509	573
3	409	506	573
3	509	409	573
3	379	509	436
3	379	409	509
3	1605	1538	1571
3	1538	1472	1571
3	1394	1456	1538
3	1456	1472	1538
3	1411	1487	1472
3	1456	1411	1472
3	1321	1411	1456
3	1321	1241	1411
3	1394	1344	1456
3	1344	1321	1456
3	1242	1205	1280
3	1169	1205	1242
3	1169	1020	1205
3	1032	1020	1169
3	922	1020	1032
3	831	1020	922
3	831	872	1020
3	803	872	831
3	1314	1382	1496
3	1242	1382	1314
3	1247	1314	1410
3	1197	1242	1314
3	1247	1197	1314
3	1169	1242	1197
3	1193	1169	1197
3	1169	1052	1032
3	1052	1169	1193
3	922	1032	1052
3	985	922	1052
3	922	850	831
3	849	850	922
3	785	693	849
3	849	693	850
3	743	831	850
3	743	803	831
3	785	685	693
3	685	632	693
3	743	666	803
3	580	632	685
3	693	632	743
3	632	666	743
3	632	620	666
3	596	620	632
3	596	632	580
3	1596	1560	1602
3	1510	1524	1596
3	1524	1560	1596
3	1524	1496	1560
3	1441	1524	1510
3	1410	1496	1524
3	1410	1314	1496
3	1358	1410	1524
3	1358	1236	1410
3	1236	1247	1410
3	637	580	685
3	601	481	637
3	481	580	637
3	481	596	580
3	480	481	601
3	481	505	596
3	437	505	481
3	383	437	481
3	412	437	383
3	1659	1595	1628
3	1595	1593	1628
3	1628	1596	1667
3	1596	1628	1593
3	1595	1570	1593
3	1593	1510	1596
3	1440	1510	1593
3	1570	1440	1593
3	525	480	601
3	424	525	516
3	525	424	480
3	469	416	516
3	516	416	424
3	480	383	481
3	424	383	480
3	424	370	383
3	416	370	424
3	392	376	416
3	376	370	416
3	1574	1595	1659
3	1525	1570	1595
3	1574	1525	1595
3	1532	1525	1574
3	1414	1570	1525
3	1499	1414	1525
3	614	502	583
3	545	502	614
3	502	516	583
3	469	516	502
3	468	469	502
3	469	468	407
3	392	469	407
3	392	416	469
3	1499	1525	1532
3	1514	1461	1532
3	1461	1499	1532
3	1461	1331	1499
3	1374	1331	1461
3	1449	1274	1461
3	1274	1374	1461
3	1274	1243	1374
3	1374	1243	1331
3	1243	1190	1331
3	1274	1162	1243
3	1137	1243	1162
3	1137	1078	1243
3	1047	1078	1137
3	1058	1065	1137
3	1065	1047	1137
3	963	1047	1065
3	906	963	1065
3	906	880	963
3	885	880	906
3	885	906	788
3	801	880	885
3	788	801	885
3	788	791	801
3	468	502	545
3	1216	1162	1274
3	1030	1045	1088
3	996	992	1045
3	996	939	992
3	1091	1030	1107
3	1236	1197	1247
3	1441	1358	1524
3	601	637	638
3	1414	1440	1570
3	1440	1441	1510
3	1331	1414	1499
3	1078	1190	1243
3	880	801	897
3	545	614	675
3	386	418	431
3	427	369	431
3	369	386	431
3	418	386	400
3	369	348	386
3	350	369	427
3	350	348	369
3	348	336	386
3	350	322	348
3	1733	1765	1788
3	1765	1677	1781
3	1689	1677	1765
3	1733	1675	1765
3	1675	1689	1765
3	1677	1630	1708
3	1675	1679	1689
3	1649	1689	1679
3	1689	1649	1677
3	1649	1630	1677
3	1609	1630	1649
3	1276	1259	1275
3	1275	1259	1294
3	1276	1290	1255
3	1255	1259	1276
3	1276	1272	1290
3	1272	1276	1250
3	1250	1276	1275
3	1227	1250	1275
3	738	766	793
3	769	738	793
3	766	762	793
3	766	763	762
3	763	766	744
3	744	766	761
3	766	738	761
3	1311	1302	1225
3	759	739	834
3	870	896	980
3	1143	1127	1175
3	817	833	855
3	820	847	833
3	1108	1126	1180
3	1042	962	1076
3	1064	1042	1076
3	1021	1064	1054
3	1064	1076	1119
3	1064	1119	1134
3	1134	1119	1177
3	1177	1119	1180
3	1134	1177	1251
3	1177	1180	1225
3	1251	1177	1225
3	1252	1251	1225
3	1252	1225	1302
3	1225	1180	1284
3	558	653	694
3	694	653	686
3	593	694	707
3	593	707	709
3	593	709	640
3	1604	1718	1999
3	707	694	686
3	707	686	749
3	707	749	709
3	709	749	782
3	739	640	709
3	749	686	777
3	782	749	816
3	739	709	827
3	782	816	827
3	709	782	827
3	827	816	857
3	739	827	834
3	834	827	870
3	870	827	857
3	896	870	857
3	896	857	942
3	896	942	980
3	980	942	1021
3	1054	980	1021
3	982	980	1054
3	1074	982	1054
3	1074	1054	1127
3	1127	1054	1156
3	1054	1064	1134
3	1156	1054	1159
3	1159	1054	1134
3	1127	1156	1175
3	1156	1159	1231
3	1159	1134	1251
3	1159	1244	1231
3	1159	1251	1260
3	1260	1251	1252
3	1260	1252	1282
3	1159	1260	1244
3	1282	1252	1302
3	1282	1302	1343
3	1282	1343	1407
3	1282	1407	1379
3	1379	1407	1483
3	523	483	563
3	483	521	558
3	483	558	593
3	563	483	593
3	593	558	694
3	563	593	640
3	523	563	645
3	645	563	739
3	563	640	739
3	645	739	759
3	1175	1156	1231
3	1238	1175	1308
3	1175	1231	1308
3	1308	1231	1363
3	1238	1308	1363
3	1244	1260	1379
3	1363	1231	1379
3	1379	1231	1244
3	1260	1282	1379
3	1403	1238	1363
3	1379	1483	1442
3	1271	1403	1451
3	1403	1363	1442
3	1363	1379	1442
3	1483	1451	1442
3	1451	1403	1442
3	821	815	826
3	847	815	821
3	826	815	842
3	821	826	871
3	848	826	842
3	871	826	946
3	848	842	916
3	826	848	946
3	848	916	968
3	946	848	968
3	916	904	993
3	916	993	968
3	929	946	1014
3	946	968	1005
3	946	1005	1014
3	968	993	1005
3	1005	993	1040
3	1005	1040	1069
3	1069	1040	1089
3	1116	1069	1089
3	1005	1069	1116
3	1014	1005	1116
3	1117	1089	1138
3	1116	1089	1117
3	1116	1117	1148
3	1117	1130	1148
3	1130	1117	1138
3	1116	1148	1133
3	1148	1166	1133
3	1148	1130	1166
3	1166	1130	1210
3	1157	1133	1166
3	1157	1166	1176
3	820	815	847
3	847	821	854
3	833	847	898
3	855	833	892
3	847	854	898
3	854	901	898
3	855	892	955
3	898	901	951
3	892	898	924
3	924	898	951
3	892	924	955
3	955	924	1046
3	951	994	924
3	1022	955	1046
3	924	994	1046
3	1022	1046	1057
3	1057	1046	1062
3	994	1098	1046
3	1022	1057	1108
3	1057	1062	1109
3	1057	1109	1126
3	1046	1098	1062
3	1108	1057	1126
3	1062	1176	1109
3	1062	1098	1176
3	1098	1157	1176
3	1109	1176	1209
3	1176	1166	1210
3	1176	1210	1209
3	817	855	836
3	836	855	955
3	864	836	955
3	962	864	955
3	962	955	1022
3	1076	962	1022
3	1022	1108	1076
3	1119	1076	1108
3	1119	1108	1180
3	854	821	871
3	854	871	905
3	854	905	901
3	871	946	929
3	871	929	905
3	1016	905	929
3	1012	905	1016
3	929	1014	1016
3	1016	1014	1133
3	1104	1016	1133
3	1014	1116	1133
3	1104	1133	1157
3	1098	1104	1157
3	951	901	983
3	951	983	994
3	901	1012	983
3	901	905	1012
3	994	983	1098
3	983	1012	1098
3	1012	1104	1098
3	704	744	761
3	386	315	400
3	315	363	400
3	336	315	386
3	326	315	336
3	315	299	363
3	315	265	299
3	253	265	315
3	326	253	315
3	249	254	299
3	265	249	299
3	253	249	265
3	241	227	253
3	232	227	241
3	227	249	253
3	1784	1786	1785
3	1788	1785	1729
3	1781	1784	1785
3	1788	1781	1785
3	1765	1781	1788
3	1769	1785	1786
3	1784	1766	1786
3	1766	1782	1786
3	1708	1766	1784
3	1708	1784	1781
3	1677	1708	1781
3	1708	1740	1766
3	1766	1746	1782
3	1627	1740	1708
3	1631	1740	1627
3	1272	1240	1293
3	1253	1257	1240
3	1250	1227	1272
3	1253	1245	1257
3	1227	1240	1272
3	1240	1227	1253
3	689	730	763
3	689	763	744
3	670	689	744
3	689	703	730
3	704	670	744
3	670	651	689
3	254	227	235
3	235	225	251
3	227	254	249
3	227	225	235
3	232	215	227
3	215	225	227
3	217	215	232
3	1774	1769	1786
3	1782	1774	1786
3	1782	1773	1774
3	1746	1773	1782
3	1773	1745	1774
3	1704	1745	1773
3	1745	1750	1774
3	1746	1704	1773
3	1339	1312	1385
3	1288	1339	1393
3	1312	1326	1357
3	1339	1288	1312
3	1312	1257	1326
3	1240	1288	1293
3	1288	1257	1312
3	1240	1257	1288
3	689	676	703
3	689	631	676
3	676	656	703
3	651	631	689
3	676	607	656
3	631	607	676
3	607	579	656
3	607	600	579
3	251	225	234
3	215	217	223
3	207	234	225
3	215	207	225
3	207	215	223
3	208	207	223
3	208	214	207
3	1744	1751	1767
3	1698	1744	1767
3	1751	1730	1760
3	1745	1704	1751
3	1719	1730	1751
3	1704	1719	1751
3	1745	1702	1750
3	1702	1751	1744
3	1751	1702	1745
3	1434	1418	1427
3	1421	1418	1434
3	1396	1409	1439
3	1396	1418	1409
3	1428	1396	1439
3	1409	1392	1439
3	1409	1418	1392
3	1418	1357	1427
3	1396	1357	1418
3	1312	1357	1396
3	1385	1312	1396
3	559	600	607
3	557	600	559
3	513	579	600
3	513	600	557
3	533	531	561
3	539	513	557
3	513	539	533
3	513	478	579
3	539	531	533
3	486	513	533
3	440	513	486
3	234	207	239
3	239	238	240
3	240	238	242
3	239	240	248
3	207	238	239
3	207	214	238
3	213	240	242
3	213	229	240
3	229	248	240
3	229	197	248
3	213	218	229
3	218	197	229
3	1772	1767	1751
3	1738	1756	1772
3	1756	1767	1772
3	1709	1759	1767
3	1756	1709	1767
3	1738	1621	1756
3	1621	1709	1756
3	1621	1646	1709
3	1443	1646	1621
3	1443	1545	1646
3	1425	1443	1621
3	1480	1545	1443
3	1430	1480	1443
3	1430	1446	1480
3	1401	1443	1425
3	1443	1401	1430
3	1446	1421	1434
3	1430	1421	1446
3	1387	1421	1430
3	1401	1387	1430
3	1387	1392	1418
3	1387	1418	1421
3	511	492	554
3	492	533	554
3	492	454	533
3	413	492	511
3	454	486	533
3	413	454	492
3	260	281	413
3	226	281	260
3	226	245	281
3	204	226	260
3	204	260	268
3	220	245	226
3	218	220	226
3	204	203	226
3	203	218	226
3	218	203	197
3	1369	1478	1471
3	1324	1369	1471
3	1369	1337	1397
3	1324	1220	1369
3	1416	1324	1471
3	1220	1337	1369
3	1163	1220	1324
3	1105	1189	1220
3	1163	1105	1220
3	1105	1151	1189
3	1140	1092	1163
3	1163	1092	1105
3	1043	1092	1140
3	1092	1015	1105
3	910	1015	1092
3	1043	910	1092
3	984	910	1043
3	984	907	910
3	830	907	984
3	907	823	910
3	778	823	907
3	830	778	907
3	742	823	778
3	679	778	830
3	679	716	778
3	716	742	778
3	716	623	742
3	742	623	610
3	613	623	716
3	1592	1577	1616
3	1577	1576	1616
3	1548	1577	1592
3	1498	1576	1577
3	1548	1498	1577
3	1498	1495	1576
3	1478	1498	1548
3	1369	1397	1478
3	1397	1498	1478
3	1397	1495	1498
3	485	575	610
3	500	623	613
3	500	610	623
3	500	485	610
3	500	487	485
3	487	461	485
3	461	349	485
3	1737	1712	1693
3	1692	1726	1693
3	1732	1726	1692
3	1685	1692	1693
3	1592	1616	1620
3	1726	1732	1752
3	1737	1693	1726
3	322	334	348
3	345	336	348
3	1294	1259	1230
3	701	750	762
3	701	762	763
3	1733	1788	1729
3	1253	1227	1245
3	1750	1769	1774
3	1702	1684	1750
3	214	236	238
3	213	242	237
3	214	208	236
3	1759	1698	1767
3	912	830	984
3	452	461	487
3	1833	1815	1826
3	1828	1815	1833
3	1803	1827	1822
3	1814	1826	1815
3	1814	1822	1826
3	1814	1803	1822
3	1803	1812	1827
3	1814	1797	1803
3	1803	1792	1812
3	1807	1814	1815
3	1790	1749	1807
3	1691	1803	1797
3	1749	1814	1807
3	1814	1749	1797
3	1691	1792	1803
3	1749	1695	1797
3	1691	1722	1792
3	1695	1691	1797
3	1696	1695	1749
3	1696	1624	1695
3	1657	1624	1696
3	1624	1722	1691
3	1629	1694	1722
3	1539	1624	1657
3	1624	1691	1695
3	1561	1722	1624
3	1516	1561	1624
3	1561	1629	1722
3	1539	1502	1624
3	1502	1516	1624
3	354	538	475
3	354	415	538
3	354	475	459
3	388	415	354
3	388	375	415
3	342	354	459
3	388	202	375
3	354	340	388
3	262	202	388
3	340	262	388
3	340	354	342
3	216	262	340
3	185	216	340
3	216	188	262
3	188	202	262
3	188	216	185
3	181	202	188
3	167	188	185
3	168	167	185
3	188	165	181
3	168	164	167
3	167	165	188
3	165	169	181
3	155	164	168
3	165	158	169
3	164	149	167
3	149	165	167
3	155	149	164
3	149	158	165
3	159	149	155
3	141	158	149
3	141	146	158
3	159	135	149
3	135	141	149
3	142	135	159
3	135	130	141
3	130	138	141
3	130	104	138
3	125	130	135
3	133	117	135
3	117	125	135
3	121	104	130
3	128	116	133
3	116	117	133
3	125	121	130
3	125	95	121
3	117	106	125
3	91	106	117
3	102	116	128
3	106	95	125
3	102	96	116
3	96	93	116
3	116	93	117
3	93	91	117
3	91	84	106
3	84	95	106
3	84	78	95
3	75	91	93
3	75	93	96
3	75	70	91
3	70	84	91
3	70	60	84
3	60	78	84
3	60	67	78
3	75	58	70
3	54	58	75
3	58	60	70
3	49	67	60
3	46	58	54
3	49	68	67
3	58	49	60
3	48	49	58
3	46	48	58
3	38	52	68
3	39	68	49
3	39	38	68
3	39	35	38
3	48	31	49
3	31	39	49
3	48	46	31
3	35	39	31
3	31	21	35
3	21	26	35
3	13	21	31
3	13	17	21
3	11	21	17
3	9	11	17
3	13	1	17
3	3	1	13
3	11	9	10
3	1	0	17
3	17	0	9
3	9	0	2
3	0	1	2
3	1995	1988	1992
3	1977	1988	1995
3	1981	1977	1995
3	1983	1969	1995
3	1969	1981	1995
3	1969	1972	1981
3	1953	1969	1983
3	1969	1952	1972
3	1953	1954	1969
3	1954	1952	1969
3	1954	1938	1952
3	1953	1942	1954
3	1942	1938	1954
3	1938	1939	1952
3	1942	1915	1938
3	1929	1939	1938
3	1915	1922	1938
3	1922	1929	1938
3	1922	1917	1929
3	1898	1922	1915
3	1903	1898	1915
3	1894	1903	1915
3	1902	1918	1917
3	1902	1917	1922
3	1898	1902	1922
3	1878	1898	1903
3	1898	1892	1902
3	1898	1882	1892
3	1878	1871	1898
3	1871	1882	1898
3	1882	1869	1892
3	1871	1869	1882
3	1871	1858	1869
3	1858	1860	1869
3	1851	1860	1858
3	1561	1582	1629
3	1506	1553	1582
3	1561	1467	1582
3	1467	1506	1582
3	1516	1467	1561
3	1516	1386	1467
3	1467	1475	1506
3	1467	1415	1475
3	1415	1419	1475
3	1404	1415	1467
3	1404	1340	1415
3	550	578	604
3	550	536	578
3	538	550	604
3	538	470	550
3	470	527	550
3	527	536	550
3	527	497	536
3	441	497	527
3	415	470	538
3	470	441	527
3	415	396	470
3	415	375	396
3	90	104	121
3	95	90	121
3	95	67	90
3	78	67	95
3	73	90	67
3	67	68	73
3	35	26	38
3	26	25	38
3	21	11	26
3	11	25	26
3	10	20	25
3	11	10	25
3	1419	1390	1475
3	1296	1390	1419
3	1296	1375	1390
3	1301	1419	1415
3	1340	1301	1415
3	1296	1273	1375
3	1301	1296	1419
3	1273	1350	1375
3	1273	1194	1350
3	1222	1301	1340
3	1173	1296	1301
3	1192	1273	1296
3	1173	1192	1296
3	1222	1173	1301
3	1792	1802	1812
3	1792	1722	1779
3	1722	1694	1779
3	158	153	169
3	9	18	10
3	18	9	2
3	1981	1972	1977
3	1972	1973	1977
3	1950	1956	1952
3	1952	1939	1950
3	1902	1892	1918
3	1629	1582	1655
3	396	441	470
3	453	479	498
3	359	453	498
3	442	464	465
3	453	465	479
3	453	442	465
3	359	385	453
3	385	442	453
3	338	385	359
3	1768	1755	1758
3	1747	1755	1768
3	1706	1768	1753
3	1700	1755	1747
3	1706	1747	1768
3	1706	1656	1747
3	1654	1656	1706
3	1656	1700	1747
3	1656	1668	1700
3	1191	1182	1232
3	1136	1182	1191
3	1182	1125	1200
3	1191	1068	1136
3	1068	1191	1147
3	1136	1125	1182
3	1033	1125	1136
3	1136	1068	1033
3	1068	1006	1033
3	1048	1068	1147
3	1048	1006	1068
3	969	973	1033
3	1625	1657	1727
3	488	636	622
3	1433	1372	1450
3	734	684	825
3	1135	1171	1196
3	1492	1508	1580
3	751	845	835
3	890	874	945
3	1552	1489	1625
3	1625	1489	1657
3	1489	1539	1657
3	1657	1696	1727
3	622	636	688
3	622	688	721
3	688	718	721
3	721	718	732
3	688	636	696
3	718	688	733
3	733	688	696
3	732	718	733
3	696	771	733
3	756	795	806
3	771	756	806
3	733	771	806
3	732	733	841
3	733	806	841
3	812	841	874
3	841	806	874
3	1099	1112	1184
3	1221	1184	1246
3	1184	1112	1237
3	1237	1112	1202
3	1184	1237	1246
3	1221	1246	1307
3	1295	1221	1307
3	1237	1202	1304
3	1355	1246	1304
3	1295	1307	1354
3	1246	1237	1304
3	1307	1246	1355
3	1345	1295	1354
3	1354	1307	1355
3	1355	1304	1359
3	1345	1354	1420
3	1355	1494	1354
3	1494	1355	1359
3	1450	1420	1484
3	1484	1494	1537
3	1494	1359	1537
3	560	622	649
3	649	622	715
3	659	667	725
3	653	667	659
3	667	722	725
3	698	649	722
3	715	622	728
3	622	721	728
3	686	659	725
3	725	722	715
3	698	722	734
3	725	715	728
3	722	667	719
3	722	719	734
3	1291	1334	1281
3	1291	1302	1311
3	1311	1225	1284
3	1291	1311	1380
3	1334	1291	1380
3	1311	1284	1380
3	1281	1334	1372
3	1380	1284	1345
3	1380	1345	1420
3	1372	1334	1450
3	1334	1380	1450
3	1380	1420	1450
3	521	576	558
3	558	576	653
3	653	576	667
3	667	576	684
3	576	521	684
3	684	521	720
3	653	659	686
3	667	684	719
3	521	592	720
3	734	719	684
3	720	779	684
3	684	779	825
3	779	759	814
3	814	759	834
3	779	814	875
3	825	779	875
3	814	834	875
3	825	875	887
3	834	870	875
3	887	875	965
3	966	887	965
3	965	875	982
3	875	870	982
3	966	965	986
3	870	980	982
3	965	982	1001
3	986	965	1001
3	966	986	1025
3	986	1001	1081
3	1001	982	1074
3	1001	1074	1081
3	1081	1074	1123
3	1123	1074	1143
3	1143	1074	1127
3	1135	1081	1123
3	1123	1143	1154
3	1135	1123	1179
3	1171	1135	1179
3	1123	1154	1179
3	1171	1179	1266
3	1266	1179	1271
3	1196	1171	1266
3	1287	1196	1266
3	1196	1281	1285
3	1196	1287	1291
3	1281	1196	1291
3	1291	1287	1302
3	1287	1266	1346
3	1343	1302	1287
3	1266	1271	1346
3	1287	1346	1343
3	1346	1271	1483
3	1346	1407	1343
3	1407	1346	1483
3	521	523	592
3	592	523	678
3	523	645	678
3	592	678	720
3	678	645	759
3	720	678	779
3	678	759	779
3	1143	1175	1238
3	1154	1143	1179
3	1179	1143	1238
3	1179	1238	1271
3	1271	1238	1403
3	1483	1271	1451
3	314	296	327
3	314	327	394
3	586	472	499
3	1603	1580	1604
3	1604	1580	1619
3	842	812	840
3	840	812	890
3	878	840	890
3	890	812	874
3	840	878	904
3	842	840	904
3	842	904	916
3	878	890	945
3	904	878	945
3	904	945	993
3	1018	945	1019
3	945	1018	993
3	1040	993	1077
3	993	1018	1077
3	1040	1077	1089
3	1077	1018	1099
3	1089	1077	1129
3	1077	1099	1129
3	1138	1089	1129
3	1164	1129	1099
3	1138	1129	1164
3	1164	1099	1184
3	1130	1138	1164
3	1130	1164	1210
3	721	732	745
3	721	745	790
3	790	745	802
3	802	745	812
3	790	802	820
3	817	790	820
3	820	802	815
3	745	732	812
3	812	732	841
3	817	820	833
3	815	802	842
3	802	812	842
3	1126	1109	1209
3	1184	1221	1164
3	1210	1164	1267
3	1126	1209	1264
3	1209	1210	1264
3	1126	1264	1284
3	1264	1210	1267
3	1180	1126	1284
3	1164	1295	1267
3	1164	1221	1295
3	1284	1264	1345
3	1264	1295	1345
3	728	721	790
3	777	725	728
3	686	725	777
3	777	728	790
3	749	777	816
3	790	818	777
3	790	817	818
3	818	817	836
3	777	818	864
3	816	777	864
3	818	836	864
3	816	864	893
3	857	816	893
3	857	893	942
3	893	864	1042
3	864	962	1042
3	942	893	1042
3	942	1042	1021
3	1021	1042	1064
3	1033	947	969
3	947	1033	1006
3	969	959	973
3	925	947	1006
3	959	969	947
3	948	959	947
3	877	925	1006
3	877	876	925
3	925	876	947
3	876	948	947
3	780	948	876
3	861	876	877
3	813	794	876
3	765	780	876
3	794	765	876
3	765	700	780
3	359	304	338
3	313	304	351
3	304	289	338
3	273	289	304
3	313	273	304
3	273	271	289
3	272	273	276
3	272	271	273
3	1739	1706	1753
3	1736	1739	1753
3	1736	1682	1739
3	1739	1654	1706
3	1682	1674	1739
3	1674	1654	1739
3	1674	1571	1654
3	1211	1241	1292
3	1191	1226	1224
3	1228	1211	1292
3	1232	1226	1191
3	1239	1226	1232
3	1211	1226	1241
3	1211	1224	1226
3	1211	1167	1224
3	1178	1167	1211
3	813	876	861
3	808	813	839
3	736	813	808
3	736	748	813
3	748	794	813
3	748	724	794
3	724	765	794
3	665	724	748
3	736	665	748
3	669	665	736
3	382	436	393
3	312	379	382
3	324	312	382
3	360	324	382
3	312	313	351
3	297	312	324
3	312	273	313
3	276	273	312
3	297	276	312
3	1665	1617	1682
3	1617	1674	1682
3	1617	1605	1674
3	1571	1674	1605
3	1605	1617	1566
3	1566	1538	1605
3	1325	1394	1453
3	1344	1394	1325
3	1325	1292	1344
3	1228	1325	1322
3	1228	1292	1325
3	1183	1228	1230
3	1183	1178	1228
3	1178	1211	1228
3	804	808	865
3	750	808	804
3	750	706	808
3	706	736	808
3	762	750	804
3	669	736	706
3	570	669	706
3	570	552	669
3	512	552	570
3	490	512	570
3	541	490	570
3	393	436	512
3	490	402	512
3	402	393	512
3	352	393	402
3	360	382	393
3	352	360	393
3	345	334	360
3	334	297	324
3	334	324	360
3	345	360	352
3	334	345	348
3	322	297	334
3	345	326	336
3	1733	1648	1675
3	1643	1648	1733
3	1648	1665	1675
3	1600	1648	1643
3	1648	1600	1665
3	1600	1617	1665
3	1600	1566	1617
3	1550	1643	1608
3	1550	1600	1643
3	1556	1550	1608
3	1550	1566	1600
3	1469	1566	1550
3	1469	1550	1556
3	1422	1469	1556
3	1469	1453	1566
3	1422	1310	1469
3	1469	1371	1453
3	1377	1371	1469
3	1310	1377	1469
3	1371	1325	1453
3	1371	1322	1325
3	1377	1322	1371
3	1310	1305	1377
3	1305	1322	1377
3	1230	1228	1322
3	1305	1294	1322
3	1294	1230	1322
3	1275	1294	1305
3	1254	1305	1310
3	1227	1275	1305
3	1254	1227	1305
3	727	701	763
3	701	706	750
3	701	629	706
3	629	570	706
3	541	570	629
3	374	490	541
3	438	374	541
3	374	402	490
3	374	352	402
3	372	352	374
3	321	374	438
3	333	352	372
3	301	372	374
3	321	301	374
3	333	345	352
3	301	275	372
3	326	345	333
3	275	333	372
3	333	253	326
3	275	241	333
3	333	241	253
3	233	241	275
3	1785	1769	1729
3	1769	1720	1729
3	1720	1650	1729
3	1729	1643	1733
3	1666	1720	1717
3	1650	1643	1729
3	1650	1608	1643
3	1666	1650	1720
3	1591	1650	1666
3	1591	1512	1650
3	1512	1608	1650
3	1512	1556	1608
3	1551	1512	1591
3	1381	1512	1551
3	1512	1422	1556
3	1349	1422	1512
3	1349	1512	1381
3	1351	1381	1454
3	1349	1310	1422
3	1286	1349	1381
3	1351	1286	1381
3	1349	1254	1310
3	1286	1254	1349
3	1245	1286	1351
3	1245	1254	1286
3	1245	1227	1254
3	730	727	763
3	730	672	727
3	703	672	730
3	672	628	727
3	629	701	727
3	628	629	727
3	587	598	672
3	598	628	672
3	628	541	629
3	476	541	628
3	406	598	587
3	406	476	598
3	598	476	628
3	438	541	476
3	404	438	476
3	404	321	438
3	288	321	404
3	310	288	404
3	301	321	288
3	259	301	288
3	259	288	243
3	233	275	301
3	259	233	301
3	233	259	243
3	232	241	233
3	232	233	243
3	217	232	243
3	1717	1720	1769
3	1750	1717	1769
3	1684	1717	1750
3	1684	1666	1717
3	1684	1591	1666
3	1588	1591	1684
3	1551	1591	1588
3	1542	1551	1588
3	1364	1454	1551
3	1542	1364	1551
3	1429	1364	1542
3	1454	1381	1551
3	1364	1351	1454
3	1429	1323	1364
3	1399	1326	1429
3	1326	1323	1429
3	1323	1351	1364
3	1257	1323	1326
3	1245	1351	1323
3	1257	1245	1323
3	656	672	703
3	656	577	672
3	577	587	672
3	484	587	577
3	484	507	587
3	507	406	587
3	389	507	484
3	406	404	476
3	377	406	507
3	310	404	406
3	377	310	406
3	311	290	377
3	290	310	377
3	288	310	290
3	252	290	311
3	223	217	243
3	579	577	656
3	389	377	507
3	1610	1656	1654
3	1182	1200	1232
3	420	359	460
3	552	665	669
3	382	379	436
3	379	312	409
3	1394	1538	1566
3	1453	1394	1566
3	1344	1292	1321
3	512	436	552
3	1361	1466	1436
3	1361	1468	1466
3	1393	1468	1361
3	1436	1435	1361
3	1320	1361	1435
3	1293	1393	1361
3	1320	1293	1361
3	615	651	670
3	647	532	670
3	555	615	670
3	532	555	670
3	448	555	532
3	448	425	555
3	449	448	532
3	449	532	528
3	405	448	449
3	448	367	425
3	384	405	449
3	405	367	448
3	341	367	405
3	318	341	405
3	318	405	384
3	303	384	291
3	303	318	384
3	303	274	318
3	274	266	318
3	291	254	303
3	254	274	303
3	254	235	274
3	235	251	274
3	1716	1704	1746
3	1714	1716	1746
3	1686	1704	1716
3	1714	1614	1716
3	1607	1686	1716
3	1614	1607	1716
3	1589	1623	1686
3	1607	1589	1686
3	1555	1607	1614
3	1573	1589	1607
3	1555	1573	1607
3	1573	1526	1589
3	1526	1517	1589
3	1526	1573	1555
3	1517	1445	1589
3	1459	1445	1517
3	1459	1517	1526
3	1466	1468	1526
3	1468	1459	1526
3	1459	1431	1445
3	1468	1431	1459
3	1431	1385	1445
3	1393	1385	1431
3	1468	1393	1431
3	1339	1385	1393
3	1293	1288	1393
3	615	597	651
3	530	615	555
3	631	562	607
3	562	524	607
3	615	568	597
3	530	568	615
3	597	562	631
3	597	568	562
3	530	417	568
3	568	447	562
3	417	447	568
3	425	530	555
3	447	524	562
3	450	417	530
3	425	450	530
3	417	390	447
3	425	367	450
3	450	323	417
3	320	323	450
3	367	320	450
3	323	390	417
3	323	286	390
3	341	320	367
3	318	266	341
3	341	266	320
3	320	286	323
3	266	286	320
3	274	251	266
3	266	234	286
3	234	258	286
3	251	234	266
3	1760	1730	1735
3	1735	1670	1775
3	1687	1735	1730
3	1719	1686	1730
3	1704	1686	1719
3	1686	1687	1730
3	1687	1670	1735
3	1686	1623	1687
3	1568	1670	1687
3	1670	1568	1680
3	1568	1653	1680
3	1623	1568	1687
3	1568	1565	1653
3	1589	1528	1623
3	1589	1445	1528
3	1528	1568	1623
3	1448	1565	1568
3	1448	1568	1528
3	1476	1528	1445
3	1465	1448	1528
3	1476	1465	1528
3	1448	1465	1417
3	1439	1417	1465
3	1439	1465	1476
3	1445	1428	1476
3	1428	1439	1476
3	1385	1428	1445
3	1439	1373	1417
3	1392	1373	1439
3	1385	1396	1428
3	1360	1395	1417
3	559	607	524
3	531	535	561
3	535	446	595
3	524	482	557
3	474	446	535
3	531	482	535
3	482	474	535
3	447	482	524
3	447	456	482
3	482	456	474
3	358	446	474
3	447	390	456
3	343	358	474
3	456	343	474
3	390	361	456
3	361	343	456
3	286	361	390
3	264	358	343
3	256	358	264
3	256	295	358
3	286	277	361
3	277	343	361
3	277	264	343
3	258	277	286
3	210	264	277
3	258	248	277
3	248	210	277
3	239	248	258
3	210	256	264
3	210	199	256
3	197	210	248
3	1998	199	210
3	1795	1778	1801
3	1763	1778	1795
3	1778	1777	1801
3	1763	1738	1778
3	1777	1775	1801
3	1760	1735	1777
3	1735	1775	1777
3	1772	1760	1777
3	1772	1777	1778
3	1738	1772	1778
3	1763	1710	1738
3	1710	1519	1738
3	1519	1621	1738
3	1519	1425	1621
3	1423	1519	1470
3	1423	1425	1519
3	1423	1376	1425
3	1376	1401	1425
3	1387	1348	1392
3	1348	1387	1401
3	1376	1348	1401
3	1366	1376	1423
3	1348	1373	1392
3	1373	1360	1417
3	1366	1348	1376
3	1348	1360	1373
3	1348	1342	1360
3	588	595	605
3	556	572	588
3	565	572	556
3	588	535	595
3	561	535	588
3	572	554	588
3	565	511	572
3	491	511	565
3	554	561	588
3	511	554	572
3	426	491	565
3	491	317	511
3	426	317	491
3	317	260	511
3	300	317	426
3	268	260	317
3	211	268	317
3	200	204	268
3	211	200	268
3	195	204	200
3	197	1998	210
3	204	195	203
3	211	193	200
3	203	195	197
3	200	193	195
3	195	1998	197
3	195	193	1998
3	952	1082	1151
3	952	899	1082
3	1356	1389	1474
3	1378	1356	1474
3	1378	1337	1356
3	1337	1265	1356
3	1265	1203	1356
3	1189	1265	1337
3	1189	1203	1265
3	1189	1149	1203
3	1151	1149	1189
3	1105	1015	1151
3	1015	952	1151
3	1015	910	952
3	789	899	952
3	910	789	952
3	823	789	910
3	789	823	742
3	691	789	742
3	691	713	789
3	639	713	691
3	610	575	691
3	575	639	691
3	639	627	713
3	627	708	713
3	1644	1615	1664
3	1644	1529	1615
3	1534	1585	1615
3	1527	1534	1615
3	1529	1527	1615
3	1576	1529	1644
3	1495	1529	1576
3	1529	1473	1527
3	1474	1389	1527
3	1473	1474	1527
3	1495	1473	1529
3	1378	1473	1495
3	1473	1378	1474
3	627	581	661
3	432	627	639
3	575	432	639
3	627	432	581
3	514	581	432
3	485	432	575
3	514	432	473
3	1899	1881	1908
3	1881	1895	1908
3	1881	1872	1895
3	1852	1881	1888
3	1585	1640	1615
3	1272	1293	1320
3	651	597	631
3	239	258	234
3	1760	1772	1751
3	559	524	557
3	539	482	531
3	482	539	557
3	554	533	561
3	260	413	511
3	1397	1337	1378
3	1189	1337	1220
3	610	691	742
3	1397	1378	1495
3	349	432	485
3	1881	1852	1872
3	1855	1872	1852
3	1847	1872	1855
3	1834	1847	1855
3	1819	1806	1823
3	1809	1806	1819
3	1776	1806	1809
3	1789	1776	1809
3	1783	1793	1806
3	1776	1783	1806
3	1780	1793	1783
3	1752	1776	1789
3	1776	1707	1783
3	1707	1678	1783
3	1752	1732	1776
3	1732	1707	1776
3	1707	1673	1678
3	1732	1690	1707
3	1637	1732	1692
3	1640	1673	1707
3	1690	1640	1707
3	1637	1690	1732
3	150	162	166
3	180	192	205
3	205	292	294
3	1863	1841	1876
3	76	69	81
3	81	86	97
3	1845	1840	1857
3	1853	1845	1857
3	1920	1919	1930
3	114	97	115
3	25	33	38
3	52	55	73
3	68	52	73
3	73	82	92
3	270	205	294
3	270	294	362
3	202	362	375
3	1655	1638	1713
3	1655	1713	1694
3	1694	1713	1798
3	1779	1798	1804
3	1844	1846	1851
3	1887	1874	1876
3	1905	1906	1916
3	1929	1926	1939
3	1926	1933	1939
3	1956	1963	1973
3	1952	1956	1972
3	1972	1956	1973
3	1973	1963	1966
3	20	10	18
3	2	23	18
3	18	23	29
3	20	18	29
3	25	20	33
3	33	20	29
3	29	23	22
3	29	22	41
3	33	29	40
3	29	41	40
3	33	40	44
3	40	41	45
3	43	40	45
3	33	44	38
3	45	41	47
3	40	43	44
3	38	44	52
3	52	44	55
3	55	44	43
3	55	43	61
3	43	45	61
3	45	59	62
3	45	47	59
3	61	45	62
3	61	62	80
3	55	61	73
3	82	61	80
3	61	82	73
3	92	82	100
3	108	92	100
3	108	100	122
3	108	122	127
3	104	108	138
3	108	127	138
3	127	131	137
3	138	127	144
3	127	137	144
3	137	140	144
3	141	138	146
3	138	144	146
3	144	140	150
3	144	150	153
3	144	153	146
3	146	153	158
3	153	150	166
3	169	153	166
3	169	166	180
3	166	184	180
3	180	184	192
3	181	169	205
3	169	180	205
3	181	205	270
3	202	181	270
3	202	270	362
3	1629	1655	1694
3	1798	1731	1804
3	1802	1779	1804
3	1779	1802	1792
3	1812	1802	1813
3	1804	1805	1821
3	1805	1816	1821
3	1802	1804	1813
3	1813	1804	1821
3	1812	1813	1824
3	1813	1821	1824
3	1812	1824	1827
3	1824	1821	1829
3	1827	1824	1829
3	1829	1820	1841
3	1827	1829	1836
3	1829	1841	1846
3	1844	1836	1846
3	1836	1829	1846
3	1851	1846	1854
3	1846	1841	1863
3	1854	1846	1863
3	1854	1863	1874
3	1874	1863	1876
3	1905	1916	1926
3	1926	1916	1928
3	1926	1928	1933
3	1928	1920	1933
3	1920	1935	1933
3	1939	1933	1941
3	1941	1933	1935
3	1941	1935	1947
3	1935	1930	1947
3	1947	1930	1949
3	1939	1941	1950
3	1941	1947	1950
3	1963	1947	1949
3	1956	1947	1963
3	1963	1949	1966
3	1949	1962	1966
3	1966	1962	1974
3	1973	1966	1980
3	1977	1973	1980
3	1966	1974	1980
3	1977	1980	1988
3	2	16	23
3	16	12	23
3	12	22	23
3	12	6	27
3	22	12	27
3	22	27	30
3	27	15	34
3	30	27	34
3	22	30	41
3	30	34	50
3	41	30	47
3	47	30	50
3	34	36	50
3	50	36	53
3	47	50	57
3	50	53	57
3	57	53	63
3	47	57	66
3	59	47	66
3	57	63	69
3	66	57	69
3	66	69	76
3	81	69	86
3	154	163	174
3	174	163	173
3	177	154	174
3	174	187	179
3	177	174	179
3	187	174	191
3	1806	1793	1823
3	1809	1819	1830
3	1819	1823	1834
3	1830	1819	1834
3	1834	1823	1847
3	1830	1834	1852
3	1840	1830	1857
3	1830	1852	1857
3	1852	1834	1855
3	1857	1852	1880
3	1880	1852	1888
3	1888	1881	1899
3	1911	1888	1899
3	1880	1888	1911
3	1911	1899	1912
3	1912	1899	1908
3	1912	1908	1924
3	1912	1919	1911
3	1912	1924	1934
3	1919	1912	1937
3	1935	1920	1930
3	1930	1919	1937
3	1912	1934	1937
3	1937	1934	1943
3	1934	1940	1943
3	1930	1937	1949
3	1937	1943	1958
3	1949	1937	1958
3	1949	1958	1962
3	1958	1943	1962
3	1943	1957	1970
3	1962	1943	1970
3	1962	1970	1974
3	1974	1970	1978
3	1974	1978	1989
3	34	15	36
3	69	63	77
3	63	72	77
3	69	77	86
3	77	94	86
3	86	94	107
3	97	86	112
3	86	107	112
3	115	97	112
3	107	120	124
3	112	107	124
3	112	124	115
3	115	124	145
3	124	136	145
3	124	129	148
3	136	124	148
3	143	115	145
3	136	148	154
3	145	136	154
3	154	148	163
3	143	145	160
3	145	154	160
3	160	154	177
3	177	179	183
3	183	179	198
3	179	187	255
3	187	191	255
3	198	179	255
3	255	191	230
3	198	255	230
3	198	230	325
3	325	230	408
3	349	325	433
3	325	408	423
3	423	408	467
3	325	423	433
3	349	433	432
3	473	432	433
3	423	467	433
3	433	467	584
3	433	584	473
3	1640	1585	1663
3	1615	1640	1664
3	1644	1664	1637
3	1664	1640	1690
3	1640	1663	1673
3	1664	1690	1637
3	1673	1663	1678
3	693	743	850
3	483	523	521
3	892	833	898
3	1012	1016	1104
3	220	218	213
3	1420	1354	1494
3	1484	1420	1494
3	649	715	722
3	1264	1267	1295
3	420	304	359
3	884	845	927
3	837	867	861
3	837	861	881
3	837	838	867
3	861	877	881
