3	1821	1844	1861
3	1821	1861	1873
3	1840	1821	1857
3	1835	1840	1853
3	1856	1834	1829
3	1808	1831	1864
3	1813	1820	1855
3	1845	1828	1865
3	1860	1840	1857
3	1846	1838	1862
3	1897	1917	1946
3	1912	1933	1947
3	1912	1939	1949
3	1941	1918	1938
3	1844	1858	1910
3	1907	1952	1956
3	1959	1909	1913
3	1943	1907	1956
3	1893	1845	1865
3	1922	1893	1865
3	1922	1891	1935
3	1891	1940	1935
3	1895	1937	1940
3	1936	1922	1935
3	1852	1882	1881
3	1855	1845	1893
3	1561	1558	1555
3	1882	1837	1924
3	1837	1887	1924
3	1887	1855	1893
3	1900	1881	1882
3	1887	1893	1924
3	1900	1882	1924
3	1921	1881	1900
3	1924	1893	1922
3	1900	1924	1921
3	1924	1922	1936
3	1924	1936	1921
3	1921	1950	1951
3	1852	1837	1882
3	1880	1861	1892
3	1892	1844	1910
3	1861	1844	1892
3	1880	1892	1906
3	1910	1927	1892
3	1892	1927	1906
3	1906	1927	1953
3	1857	1821	1873
3	1857	1873	1878
3	1873	1861	1880
3	1878	1873	1889
3	1873	1880	1889
3	1829	1846	1856
3	1856	1846	1879
3	1856	1879	1929
3	1907	1856	1916
3	1916	1856	1929
3	1879	1902	1929
3	1916	1929	1942
3	1916	1942	1952
3	1907	1916	1952
3	1929	1902	1942
3	1864	1831	1891
3	1922	1865	1864
3	1820	1845	1855
3	1901	1880	1906
3	1904	1901	1906
3	1901	1904	1915
3	1901	1915	1925
3	1915	1904	1945
3	1904	1906	1945
3	1945	1906	1953
3	1860	1857	1884
3	1868	1860	1884
3	1857	1878	1884
3	1878	1889	1901
3	1878	1901	1925
3	1911	1878	1925
3	1884	1878	1911
3	1889	1880	1901
3	1884	1923	1875
3	1884	1911	1923
3	1911	1925	1931
3	1914	1911	1931
3	1923	1911	1930
3	1931	1925	1915
3	1923	1930	1928
3	1915	1945	1931
3	1853	1860	1859
3	1859	1860	1868
3	1853	1859	1877
3	1868	1884	1875
3	1859	1863	1877
3	1877	1863	1908
3	1872	1877	1908
3	1908	1863	1905
3	1868	1875	1923
3	1928	1868	1923
3	1905	1928	1932
3	1908	1905	1920
3	1905	1932	1920
3	1838	1853	1877
3	1872	1838	1877
3	1846	1862	1879
3	1879	1862	1902
3	1902	1862	1872
3	1872	1908	1920
3	1872	1920	1902
3	1902	1920	1942
3	1911	1914	1930
3	1863	1859	1868
3	1905	1863	1868
3	1905	1868	1928
3	1899	1946	1961
3	1899	1961	1954
3	1961	1946	1917
3	1917	1947	1987
3	1903	1954	1973
3	1938	1903	1973
3	1954	1986	1973
3	1973	1986	1989
3	1954	1961	1986
3	1961	1917	1987
3	1989	1986	1992
3	1961	1987	1986
3	1987	1991	1994
3	1986	1987	1994
3	1994	1991	1983
3	1992	1986	1994
3	1947	1980	1987
3	1980	1933	1983
3	1933	1963	1983
3	1987	1980	1991
3	1980	1983	1991
3	1947	1933	1980
3	1949	1963	1933
3	1939	1951	1970
3	1949	1939	1970
3	1949	1970	1963
3	1948	1941	1978
3	1978	1941	1938
3	1948	1978	1975
3	1978	1938	1989
3	1989	1938	1973
3	1975	1978	1989
3	1975	1989	1992
3	1979	1985	1993
3	1985	1990	1993
3	1985	1975	1992
3	1990	1985	1992
3	1993	1990	1995
3	1990	1992	1995
3	1988	1993	1995
3	1992	1994	1995
3	1994	1983	1995
3	1967	1937	1960
3	1967	1960	1988
3	1967	1988	1963
3	1960	1979	1993
3	1963	1988	1983
3	1988	1960	1993
3	1983	1988	1995
3	1940	1937	1966
3	1970	1962	1966
3	1970	1951	1962
3	1937	1967	1966
3	1966	1967	1970
3	1967	1963	1970
3	1939	1926	1951
3	1951	1950	1962
3	1948	1955	1964
3	1919	1948	1934
3	1934	1948	1964
3	1977	1934	1964
3	1957	1956	1952
3	1964	1955	1957
3	1955	1956	1957
3	1955	1948	1975
3	1956	1955	1975
3	1956	1975	1982
3	1957	1974	1964
3	1984	1982	1975
3	1913	1943	1981
3	1943	1956	1982
3	1981	1943	1982
3	1959	1913	1981
3	1981	1982	1984
3	1959	1981	1979
3	1979	1981	1985
3	1985	1981	1984
3	1984	1975	1985
3	1944	1909	1959
3	1960	1944	1959
3	1937	1944	1960
3	1960	1959	1979
3	1935	1940	1966
3	1935	1966	1962
3	1950	1921	1936
3	1936	1962	1950
3	1962	1936	1935
3	1927	1934	1965
3	1953	1927	1965
3	1953	1965	1972
3	1945	1953	1972
3	1976	1972	1977
3	1965	1977	1972
3	1965	1934	1977
3	1974	1976	1977
3	1974	1977	1964
3	1969	1976	1974
3	1920	1958	1968
3	1942	1920	1968
3	1952	1968	1957
3	1952	1942	1968
3	1971	1968	1958
3	1958	1969	1971
3	1974	1957	1968
3	1968	1971	1974
3	1971	1969	1974
3	1928	1930	1969
3	1914	1931	1945
3	1930	1914	1976
3	1969	1930	1976
3	1914	1945	1972
3	1914	1972	1976
3	1932	1928	1969
3	1958	1932	1969
3	1920	1932	1958
3	64	48	78
3	87	112	158
3	53	112	87
3	53	80	112
3	55	52	80
3	53	55	80
3	42	52	55
3	113	111	181
3	68	134	168
3	111	68	168
3	113	69	111
3	69	68	111
3	61	69	113
3	61	57	69
3	57	46	69
3	36	46	57
3	64	101	134
3	68	64	134
3	68	46	64
3	46	68	69
3	46	48	64
3	73	85	176
3	41	85	73
3	50	73	72
3	32	50	72
3	42	32	52
3	52	143	80
3	143	52	72
3	153	202	170
3	153	105	202
3	105	113	202
3	71	105	153
3	105	61	113
3	71	59	105
3	59	61	105
3	58	59	71
3	36	57	61
3	58	37	59
3	37	58	44
3	59	36	61
3	45	54	175
3	28	54	45
3	45	175	159
3	85	67	145
3	145	67	159
3	67	45	159
3	41	67	85
3	67	26	45
3	41	26	67
3	72	73	144
3	50	41	73
3	122	71	153
3	81	71	122
3	104	139	155
3	139	81	122
3	104	81	139
3	77	51	104
3	104	51	81
3	58	71	81
3	51	44	81
3	44	58	81
3	77	137	169
3	77	169	130
3	54	161	175
3	161	54	130
3	54	47	130
3	47	77	130
3	51	77	47
3	28	47	54
3	135	160	165
3	135	117	160
3	82	117	135
3	160	117	166
3	117	142	124
3	117	124	166
3	137	104	155
3	77	104	137
3	116	135	197
3	141	116	197
3	116	82	135
3	79	92	142
3	117	79	142
3	83	82	116
3	94	83	116
3	79	76	93
3	76	79	117
3	76	82	83
3	76	83	94
3	76	117	82
3	140	123	167
3	172	123	164
3	123	148	164
3	123	125	148
3	133	147	173
3	133	121	147
3	147	141	173
3	147	93	141
3	93	116	141
3	114	93	147
3	96	93	114
3	93	94	116
3	96	79	93
3	93	76	94
3	92	98	206
3	98	106	182
3	1160	1151	1184
3	79	96	98
3	26	28	45
3	79	98	92
3	163	150	195
3	107	140	150
3	132	150	163
3	132	107	150
3	107	123	140
3	107	108	123
3	100	107	132
3	108	103	123
3	107	100	108
3	108	100	103
3	100	89	103
3	103	89	90
3	109	89	100
3	125	133	148
3	90	121	133
3	103	125	123
3	90	133	125
3	103	90	125
3	86	115	121
3	86	89	109
3	86	90	89
3	90	86	121
3	121	126	147
3	136	121	115
3	126	121	136
3	126	136	129
3	126	114	147
3	96	114	126
3	96	126	129
3	119	96	129
3	95	96	119
3	182	127	174
3	182	106	127
3	106	91	127
3	106	98	96
3	96	95	106
3	95	91	106
3	152	132	163
3	138	132	152
3	100	132	138
3	109	138	151
3	109	100	138
3	120	151	200
3	109	151	120
3	86	109	120
3	115	86	120
3	129	136	196
3	119	196	162
3	136	115	120
3	129	196	119
3	149	91	162
3	174	127	149
3	91	119	162
3	127	91	149
3	91	95	119
3	23	24	63
3	23	7	24
3	11	23	34
3	7	17	43
3	24	7	43
3	17	25	39
3	60	11	34
3	30	60	56
3	6	60	30
3	6	11	60
3	11	7	23
3	1	7	11
3	3	11	6
3	3	1	11
3	0	1	3
3	17	9	25
3	7	9	17
3	9	13	25
3	13	9	14
3	9	5	14
3	7	1	9
3	9	1	5
3	39	19	49
3	25	19	39
3	25	13	19
3	13	14	19
3	48	56	78
3	48	30	56
3	38	30	48
3	38	8	30
3	16	8	38
3	10	8	16
3	8	6	30
3	2	3	10
3	3	8	10
3	8	3	6
3	2	0	3
3	4	42	15
3	5	4	15
3	4	2	12
3	1	0	5
3	0	4	5
3	0	2	4
3	15	55	53
3	19	14	53
3	15	42	55
3	14	15	53
3	14	5	15
3	29	48	46
3	46	36	29
3	21	29	36
3	20	31	48
3	20	29	21
3	29	20	48
3	48	31	38
3	31	16	38
3	33	27	41
3	31	27	16
3	33	16	27
3	20	27	31
3	12	18	33
3	18	16	33
3	2	16	18
3	2	10	16
3	52	32	72
3	12	33	40
3	32	12	50
3	12	40	50
3	42	12	32
3	4	12	42
3	12	2	18
3	37	36	59
3	35	37	44
3	35	21	37
3	21	36	37
3	28	22	44
3	22	35	44
3	35	22	21
3	26	22	28
3	27	22	26
3	21	22	27
3	20	21	27
3	40	41	50
3	33	41	40
3	27	26	41
3	47	44	51
3	28	44	47
3	295	345	373
3	344	295	373
3	295	257	345
3	212	257	295
3	177	122	212
3	212	122	257
3	271	407	375
3	363	271	375
3	271	270	407
3	249	271	363
3	249	215	271
3	215	270	271
3	249	161	215
3	169	192	270
3	161	130	215
3	215	169	270
3	130	169	215
3	137	192	169
3	258	317	396
3	306	258	396
3	294	258	306
3	234	258	294
3	279	263	395
3	258	279	317
3	231	263	279
3	231	241	263
3	258	231	279
3	234	231	258
3	241	322	362
3	341	241	362
3	263	241	341
3	264	394	308
3	240	264	308
3	245	240	308
3	160	240	245
3	240	220	264
3	165	160	245
3	124	243	281
3	220	124	281
3	220	166	124
3	160	220	240
3	124	206	243
3	160	166	220
3	142	206	124
3	293	380	381
3	293	353	380
3	293	198	353
3	198	344	353
3	198	212	344
3	212	295	344
3	177	212	198
3	293	368	352
3	368	293	381
3	218	293	352
3	192	218	352
3	218	198	293
3	137	218	192
3	198	155	177
3	155	198	218
3	137	155	218
3	407	352	397
3	407	192	352
3	407	270	192
3	364	276	342
3	299	294	384
3	276	299	342
3	276	225	299
3	272	225	276
3	225	294	299
3	225	234	294
3	223	241	231
3	225	223	234
3	223	231	234
3	219	223	225
3	219	227	223
3	219	221	227
3	227	322	241
3	227	267	322
3	227	255	267
3	223	227	241
3	227	221	255
3	322	406	497
3	322	267	406
3	267	319	406
3	245	308	334
3	285	245	334
3	226	245	285
3	226	165	245
3	197	226	285
3	197	135	226
3	135	165	226
3	142	92	206
3	385	360	272
3	360	246	272
3	272	276	364
3	303	246	360
3	246	225	272
3	233	246	303
3	266	233	303
3	233	225	246
3	247	233	266
3	221	233	247
3	219	225	233
3	221	219	233
3	259	247	313
3	236	278	255
3	236	259	278
3	236	247	259
3	236	221	247
3	221	236	255
3	388	319	340
3	340	304	390
3	273	304	340
3	278	273	340
3	273	238	304
3	319	267	340
3	267	278	340
3	267	255	278
3	262	365	386
3	304	222	262
3	238	222	304
3	222	211	262
3	211	209	262
3	189	222	238
3	189	211	222
3	189	140	211
3	262	277	365
3	277	324	367
3	277	209	324
3	262	209	277
3	167	209	211
3	140	167	211
3	167	172	209
3	209	213	324
3	213	321	324
3	213	199	321
3	209	172	213
3	172	164	213
3	148	199	213
3	164	148	213
3	285	334	346
3	186	346	350
3	186	197	346
3	347	186	350
3	197	285	346
3	199	186	347
3	173	197	186
3	199	148	186
3	133	173	186
3	182	242	420
3	206	182	420
3	98	182	206
3	314	313	389
3	313	266	389
3	266	303	389
3	247	266	313
3	283	314	374
3	318	283	374
3	259	314	283
3	314	259	313
3	318	374	339
3	259	283	273
3	278	259	273
3	253	283	318
3	253	273	283
3	253	238	273
3	261	253	318
3	253	237	238
3	253	261	237
3	237	189	238
3	195	189	237
3	188	195	237
3	195	150	189
3	174	205	242
3	182	174	242
3	261	339	292
3	261	318	339
3	335	292	392
3	188	292	335
3	252	188	335
3	292	237	261
3	188	237	292
3	163	195	188
3	187	311	302
3	311	252	335
3	187	252	311
3	187	151	252
3	152	188	252
3	151	152	252
3	239	302	495
3	239	187	302
3	200	187	239
3	200	151	187
3	330	239	495
3	200	239	330
3	184	200	330
3	120	200	184
3	379	280	393
3	280	244	393
3	400	269	371
3	244	269	400
3	269	330	371
3	184	330	269
3	244	196	269
3	196	184	269
3	300	280	379
3	205	300	242
3	201	280	300
3	201	244	280
3	205	201	300
3	201	162	244
3	162	196	244
3	149	201	205
3	174	149	205
3	178	118	180
3	63	88	118
3	63	74	88
3	99	154	179
3	99	97	154
3	88	74	99
3	74	75	99
3	154	97	102
3	65	128	146
3	65	70	128
3	60	34	65
3	128	70	178
3	63	118	178
3	63	178	70
3	65	34	70
3	23	63	70
3	34	23	70
3	75	102	97
3	75	97	99
3	74	43	75
3	24	74	63
3	156	66	84
3	102	66	156
3	75	43	102
3	43	66	102
3	43	39	66
3	62	157	171
3	62	65	157
3	62	60	65
3	56	60	62
3	49	53	87
3	84	49	87
3	49	84	66
3	66	39	49
3	49	19	53
3	110	78	131
3	78	62	131
3	101	78	110
3	64	78	101
3	78	56	62
3	139	122	177
3	139	177	155
3	141	197	173
3	123	172	167
3	148	133	186
3	150	140	189
3	188	152	163
3	138	152	151
3	136	120	184
3	196	136	184
3	149	162	201
3	43	17	39
3	24	43	74
3	1334	1303	1336
3	1272	1303	1334
3	1241	1272	1334
3	1272	1276	1303
3	1276	1253	1303
3	1276	1277	1253
3	1277	1274	1253
3	1241	1214	1272
3	1272	1240	1276
3	1240	1277	1276
3	1284	1351	1390
3	1284	1273	1351
3	1273	1277	1307
3	1277	1273	1284
3	1274	1277	1284
3	206	420	377
3	350	346	398
3	321	199	428
3	277	367	365
3	304	262	386
3	206	377	243
3	398	346	334
3	384	294	306
3	299	384	342
3	368	397	352
3	344	383	418
3	381	380	405
3	220	281	403
3	263	341	399
3	317	279	395
3	395	263	399
3	396	317	395
3	363	375	391
3	344	373	383
3	264	220	403
3	354	356	337
3	369	354	413
3	359	369	433
3	446	535	543
3	483	562	678
3	466	453	528
3	442	486	493
3	442	398	486
3	476	486	456
3	506	456	486
3	486	398	585
3	398	490	585
3	506	486	585
3	529	506	585
3	347	350	446
3	199	347	428
3	347	446	428
3	350	442	446
3	350	398	442
3	446	442	493
3	446	493	535
3	415	321	428
3	324	321	415
3	367	324	415
3	415	428	473
3	367	415	457
3	428	446	546
3	473	428	546
3	415	473	457
3	546	446	564
3	446	543	564
3	457	473	572
3	572	473	546
3	365	367	460
3	367	457	460
3	460	457	602
3	460	602	611
3	386	365	489
3	304	386	390
3	386	489	390
3	388	340	390
3	435	388	390
3	450	385	364
3	360	385	483
3	450	364	512
3	364	342	512
3	342	515	512
3	483	385	562
3	385	450	562
3	562	450	606
3	450	512	606
3	512	605	606
3	534	482	569
3	482	550	569
3	534	569	563
3	480	436	482
3	436	518	482
3	482	518	550
3	410	453	466
3	423	410	436
3	436	410	466
3	436	466	518
3	368	401	410
3	401	368	405
3	368	381	405
3	397	368	410
3	410	401	453
3	401	405	453
3	453	405	447
3	380	425	405
3	380	404	425
3	405	425	447
3	447	425	479
3	447	479	532
3	479	531	532
3	425	404	452
3	425	452	514
3	479	425	514
3	479	514	531
3	514	452	579
3	452	538	579
3	377	470	491
3	491	470	529
3	243	377	491
3	394	459	481
3	529	585	577
3	491	529	586
3	586	529	577
3	490	459	585
3	585	459	586
3	334	308	394
3	334	394	481
3	398	334	490
3	334	481	490
3	490	481	459
3	496	365	460
3	365	496	489
3	390	489	556
3	489	496	556
3	496	460	611
3	435	390	556
3	435	556	600
3	435	319	388
3	406	319	461
3	406	461	497
3	319	435	461
3	497	461	561
3	461	435	600
3	384	306	424
3	342	384	438
3	342	438	515
3	384	424	537
3	438	384	537
3	537	424	540
3	565	438	537
3	515	438	565
3	540	547	537
3	537	547	558
3	558	582	594
3	472	516	520
3	472	480	534
3	472	534	516
3	480	482	534
3	520	516	551
3	547	551	558
3	547	548	551
3	551	548	553
3	520	551	553
3	551	516	582
3	558	551	582
3	516	563	582
3	516	534	563
3	409	407	414
3	409	414	422
3	414	423	436
3	422	414	436
3	409	422	480
3	422	436	480
3	472	409	480
3	414	407	423
3	407	397	423
3	397	410	423
3	353	344	404
3	404	344	418
3	353	404	380
3	383	373	419
3	452	404	418
3	418	383	507
3	383	487	507
3	452	418	538
3	538	418	507
3	507	487	538
3	487	541	538
3	281	243	403
3	394	264	417
3	264	403	417
3	449	417	403
3	403	243	491
3	459	394	417
3	459	417	449
3	403	491	590
3	590	491	586
3	586	459	590
3	362	497	485
3	485	497	561
3	527	485	561
3	362	322	497
3	341	362	399
3	362	462	399
3	362	485	462
3	399	462	523
3	485	527	462
3	411	395	492
3	395	399	492
3	492	399	523
3	396	395	411
3	424	306	434
3	306	396	434
3	396	411	464
3	434	396	464
3	464	411	501
3	424	434	494
3	494	434	503
3	434	464	503
3	517	494	503
3	494	517	540
3	424	494	540
3	517	503	609
3	542	540	517
3	540	542	547
3	542	548	547
3	548	542	567
3	542	517	609
3	583	542	609
3	567	542	583
3	503	555	609
3	441	472	520
3	409	472	441
3	513	441	520
3	513	520	553
3	488	513	553
3	553	548	567
3	576	553	567
3	488	553	576
3	375	407	409
3	391	375	409
3	421	391	441
3	391	409	441
3	421	441	513
3	419	373	345
3	383	419	487
3	419	451	508
3	487	419	508
3	487	508	541
3	541	508	612
3	508	592	612
3	508	451	592
3	449	403	590
3	501	411	492
3	464	501	575
3	574	464	575
3	598	501	492
3	503	464	555
3	555	464	574
3	522	488	557
3	522	557	544
3	557	488	576
3	544	557	599
3	363	391	349
3	349	391	421
3	448	349	454
3	349	421	454
3	448	454	522
3	454	421	488
3	454	488	522
3	421	513	488
3	448	522	509
3	286	357	463
3	345	286	451
3	451	286	370
3	370	286	463
3	419	345	451
3	451	370	505
3	478	370	463
3	370	478	505
3	623	505	478
3	451	505	592
3	468	448	509
3	468	509	552
3	509	522	544
3	509	536	587
3	552	509	587
3	509	544	601
3	430	369	413
3	354	337	413
3	413	337	448
3	413	448	468
3	430	413	468
3	430	468	526
3	323	359	433
3	1273	1338	1351
3	1332	1341	1354
3	1335	1318	1378
3	1318	1332	1354
3	1318	1229	1332
3	1244	1318	1335
3	1222	1244	1335
3	1244	1229	1318
3	1222	1152	1244
3	1152	1229	1244
3	1278	1341	1332
3	1278	1321	1359
3	1339	1278	1359
3	1278	1339	1341
3	1229	1278	1332
3	1278	1128	1321
3	1195	1128	1278
3	1278	1013	1195
3	1229	1013	1278
3	1152	1013	1229
3	1266	1175	1321
3	1128	1266	1321
3	1128	1132	1266
3	1280	1293	1366
3	1321	1280	1366
3	1280	1249	1293
3	1221	1294	1293
3	1225	1249	1280
3	1221	1267	1294
3	1249	1221	1293
3	1171	1221	1249
3	1171	1162	1221
3	1221	1162	1267
3	1138	1162	1171
3	1138	1063	1162
3	1282	1260	1323
3	1302	1333	1387
3	1302	1254	1333
3	1260	1302	1344
3	1199	1302	1260
3	1199	1187	1302
3	1187	1254	1302
3	1254	1169	1315
3	1169	1288	1315
3	1169	1241	1288
3	1169	1214	1241
3	1169	1164	1197
3	1187	1169	1254
3	1167	1169	1187
3	1164	1168	1197
3	1167	1164	1169
3	1214	1240	1272
3	1307	1277	1298
3	1277	1240	1298
3	1240	1219	1298
3	1197	1219	1240
3	1214	1197	1240
3	1197	1214	1169
3	1197	1168	1219
3	1307	1298	1348
3	1307	1348	1407
3	1338	1307	1407
3	1219	1292	1348
3	1298	1219	1348
3	1338	1273	1307
3	1381	1338	1407
3	1263	1262	1373
3	1263	1373	1392
3	1309	1263	1392
3	1210	1262	1263
3	1262	1222	1335
3	1210	1222	1262
3	1105	1010	1210
3	1062	1222	1210
3	1010	1062	1210
3	1062	1013	1152
3	1062	1152	1222
3	1294	1258	1425
3	1258	1319	1425
3	1258	1216	1319
3	1192	1216	1258
3	1267	1258	1294
3	1192	1258	1267
3	1162	1192	1267
3	1063	1125	1162
3	1162	1125	1192
3	1065	1147	1216
3	1192	1065	1216
3	1251	1311	1364
3	1311	1433	1364
3	1311	1282	1433
3	1200	1282	1311
3	1248	1200	1311
3	1282	1220	1260
3	1200	1220	1282
3	1200	1180	1220
3	1199	1260	1220
3	1180	1163	1220
3	1220	1163	1199
3	1167	1187	1199
3	1155	1163	1180
3	1163	1137	1199
3	1137	1167	1199
3	1137	1163	1155
3	1168	1140	1190
3	1137	1164	1167
3	1164	1136	1168
3	1136	1123	1140
3	1168	1136	1140
3	1164	1137	1136
3	1292	1252	1353
3	1292	1201	1252
3	1219	1201	1292
3	1201	1190	1252
3	1168	1190	1201
3	1168	1201	1219
3	1255	1309	1340
3	1320	1255	1340
3	1255	1263	1309
3	1177	1320	1299
3	1255	1105	1263
3	1105	1210	1263
3	1106	1105	1255
3	1320	1106	1255
3	1177	1106	1320
3	1106	1044	1105
3	1104	1106	1177
3	1340	1349	1320
3	1127	1331	1356
3	1216	1147	1319
3	1147	1127	1356
3	1111	1127	1147
3	1065	1111	1147
3	1239	1330	1393
3	1331	1239	1393
3	1127	1112	1331
3	1112	1239	1331
3	1239	1146	1330
3	1112	1146	1239
3	1112	1092	1146
3	1196	1374	1371
3	1330	1196	1384
3	1101	1191	1374
3	1196	1101	1374
3	1146	1196	1330
3	1101	1116	1191
3	1146	1120	1196
3	1120	1101	1196
3	1191	1268	1313
3	1116	1268	1191
3	1116	1083	1108
3	1291	1238	1365
3	1238	1250	1365
3	1185	1250	1238
3	1326	1251	1350
3	1223	1251	1326
3	1250	1223	1326
3	1251	1248	1311
3	1223	1248	1251
3	1185	1223	1250
3	1185	1160	1223
3	1160	1184	1223
3	1233	1234	1184
3	1234	1248	1223
3	1184	1234	1223
3	1234	1200	1248
3	1194	1233	1242
3	1233	1194	1234
3	1194	1180	1234
3	1180	1200	1234
3	1186	1242	1297
3	1186	1170	1242
3	1170	1194	1242
3	1170	1155	1194
3	1155	1180	1194
3	1165	1123	1186
3	1123	1170	1186
3	1123	1155	1170
3	1279	1324	1431
3	1324	1228	1186
3	1279	1431	1252
3	1190	1279	1252
3	1279	1228	1324
3	1190	1182	1279
3	1182	1228	1279
3	1140	1182	1190
3	1182	1165	1186
3	1140	1165	1182
3	1140	1123	1165
3	1305	1367	1408
3	1305	1296	1367
3	1296	1299	1361
3	1156	1296	1305
3	1178	1156	1305
3	1296	1177	1299
3	1156	1177	1296
3	1104	1177	1156
3	1142	1156	1178
3	1156	1086	1104
3	1142	1086	1156
3	1300	1397	1313
3	1268	1300	1313
3	1268	1235	1300
3	1116	1235	1268
3	1108	1134	1235
3	1116	1108	1235
3	1283	1236	1317
3	1235	1134	1300
3	1134	1283	1300
3	1202	1236	1283
3	1202	1172	1236
3	1134	1202	1283
3	1202	1070	1172
3	1134	1039	1202
3	1039	1070	1202
3	1236	1406	1317
3	1236	1204	1406
3	1109	1204	1236
3	1172	1109	1236
3	1109	1158	1204
3	1070	1109	1172
3	1109	1060	1158
3	1203	1158	1416
3	1158	1291	1416
3	1158	1117	1291
3	1082	1117	1158
3	1204	1158	1203
3	1117	1238	1291
3	1117	1185	1238
3	1117	1118	1185
3	1141	1160	1118
3	1118	1160	1185
3	1141	1151	1160
3	1141	1107	1176
3	1141	1176	1151
3	1242	1233	1264
3	1233	1231	1264
3	1231	1233	1184
3	1231	1230	1264
3	1151	1230	1231
3	1184	1151	1231
3	1360	1186	1297
3	1242	1347	1375
3	1297	1242	1375
3	1242	1264	1347
3	1324	1186	1360
3	1343	1305	1408
3	1198	1193	1343
3	1193	1305	1343
3	1178	1305	1193
3	1997	1193	1198
3	1193	1142	1178
3	1997	1142	1193
3	1090	1997	1103
3	1325	1204	1259
3	1257	1232	1261
3	1151	1215	1230
3	1230	1215	1256
3	1103	1997	1198
3	992	1128	1195
3	1013	992	1195
3	1125	1065	1192
3	1111	1042	1127
3	1127	1042	1112
3	1120	1146	1092
3	1069	1116	1101
3	1098	1118	1117
3	1096	1141	1118
3	1030	1142	1997
3	1090	1030	1997
3	1540	1530	1597
3	1593	1648	1630
3	1596	1493	1630
3	1493	1593	1630
3	1593	1540	1597
3	1540	1593	1493
3	1544	1493	1596
3	1722	1695	1700
3	1611	1589	1695
3	1656	1611	1695
3	1519	1589	1611
3	1517	1519	1611
3	1580	1517	1611
3	1662	1698	1700
3	1695	1589	1700
3	1589	1662	1700
3	1729	1692	1734
3	1692	1704	1734
3	1698	1692	1729
3	1692	1682	1704
3	1682	1629	1704
3	1629	1614	1704
3	1597	1629	1682
3	1530	1614	1629
3	1530	1629	1597
3	1545	1614	1530
3	1520	1506	1560
3	1520	1560	1588
3	1999	1520	1588
3	1619	1658	1696
3	1560	1619	1588
3	1619	1566	1658
3	1566	1631	1658
3	1566	1554	1631
3	1619	1560	1566
3	1560	1488	1566
3	1506	1488	1560
3	1658	1724	1696
3	1658	1632	1724
3	1658	1631	1632
3	1632	1604	1665
3	1572	1632	1631
3	1572	1604	1632
3	1554	1572	1631
3	1604	1681	1690
3	1665	1604	1690
3	1525	1681	1604
3	1572	1525	1604
3	1572	1553	1525
3	1525	1594	1681
3	1498	1497	1534
3	1497	1673	1623
3	1497	1620	1673
3	1534	1497	1623
3	1673	1620	1666
3	1644	1634	1683
3	1666	1620	1644
3	1620	1634	1644
3	1580	1634	1620
3	1474	1580	1620
3	1474	1620	1497
3	1466	1580	1474
3	1466	1517	1580
3	1656	1695	1722
3	1667	1656	1722
3	1657	1667	1659
3	1657	1634	1667
3	1634	1656	1667
3	1580	1611	1656
3	1580	1656	1634
3	1685	1667	1722
3	1691	1590	1685
3	1685	1659	1667
3	1627	1685	1590
3	1627	1659	1685
3	1627	1615	1659
3	1615	1657	1659
3	1614	1691	1704
3	1614	1636	1691
3	1691	1636	1590
3	1548	1590	1636
3	1614	1505	1636
3	1505	1548	1636
3	1505	1487	1548
3	1545	1505	1614
3	1645	1732	1735
3	1708	1645	1735
3	1635	1645	1708
3	1645	1619	1717
3	1645	1588	1619
3	1635	1515	1645
3	1515	1524	1645
3	1524	1588	1645
3	1999	1588	1524
3	1619	1696	1717
3	1714	1665	1690
3	1632	1665	1714
3	1736	1703	1730
3	1690	1681	1736
3	1594	1736	1681
3	1594	1703	1736
3	1594	1513	1703
3	1513	1549	1703
3	1452	1513	1594
3	1715	1623	1745
3	1715	1534	1623
3	1649	1607	1715
3	1607	1534	1715
3	1511	1607	1649
3	1511	1534	1607
3	1484	1511	1649
3	1623	1720	1745
3	1623	1673	1720
3	1663	1664	1728
3	1702	1663	1728
3	1644	1702	1666
3	1702	1683	1663
3	1644	1683	1702
3	1683	1657	1663
3	1634	1657	1683
3	1697	1664	1663
3	1657	1615	1663
3	1663	1615	1697
3	1598	1531	1697
3	1615	1598	1697
3	1627	1527	1615
3	1590	1548	1627
3	1548	1527	1627
3	1527	1598	1615
3	1477	1531	1598
3	1527	1477	1598
3	1495	1515	1635
3	1600	1495	1635
3	1495	1600	1602
3	1495	1998	1515
3	1719	1669	1708
3	1600	1635	1708
3	1669	1600	1708
3	1602	1600	1669
3	1730	1672	1727
3	1703	1672	1730
3	1672	1651	1710
3	1672	1653	1651
3	1703	1549	1672
3	1549	1653	1672
3	1549	1650	1653
3	1549	1578	1650
3	1549	1512	1578
3	1512	1617	1578
3	1512	1558	1617
3	1670	1567	1693
3	1567	1649	1693
3	1419	1567	1595
3	1567	1484	1649
3	1532	1419	1595
3	1419	1484	1567
3	1649	1758	1693
3	1758	1649	1715
3	1664	1609	1680
3	1571	1609	1664
3	1571	1664	1697
3	1609	1639	1680
3	1531	1571	1697
3	1609	1551	1639
3	1571	1551	1609
3	1571	1482	1551
3	1531	1482	1571
3	1641	1542	1637
3	1584	1542	1641
3	1542	1602	1637
3	1465	1602	1542
3	1465	1495	1602
3	1712	1669	1719
3	1637	1669	1712
3	1641	1637	1712
3	1637	1602	1669
3	1651	1723	1744
3	1651	1687	1723
3	1710	1651	1744
3	1651	1583	1687
3	1650	1617	1653
3	1653	1617	1651
3	1651	1577	1583
3	1617	1577	1651
3	1578	1617	1650
3	1558	1577	1617
3	1599	1581	1618
3	1581	1616	1618
3	1510	1616	1581
3	1510	1543	1616
3	1599	1586	1581
3	1555	1510	1581
3	1561	1555	1586
3	1586	1555	1581
3	1701	1670	1739
3	1595	1567	1670
3	1670	1693	1739
3	1616	1670	1701
3	1618	1616	1701
3	1616	1595	1670
3	1616	1532	1595
3	1543	1532	1616
3	1639	1706	1707
3	1680	1639	1707
3	1639	1625	1706
3	1503	1625	1639
3	1551	1503	1639
3	1442	1503	1551
3	1621	1584	1641
3	1547	1584	1621
3	1547	1464	1584
3	1464	1542	1584
3	1621	1641	1750
3	1740	1718	1725
3	1711	1678	1755
3	1711	1755	1762
3	1687	1605	1711
3	1583	1605	1687
3	1582	1605	1583
3	1582	1528	1605
3	1518	1528	1582
3	1550	1561	1586
3	1561	1582	1583
3	1561	1583	1577
3	1562	1550	1586
3	1556	1599	1626
3	1556	1562	1586
3	1556	1586	1599
3	1564	1526	1556
3	1500	1526	1564
3	1674	1618	1701
3	1626	1599	1618
3	1564	1556	1626
3	1706	1652	1733
3	1625	1652	1706
3	1502	1547	1621
3	1493	1457	1540
3	1470	1530	1540
3	1488	1554	1566
3	1491	1572	1554
3	1499	1558	1512
3	1482	1442	1551
3	1562	1480	1550
3	1480	1489	1550
3	1561	1550	1582
3	1556	1486	1562
3	470	506	529
3	445	506	470
3	445	456	506
3	420	445	470
3	377	420	470
3	528	532	596
3	447	532	528
3	578	528	596
3	466	528	578
3	453	447	528
3	593	466	578
3	518	466	593
3	570	483	678
3	510	483	570
3	360	483	510
3	510	570	571
3	477	510	571
3	477	389	510
3	471	389	477
3	374	389	471
3	303	360	510
3	389	303	510
3	471	477	539
3	339	374	471
3	535	493	519
3	467	549	581
3	519	467	581
3	476	467	519
3	1319	1147	1396
3	1147	1356	1396
3	1433	1282	1323
3	1251	1364	1350
3	1349	1340	1401
3	1344	1302	1387
3	1293	1294	1380
3	1351	1338	1363
3	1312	1284	1390
3	1329	1281	1383
3	1461	1541	1576
3	1541	1446	1496
3	1443	1314	1603
3	1314	1485	1603
3	1437	1500	1564
3	1479	1547	1502
3	1326	1350	1415
3	1441	1444	1501
3	1444	1384	1525
3	1553	1441	1501
3	1501	1444	1525
3	1501	1525	1553
3	1356	1331	1393
3	1356	1393	1430
3	1430	1393	1441
3	1396	1356	1491
3	1553	1430	1441
3	1356	1430	1491
3	1491	1430	1572
3	1572	1430	1553
3	1425	1319	1396
3	1506	1425	1396
3	1488	1396	1491
3	1506	1396	1488
3	1488	1491	1554
3	1399	1438	1412
3	1412	1438	1520
3	1450	1412	1520
3	1520	1438	1506
3	1438	1476	1506
3	1450	1520	1999
3	1440	1450	1999
3	1320	1349	1412
3	1320	1412	1440
3	1299	1320	1440
3	1349	1399	1412
3	1412	1450	1440
3	1292	1353	1395
3	1457	1470	1540
3	1395	1353	1470
3	1353	1481	1470
3	1470	1481	1545
3	1470	1545	1530
3	1433	1323	1414
3	1433	1455	1490
3	1433	1414	1455
3	1490	1455	1519
3	1350	1364	1490
3	1364	1433	1490
3	1490	1466	1350
3	1350	1466	1474
3	1517	1466	1490
3	1517	1490	1519
3	1294	1425	1380
3	1380	1425	1422
3	1422	1425	1460
3	1425	1506	1460
3	1476	1460	1506
3	1339	1359	1438
3	1438	1359	1424
3	1424	1422	1476
3	1422	1460	1476
3	1438	1424	1476
3	1341	1339	1394
3	1399	1349	1401
3	1399	1401	1394
3	1399	1394	1438
3	1394	1339	1438
3	1449	1394	1401
3	1462	1394	1449
3	1340	1309	1392
3	1340	1392	1449
3	1401	1340	1449
3	1449	1392	1471
3	1341	1394	1462
3	1471	1392	1507
3	1462	1449	1471
3	1363	1338	1381
3	1469	1363	1544
3	1363	1381	1544
3	1381	1493	1544
3	1348	1292	1395
3	1348	1395	1407
3	1407	1395	1470
3	1457	1407	1470
3	1381	1407	1457
3	1381	1457	1493
3	1344	1387	1409
3	1409	1387	1448
3	1459	1448	1387
3	1514	1448	1459
3	1514	1557	1535
3	1514	1459	1563
3	1260	1344	1409
3	1323	1260	1409
3	1323	1409	1414
3	1409	1448	1414
3	1414	1448	1535
3	1455	1414	1535
3	1448	1514	1535
3	1455	1535	1519
3	1366	1293	1380
3	1366	1380	1422
3	1366	1422	1424
3	1321	1366	1424
3	1359	1321	1424
3	1318	1354	1378
3	1354	1341	1462
3	1354	1462	1451
3	1262	1335	1378
3	1262	1378	1373
3	1996	1373	1378
3	1378	1354	1451
3	1392	1373	1507
3	1373	1996	1507
3	1351	1363	1390
3	1390	1363	1469
3	1390	1469	1591
3	1529	1390	1591
3	1334	1336	1434
3	1288	1358	1405
3	1315	1288	1405
3	1428	1315	1405
3	1333	1315	1428
3	1358	1334	1436
3	1334	1434	1436
3	1405	1436	1522
3	1428	1405	1522
3	1436	1434	1537
3	1428	1522	1516
3	1436	1537	1522
3	1387	1333	1428
3	1387	1428	1459
3	1459	1428	1516
3	1312	1390	1391
3	1391	1390	1529
3	1391	1529	1552
3	1492	1329	1383
3	1336	1329	1434
3	1329	1492	1434
3	1492	1383	1427
3	1427	1435	1494
3	1434	1492	1537
3	1492	1494	1521
3	1537	1492	1521
3	1492	1427	1494
3	1306	1312	1391
3	1475	1391	1552
3	1376	1306	1391
3	1383	1304	1435
3	1475	1376	1391
3	1304	1342	1447
3	1435	1304	1447
3	1383	1435	1427
3	1342	1376	1454
3	1342	1454	1447
3	1447	1454	1435
3	1376	1475	1454
3	1454	1475	1539
3	1435	1454	1523
3	1435	1523	1533
3	1494	1435	1533
3	1342	1301	1376
3	1454	1539	1523
3	1546	1461	1576
3	1541	1496	1565
3	1541	1565	1633
3	1541	1633	1660
3	1576	1541	1660
3	1574	1504	1610
3	1504	1538	1610
3	1565	1496	1574
3	1610	1538	1643
3	1633	1565	1574
3	1574	1610	1643
3	1633	1574	1643
3	1538	1568	1643
3	1568	1646	1643
3	1643	1646	1679
3	1568	1411	1585
3	1568	1585	1646
3	1485	1676	1603
3	1485	1559	1640
3	1603	1676	1622
3	1676	1485	1640
3	1559	1437	1587
3	1437	1564	1587
3	1528	1478	1573
3	1573	1478	1546
3	1573	1546	1592
3	1546	1576	1592
3	1528	1573	1605
3	1573	1592	1605
3	1592	1576	1678
3	1592	1678	1605
3	1605	1678	1711
3	1576	1660	1699
3	1660	1633	1686
3	1576	1699	1678
3	1660	1686	1699
3	1633	1643	1731
3	1633	1731	1686
3	1643	1713	1731
3	1646	1624	1679
3	1643	1679	1713
3	1411	1463	1585
3	1463	1502	1585
3	1585	1502	1624
3	1624	1502	1655
3	1585	1624	1646
3	1502	1621	1655
3	1503	1536	1625
3	1536	1508	1622
3	1536	1622	1625
3	1625	1622	1652
3	1508	1443	1603
3	1508	1603	1622
3	1652	1622	1689
3	1733	1652	1689
3	1640	1661	1676
3	1622	1676	1705
3	1689	1622	1705
3	1559	1587	1640
3	1587	1564	1626
3	1640	1587	1674
3	1587	1626	1674
3	1626	1618	1674
3	1661	1640	1674
3	493	476	519
3	486	476	493
3	476	393	467
3	456	393	476
3	379	393	456
3	412	456	445
3	412	379	456
3	445	300	412
3	420	300	445
3	242	300	420
3	545	498	539
3	471	539	498
3	416	471	498
3	416	339	471
3	560	498	545
3	392	498	560
3	292	416	498
3	392	292	498
3	339	416	292
3	499	560	597
3	444	499	615
3	499	392	560
3	335	392	499
3	444	335	499
3	595	444	615
3	573	427	595
3	427	444	595
3	302	427	573
3	311	444	427
3	311	335	444
3	427	302	311
3	554	573	588
3	554	495	573
3	495	302	573
3	467	431	549
3	549	437	554
3	437	495	554
3	431	437	549
3	371	437	431
3	437	371	495
3	393	431	467
3	431	400	371
3	400	431	393
3	235	232	351
3	232	290	351
3	232	256	290
3	290	256	358
3	256	228	358
3	358	228	333
3	256	194	228
3	232	194	256
3	333	179	289
3	228	179	333
3	230	387	355
3	180	235	193
3	128	193	296
3	178	180	193
3	118	232	235
3	180	118	235
3	232	88	194
3	194	179	228
3	99	179	194
3	289	179	291
3	291	183	329
3	179	154	291
3	154	183	291
3	154	102	183
3	230	128	296
3	310	224	265
3	274	128	230
3	128	274	224
3	157	146	224
3	128	178	193
3	146	128	224
3	301	355	382
3	326	301	382
3	301	274	355
3	265	274	301
3	274	230	355
3	224	274	265
3	328	326	408
3	287	328	408
3	328	325	326
3	328	336	325
3	305	301	325
3	301	326	325
3	287	288	328
3	329	183	287
3	183	204	287
3	287	204	288
3	156	204	183
3	183	102	156
3	156	185	204
3	312	224	310
3	208	224	312
3	171	224	208
3	171	157	224
3	298	297	305
3	310	297	312
3	305	297	310
3	265	301	305
3	265	305	310
3	328	288	366
3	336	305	325
3	336	328	366
3	320	336	366
3	298	336	320
3	298	305	336
3	366	361	320
3	288	204	366
3	185	158	366
3	185	84	158
3	229	312	307
3	229	208	312
3	110	229	210
3	131	208	229
3	131	171	208
3	254	332	338
3	307	332	229
3	307	338	332
3	307	309	338
3	297	309	307
3	297	298	309
3	312	297	307
3	254	210	229
3	190	110	210
3	372	378	376
3	361	372	376
3	343	361	376
3	338	309	376
3	309	343	376
3	343	320	361
3	309	298	343
3	298	320	343
3	361	331	372
3	331	361	366
3	158	331	366
3	158	251	331
3	158	191	251
3	275	348	357
3	327	323	348
3	275	327	348
3	214	369	359
3	268	214	359
3	327	268	323
3	323	268	359
3	111	268	327
3	168	217	268
3	111	168	268
3	111	327	275
3	181	111	275
3	168	134	217
3	369	260	354
3	214	260	369
3	268	217	214
3	190	260	214
3	134	190	214
3	217	134	214
3	134	101	190
3	354	250	356
3	260	315	354
3	315	316	354
3	282	316	315
3	284	250	316
3	284	254	338
3	284	316	254
3	316	282	254
3	260	282	315
3	210	254	282
3	145	203	356
3	284	176	250
3	210	260	190
3	176	145	356
3	176	356	250
3	376	378	338
3	248	378	372
3	378	284	338
3	248	284	378
3	251	248	372
3	144	284	248
3	144	216	284
3	216	176	284
3	144	73	216
3	73	176	216
3	331	251	372
3	191	248	251
3	191	144	248
3	158	112	191
3	345	170	286
3	286	275	357
3	286	202	275
3	257	170	345
3	170	202	286
3	153	170	257
3	202	181	275
3	203	207	337
3	337	249	349
3	207	249	337
3	349	249	363
3	175	249	207
3	249	175	161
3	203	159	207
3	145	159	203
3	159	175	207
3	122	153	257
3	374	314	389
3	300	379	412
3	371	330	495
3	118	88	232
3	88	99	194
3	65	146	157
3	156	84	185
3	131	62	171
3	87	158	84
3	110	131	229
3	101	110	190
3	202	113	181
3	85	145	176
3	72	144	191
3	143	72	191
3	80	143	191
3	112	80	191
3	718	703	706
3	662	718	706
3	614	706	763
3	731	614	763
3	614	662	706
3	579	614	652
3	514	579	652
3	709	653	651
3	582	653	709
3	550	651	653
3	569	550	653
3	563	569	653
3	582	563	653
3	637	746	701
3	637	681	746
3	582	709	681
3	594	582	681
3	637	594	681
3	665	701	774
3	713	665	774
3	665	637	701
3	665	565	637
3	605	665	713
3	605	515	665
3	515	565	665
3	713	774	789
3	747	698	762
3	698	713	789
3	650	698	747
3	650	713	698
3	726	650	747
3	678	650	726
3	1155	1123	1137
3	650	605	713
3	678	606	650
3	1204	1325	1406
3	562	606	678
3	726	747	772
3	686	717	761
3	754	686	761
3	682	686	754
3	603	686	682
3	686	730	717
3	686	689	730
3	686	603	689
3	603	616	689
3	611	616	603
3	730	689	719
3	689	620	719
3	616	620	689
3	620	572	719
3	572	649	719
3	611	620	616
3	611	602	620
3	620	602	572
3	642	546	564
3	546	642	649
3	572	546	649
3	712	652	731
3	652	614	731
3	734	712	794
3	636	712	734
3	685	636	734
3	514	652	712
3	625	636	685
3	636	514	712
3	531	636	625
3	531	514	636
3	628	625	685
3	596	625	628
3	596	532	625
3	532	531	625
3	711	578	628
3	578	596	628
3	720	723	725
3	723	661	711
3	720	661	723
3	661	578	711
3	593	661	720
3	593	578	661
3	550	720	725
3	550	593	720
3	550	518	593
3	709	767	773
3	651	725	767
3	709	651	767
3	651	550	725
3	765	709	773
3	746	681	765
3	681	709	765
3	679	678	726
3	570	678	679
3	680	726	772
3	728	680	776
3	694	726	680
3	694	679	726
3	643	694	680
3	643	679	694
3	643	570	679
3	571	570	643
3	664	728	779
3	684	664	779
3	664	680	728
3	545	664	684
3	664	643	680
3	545	613	664
3	613	643	664
3	761	717	715
3	715	684	779
3	715	644	684
3	677	644	715
3	710	699	730
3	730	699	717
3	699	715	717
3	699	677	715
3	677	699	710
3	730	719	710
3	719	687	710
3	674	710	687
3	676	674	687
3	719	649	687
3	649	642	687
3	642	676	687
3	642	656	676
3	656	581	676
3	581	626	676
3	642	564	656
3	564	535	656
3	564	543	535
3	519	581	656
3	628	685	748
3	628	798	805
3	628	748	798
3	711	628	805
3	644	545	684
3	560	545	644
3	597	644	677
3	560	644	597
3	663	677	710
3	674	663	710
3	595	663	674
3	595	615	663
3	663	597	677
3	615	597	663
3	626	674	676
3	588	595	674
3	626	588	674
3	626	549	588
3	573	595	588
3	554	588	549
3	581	549	626
3	193	432	440
3	235	432	193
3	500	484	502
3	511	484	500
3	500	475	511
3	432	426	440
3	440	426	504
3	504	426	502
3	429	475	500
3	426	500	502
3	429	290	475
3	426	429	500
3	351	290	429
3	426	351	429
3	511	458	525
3	484	511	525
3	511	475	458
3	358	289	474
3	458	358	474
3	290	458	475
3	333	289	358
3	290	358	458
3	474	289	455
3	387	440	504
3	296	193	440
3	387	296	440
3	521	504	502
3	382	504	521
3	402	521	484
3	402	382	521
3	382	387	504
3	382	355	387
3	474	443	525
3	443	474	455
3	443	408	525
3	408	402	484
3	289	329	455
3	329	443	455
3	289	291	329
3	329	408	443
3	530	524	580
3	329	287	408
3	530	589	568
3	439	559	533
3	559	469	566
3	566	526	591
3	623	463	633
3	623	478	463
3	633	357	533
3	357	465	533
3	533	465	439
3	439	469	559
3	439	433	469
3	323	433	439
3	357	439	465
3	357	348	439
3	348	323	439
3	469	433	566
3	430	526	566
3	433	430	566
3	433	369	430
3	526	468	552
3	505	623	608
3	463	357	633
3	603	496	611
3	577	585	586
3	579	538	614
3	512	515	605
3	457	572	602
3	539	477	643
3	477	571	643
3	613	539	643
3	535	519	656
3	539	613	545
3	499	597	615
3	235	351	432
3	432	351	426
3	387	230	296
3	326	382	402
3	326	402	408
3	1891	1895	1940
3	1864	1891	1922
3	1937	1895	1944
3	1895	1871	1944
3	1871	1909	1944
3	1909	1869	1913
3	1832	1869	1909
3	1871	1832	1909
3	1895	1831	1871
3	1833	1832	1871
3	1831	1843	1871
3	1792	1843	1831
3	1898	1943	1913
3	1898	1907	1943
3	1869	1898	1913
3	1870	1856	1898
3	1869	1870	1898
3	1870	1834	1856
3	1832	1830	1869
3	1869	1830	1870
3	1927	1883	1934
3	1910	1883	1927
3	1883	1919	1934
3	1858	1883	1910
3	1575	1529	1591
3	1516	1522	1570
3	1459	1516	1563
3	1738	1740	1725
3	1676	1661	1705
3	1661	1674	1742
3	1674	1701	1741
3	1674	1741	1742
3	1718	1740	1726
3	1687	1726	1723
3	1726	1740	1756
3	1655	1621	1750
3	1898	1856	1907
3	1743	1680	1707
3	1664	1680	1743
3	1662	1589	1557
3	1471	1507	1579
3	1593	1642	1648
3	1593	1597	1642
3	1642	1597	1647
3	1648	1642	1638
3	1647	1597	1682
3	1647	1682	1698
3	1563	1570	1662
3	1570	1698	1662
3	1570	1628	1698
3	1628	1647	1698
3	1698	1682	1692
3	1557	1514	1563
3	1589	1535	1557
3	1557	1563	1662
3	1519	1535	1589
3	1451	1462	1579
3	1462	1471	1579
3	1378	1451	1996
3	1507	1996	1579
3	1451	1579	1996
3	1469	1544	1596
3	1591	1469	1596
3	1575	1596	1613
3	1596	1630	1613
3	1630	1648	1613
3	1613	1648	1688
3	1648	1668	1688
3	1537	1569	1601
3	1628	1601	1569
3	1628	1569	1638
3	1647	1628	1638
3	1648	1638	1668
3	1638	1569	1654
3	1642	1647	1638
3	1638	1654	1684
3	1638	1684	1668
3	1522	1537	1601
3	1570	1522	1601
3	1516	1570	1563
3	1570	1601	1628
3	1529	1575	1552
3	1575	1613	1721
3	1613	1688	1721
3	1537	1521	1569
3	1521	1494	1533
3	1521	1533	1608
3	1569	1521	1654
3	1521	1608	1654
3	1668	1684	1688
3	1608	1671	1654
3	1688	1684	1746
3	1654	1671	1737
3	1654	1737	1684
3	1675	1552	1709
3	1709	1552	1575
3	1709	1575	1721
3	1533	1523	1606
3	1608	1533	1606
3	1612	1539	1475
3	1671	1608	1606
3	1612	1475	1675
3	1475	1552	1675
3	1606	1612	1694
3	1606	1677	1671
3	1612	1675	1694
3	1606	1694	1677
3	1606	1523	1539
3	1612	1606	1539
3	1765	1738	1775
3	1765	1775	1818
3	1769	1765	1818
3	1818	1775	1839
3	1825	1769	1818
3	1818	1839	1848
3	1851	1825	1818
3	1738	1725	1775
3	1725	1749	1775
3	1775	1749	1779
3	1775	1779	1847
3	1839	1775	1847
3	1755	1678	1699
3	1699	1686	1755
3	1755	1686	1770
3	1749	1762	1779
3	1762	1773	1779
3	1773	1819	1779
3	1779	1819	1847
3	1819	1773	1822
3	1686	1731	1789
3	1731	1780	1789
3	1770	1686	1789
3	1731	1713	1780
3	1789	1780	1760
3	1770	1789	1760
3	1679	1624	1760
3	1713	1679	1760
3	1624	1655	1750
3	1760	1624	1767
3	1713	1760	1780
3	1764	1733	1689
3	1705	1661	1757
3	1757	1661	1742
3	1689	1705	1764
3	1764	1705	1757
3	1757	1742	1741
3	1796	1809	1842
3	1766	1759	1752
3	1784	1766	1752
3	1752	1759	1796
3	1796	1759	1809
3	1759	1769	1809
3	1809	1769	1825
3	1842	1809	1850
3	1740	1765	1759
3	1740	1738	1765
3	1759	1765	1769
3	1759	1756	1740
3	1766	1756	1759
3	1723	1726	1756
3	1182	1186	1228
3	1761	1755	1770
3	1776	1761	1785
3	1761	1771	1785
3	1761	1770	1771
3	1755	1761	1776
3	1755	1776	1822
3	1773	1755	1822
3	1776	1841	1822
3	1771	1770	1790
3	1790	1770	1794
3	1790	1794	1806
3	1819	1822	1854
3	1624	1750	1767
3	1767	1750	1777
3	1767	1794	1760
3	1794	1767	1777
3	1794	1770	1760
3	1794	1777	1806
3	1707	1706	1733
3	1733	1764	1783
3	1707	1733	1743
3	1733	1783	1743
3	1743	1783	1810
3	1783	1803	1810
3	1783	1764	1757
3	1739	1811	1741
3	1783	1757	1803
3	1757	1741	1803
3	1741	1811	1803
3	1811	1810	1803
3	1701	1739	1741
3	1801	1772	1823
3	1823	1772	1796
3	1823	1796	1866
3	1824	1823	1849
3	1866	1796	1842
3	1849	1823	1866
3	1752	1772	1801
3	1752	1801	1784
3	1795	1766	1784
3	1772	1752	1796
3	1784	1801	1814
3	1795	1784	1814
3	337	349	448
3	1831	1895	1891
3	1744	1723	1763
3	1744	1763	1751
3	1763	1756	1766
3	1723	1756	1763
3	1771	1817	1785
3	1790	1806	1812
3	1771	1790	1817
3	1790	1812	1817
3	1812	1806	1826
3	1812	1826	1836
3	1817	1812	1836
3	1787	1802	1782
3	1802	1787	1816
3	1802	1777	1782
3	1777	1802	1806
3	1806	1802	1826
3	1802	1816	1826
3	1816	1852	1826
3	1750	1641	1712
3	1750	1712	1777
3	1712	1782	1777
3	1664	1743	1753
3	1728	1664	1753
3	1753	1743	1810
3	1778	1753	1810
3	1778	1810	1774
3	1774	1810	1811
3	1739	1693	1758
3	1715	1745	1758
3	1758	1745	1774
3	1739	1758	1811
3	1811	1758	1774
3	1858	1849	1883
3	1874	1852	1881
3	1926	1921	1951
3	1874	1881	1921
3	1926	1874	1921
3	1919	1918	1948
3	1918	1941	1948
3	1918	1886	1938
3	1883	1918	1919
3	1883	1890	1918
3	1918	1890	1886
3	1849	1890	1883
3	1849	1866	1890
3	1890	1866	1886
3	1866	1842	1886
3	1939	1876	1926
3	1912	1876	1939
3	1894	1876	1912
3	1867	1926	1876
3	1867	1874	1926
3	272	364	385
3	1854	1876	1894
3	1819	1854	1894
3	1854	1867	1876
3	1854	1822	1867
3	1933	1912	1949
3	1886	1903	1938
3	1903	1899	1954
3	1903	1851	1899
3	1850	1903	1886
3	1850	1851	1903
3	1850	1809	1851
3	1886	1842	1850
3	1885	1912	1947
3	1885	1894	1912
3	1885	1819	1894
3	1819	1885	1888
3	1847	1819	1888
3	1888	1885	1947
3	1888	1947	1917
3	1896	1897	1946
3	1917	1897	1888
3	1848	1897	1896
3	1839	1888	1897
3	1848	1839	1897
3	1839	1847	1888
3	1896	1946	1899
3	1848	1896	1899
3	1851	1848	1899
3	1746	1677	1694
3	1694	1709	1746
3	1737	1677	1746
3	1737	1671	1677
3	1675	1709	1694
3	1721	1746	1709
3	1721	1688	1746
3	1700	1729	1734
3	1722	1700	1734
3	1734	1704	1691
3	1872	1862	1838
3	1853	1840	1860
3	1838	1835	1853
3	393	244	400
3	1813	1807	1820
3	1735	1732	1799
3	1717	1807	1813
3	1732	1717	1813
3	1645	1717	1732
3	1828	1804	1865
3	1820	1828	1845
3	1820	1807	1828
3	1807	1768	1828
3	1768	1804	1828
3	1768	1724	1804
3	1717	1768	1807
3	1696	1724	1768
3	1717	1696	1768
3	1714	1748	1724
3	1804	1864	1865
3	1804	1808	1864
3	1748	1792	1831
3	1808	1748	1831
3	1724	1808	1804
3	1724	1748	1808
3	1748	1716	1792
3	1716	1747	1792
3	1714	1716	1748
3	1690	1736	1730
3	1716	1690	1730
3	1835	1838	1846
3	1835	1846	1829
3	1834	1815	1829
3	1835	1827	1840
3	1827	1821	1840
3	1827	1835	1829
3	1815	1827	1829
3	1797	1827	1815
3	1720	1754	1778
3	1745	1720	1774
3	1720	1778	1774
3	1754	1753	1778
3	1666	1754	1720
3	1754	1728	1753
3	1782	1719	1791
3	1712	1719	1782
3	1719	1735	1791
3	1719	1708	1735
3	1816	1837	1852
3	1837	1799	1887
3	1837	1798	1799
3	1816	1787	1837
3	1787	1798	1837
3	1787	1786	1798
3	1786	1782	1791
3	1782	1786	1787
3	1791	1735	1798
3	1843	1833	1871
3	1843	1800	1833
3	1800	1832	1833
3	1747	1843	1792
3	1751	1800	1843
3	1747	1727	1843
3	1727	1751	1843
3	1788	1793	1800
3	1730	1727	1747
3	1830	1834	1870
3	1832	1800	1830
3	1830	1781	1834
3	1781	1815	1834
3	1781	1797	1815
3	1800	1781	1830
3	1793	1795	1797
3	1781	1793	1797
3	1797	1821	1827
3	1797	1795	1805
3	1824	1849	1858
3	1844	1824	1858
3	1821	1814	1844
3	1844	1814	1824
3	1797	1805	1821
3	1821	1805	1814
3	1814	1801	1824
3	1710	1744	1751
3	1788	1795	1793
3	1805	1795	1814
3	1823	1824	1801
3	1809	1825	1851
3	1818	1848	1851
3	1684	1737	1746
3	1700	1698	1729
3	1691	1685	1734
3	1685	1722	1734
3	1724	1632	1714
3	1716	1714	1690
3	1716	1730	1747
3	1720	1673	1666
3	1702	1728	1754
3	1666	1702	1754
3	1330	1384	1444
3	1330	1444	1441
3	1393	1330	1441
3	1525	1384	1594
3	1371	1452	1594
3	1384	1371	1594
3	1371	1374	1452
3	1374	1404	1452
3	1374	1313	1404
3	1534	1473	1498
3	1497	1415	1474
3	1498	1456	1497
3	1456	1415	1497
3	1416	1498	1473
3	1416	1456	1498
3	1456	1326	1415
3	1416	1365	1456
3	1365	1326	1456
3	1291	1365	1416
3	1415	1350	1474
3	1429	1487	1505
3	1429	1324	1487
3	1431	1324	1429
3	1545	1481	1505
3	1481	1429	1505
3	1353	1431	1481
3	1431	1429	1481
3	1353	1252	1431
3	1408	1367	1998
3	1515	1440	1524
3	1998	1367	1515
3	1367	1440	1515
3	1718	1726	1687
3	1367	1361	1440
3	1361	1299	1440
3	1524	1440	1999
3	1513	1397	1549
3	1404	1397	1513
3	1452	1404	1513
3	1313	1397	1404
3	1484	1420	1511
3	1511	1473	1534
3	1420	1473	1511
3	1420	1416	1473
3	1527	1432	1477
3	1410	1432	1527
3	1445	1410	1527
3	1432	1418	1477
3	1432	1410	1418
3	1445	1297	1410
3	1410	1375	1418
3	1360	1297	1445
3	1347	1385	1418
3	1375	1347	1418
3	1297	1375	1410
3	1487	1445	1527
3	1487	1527	1548
3	1324	1445	1487
3	1324	1360	1445
3	1423	1343	1465
3	1343	1408	1465
3	1495	1408	1998
3	1465	1408	1495
3	1397	1512	1549
3	1512	1402	1499
3	1397	1402	1512
3	1472	1543	1510
3	1499	1555	1558
3	1499	1510	1555
3	1499	1467	1510
3	1510	1467	1472
3	1402	1467	1499
3	1402	1472	1467
3	1472	1406	1543
3	1402	1406	1472
3	1317	1406	1402
3	1543	1419	1532
3	1543	1325	1419
3	1419	1420	1484
3	1406	1325	1543
3	1259	1419	1325
3	1419	1259	1420
3	1259	1203	1420
3	1468	1482	1531
3	1468	1442	1482
3	1382	1442	1468
3	1385	1382	1468
3	1477	1468	1531
3	1418	1468	1477
3	1418	1385	1468
3	1464	1423	1542
3	1542	1423	1465
3	1421	1423	1464
3	1421	1343	1423
3	1386	1343	1421
3	1382	1357	1442
3	1357	1337	1442
3	1413	1368	1464
3	1368	1421	1464
3	1368	1386	1421
3	1400	1368	1413
3	1439	1464	1547
3	1439	1413	1464
3	1439	1400	1413
3	1550	1489	1582
3	1389	1443	1508
3	1398	1217	1389
3	1503	1417	1536
3	1417	1508	1536
3	1503	1442	1417
3	1417	1398	1508
3	1398	1389	1508
3	1337	1417	1442
3	1355	1398	1417
3	1355	1417	1337
3	1479	1439	1547
3	1479	1502	1463
3	1479	1265	1439
3	1463	1265	1479
3	1265	1400	1439
3	1205	1400	1265
3	1089	1265	1287
3	1388	1478	1528
3	1518	1388	1528
3	1489	1518	1582
3	1489	1352	1518
3	1352	1388	1518
3	1480	1352	1489
3	1453	1352	1480
3	1362	1290	1453
3	1290	1352	1453
3	1526	1486	1556
3	1486	1480	1562
3	1453	1480	1486
3	1500	1486	1526
3	1403	1486	1500
3	1437	1403	1500
3	1362	1453	1486
3	1403	1370	1486
3	1370	1362	1486
3	1403	1213	1370
3	1483	1437	1559
3	1485	1483	1559
3	1437	1345	1403
3	1289	1437	1483
3	1289	1345	1437
3	1483	1485	1314
3	1289	1483	1314
3	1295	1314	1443
3	1389	1270	1443
3	1217	1270	1389
3	1270	1295	1443
3	1265	1463	1369
3	1287	1265	1369
3	1538	1509	1568
3	1509	1411	1568
3	1411	1369	1463
3	1377	1411	1509
3	1377	1369	1411
3	1377	1209	1369
3	1504	1509	1538
3	1269	1509	1504
3	1269	1377	1509
3	1496	1458	1574
3	1458	1504	1574
3	1461	1446	1541
3	1478	1372	1546
3	1372	1461	1546
3	1388	1372	1478
3	1379	1446	1461
3	1379	1461	1372
3	1316	1269	1504
3	1308	1377	1269
3	1426	1458	1496
3	1458	1316	1504
3	1346	1316	1458
3	1426	1496	1446
3	1379	1426	1446
3	1426	1346	1458
3	1304	1301	1342
3	1301	1306	1376
3	1281	1304	1383
3	1306	1275	1312
3	1245	1301	1304
3	1281	1245	1304
3	1301	1245	1306
3	1245	1275	1306
3	1076	1067	1188
3	1068	1076	1188
3	1150	1207	1181
3	1188	1181	1207
3	1110	1150	1181
3	1067	1110	1181
3	1067	1181	1188
3	1041	1110	1067
3	1271	1329	1336
3	1271	1281	1329
3	1271	1245	1281
3	1253	1245	1271
3	1275	1245	1253
3	1284	1275	1274
3	1275	1284	1312
3	1275	1253	1274
3	1132	1174	1266
3	1132	1135	1174
3	1174	1084	1175
3	1135	1084	1174
3	1225	1243	1249
3	1207	1243	1225
3	1175	1143	1225
3	1143	1207	1225
3	1143	1068	1207
3	1068	1188	1207
3	1084	1143	1175
3	1207	1208	1243
3	1150	1208	1207
3	1243	1171	1249
3	1208	1171	1243
3	1208	1154	1171
3	1150	1154	1208
3	1138	1171	1154
3	1150	1113	1154
3	1154	1113	1138
3	1110	1058	1150
3	1058	1113	1150
3	1241	1334	1358
3	1288	1241	1358
3	1254	1315	1333
3	1336	1303	1271
3	1303	1253	1271
3	1266	1174	1175
3	1175	1280	1321
3	1175	1225	1280
3	1196	1371	1384
3	1191	1313	1374
3	1365	1250	1326
3	1296	1361	1367
3	1283	1317	1402
3	1300	1402	1397
3	1300	1283	1402
3	1420	1203	1416
3	1310	1357	1382
3	1310	1337	1357
3	1246	1217	1398
3	1355	1246	1398
3	1285	1211	1379
3	1372	1286	1379
3	1345	1213	1403
3	1211	1426	1379
3	1132	1084	1135
3	915	936	912
3	928	908	912
3	928	912	920
3	897	923	935
3	897	908	923
3	908	897	915
3	908	915	912
3	848	851	983
3	897	935	851
3	972	857	864
3	848	857	851
3	725	723	793
3	779	785	792
3	779	728	785
3	767	725	791
3	712	731	782
3	712	782	794
3	734	794	828
3	747	762	772
3	680	772	776
3	774	701	780
3	780	701	746
3	797	738	740
3	743	675	745
3	771	691	812
3	760	771	854
3	648	744	836
3	700	766	768
3	697	708	766
3	851	935	983
3	912	936	920
3	923	908	939
3	923	939	980
3	793	852	879
3	879	852	918
3	711	819	962
3	723	711	962
3	793	723	962
3	793	962	852
3	918	852	970
3	962	943	852
3	711	805	819
3	819	805	926
3	805	798	926
3	962	819	926
3	798	889	926
3	962	926	950
3	685	734	748
3	748	734	835
3	798	748	835
3	734	828	835
3	798	835	889
3	889	835	925
3	835	828	925
3	925	828	958
3	715	779	792
3	957	928	920
3	924	908	928
3	931	899	938
3	931	928	957
3	928	931	924
3	924	931	951
3	951	931	938
3	924	939	908
3	931	957	956
3	939	924	978
3	924	951	978
3	939	978	979
3	957	920	977
3	938	961	951
3	865	780	880
3	780	815	880
3	765	815	746
3	765	773	815
3	780	746	815
3	815	773	874
3	773	826	874
3	874	826	891
3	880	815	874
3	773	767	807
3	767	791	821
3	773	807	826
3	807	767	867
3	767	821	867
3	807	867	826
3	826	867	927
3	791	892	821
3	791	725	879
3	725	793	879
3	791	879	892
3	892	879	918
3	892	918	990
3	794	909	958
3	828	794	958
3	731	763	782
3	782	763	945
3	794	782	945
3	763	882	945
3	909	794	930
3	930	794	945
3	945	882	930
3	754	761	823
3	758	754	823
3	715	792	761
3	761	792	822
3	822	823	761
3	728	790	785
3	728	776	790
3	776	800	790
3	790	800	816
3	792	785	822
3	822	785	855
3	785	790	855
3	790	816	855
3	772	800	776
3	837	762	817
3	866	899	914
3	817	866	960
3	914	899	931
3	959	817	960
3	914	931	956
3	866	914	960
3	960	914	956
3	960	998	996
3	959	960	996
3	802	698	789
3	762	698	802
3	762	802	817
3	817	802	899
3	802	789	905
3	866	817	899
3	789	900	905
3	802	905	938
3	899	802	938
3	938	905	961
3	774	780	865
3	774	865	900
3	789	774	900
3	703	797	706
3	706	882	763
3	882	706	896
3	706	797	896
3	764	758	823
3	781	690	764
3	781	764	844
3	764	823	844
3	844	823	855
3	855	823	822
3	830	781	844
3	830	844	860
3	844	855	860
3	816	841	860
3	855	816	860
3	1151	1176	1179
3	894	830	860
3	830	894	888
3	800	772	841
3	772	762	841
3	816	800	841
3	841	762	837
3	1053	1069	1101
3	837	817	959
3	1749	1711	1762
3	837	968	894
3	841	837	894
3	968	837	959
3	1718	1687	1711
3	1749	1725	1711
3	888	894	976
3	940	888	976
3	968	959	996
3	976	894	968
3	703	738	797
3	797	838	933
3	797	933	944
3	769	781	829
3	829	781	830
3	829	830	878
3	878	830	888
3	745	769	853
3	853	769	878
3	853	878	890
3	890	878	940
3	878	888	940
3	890	940	954
3	740	741	799
3	740	799	838
3	797	740	838
3	838	799	929
3	929	799	902
3	838	929	1005
3	786	743	853
3	743	745	853
3	801	786	853
3	801	853	890
3	801	890	901
3	901	890	916
3	916	890	954
3	901	916	967
3	749	786	801
3	833	901	984
3	801	901	833
3	742	737	825
3	741	742	799
3	799	742	804
3	804	742	825
3	902	804	910
3	804	825	910
3	799	804	902
3	704	749	833
3	833	749	801
3	903	833	984
3	752	704	868
3	704	833	868
3	832	752	868
3	868	833	903
3	832	868	885
3	868	903	913
3	868	913	885
3	885	913	982
3	691	733	832
3	812	691	832
3	808	771	812
3	733	752	832
3	812	832	885
3	808	812	893
3	812	885	969
3	893	812	969
3	771	808	854
3	854	808	893
3	854	893	906
3	872	854	906
3	795	716	787
3	702	716	795
3	737	702	825
3	702	795	825
3	825	795	859
3	859	795	884
3	795	787	884
3	884	787	921
3	825	859	910
3	859	884	949
3	910	859	949
3	949	884	921
3	784	760	854
3	784	854	872
3	751	672	842
3	683	784	947
3	672	683	947
3	947	784	872
3	842	672	947
3	751	842	907
3	907	842	947
3	872	948	947
3	671	751	846
3	834	671	846
3	834	846	895
3	846	751	907
3	846	907	953
3	895	846	953
3	744	671	834
3	836	744	834
3	863	836	955
3	834	895	946
3	955	836	834
3	834	946	955
3	770	836	803
3	714	770	778
3	770	803	778
3	803	836	863
3	766	708	696
3	766	696	811
3	768	766	811
3	787	739	768
3	768	811	861
3	787	768	861
3	811	696	813
3	696	757	813
3	813	757	843
3	811	813	861
3	857	848	864
3	936	917	973
3	936	915	917
3	917	857	972
3	857	897	851
3	915	857	917
3	897	857	915
3	474	525	458
3	645	735	759
3	658	645	759
3	658	524	645
3	524	640	645
3	580	524	658
3	524	530	640
3	640	722	750
3	735	645	750
3	645	640	750
3	1762	1755	1773
3	640	736	722
3	640	530	736
3	659	759	757
3	659	658	759
3	659	580	658
3	589	659	705
3	589	580	659
3	659	757	705
3	589	696	708
3	622	589	708
3	696	589	705
3	736	568	622
3	530	568	736
3	568	589	622
3	721	724	756
3	688	724	721
3	622	721	783
3	736	622	783
3	688	622	697
3	622	688	721
3	697	622	708
3	777	756	729
3	724	729	756
3	724	695	729
3	729	714	727
3	695	714	729
3	755	753	775
3	729	727	755
3	727	753	755
3	724	697	766
3	688	697	724
3	700	724	766
3	714	695	770
3	700	669	724
3	669	695	724
3	695	607	770
3	669	657	695
3	657	607	695
3	700	617	669
3	559	607	657
3	533	559	657
3	533	657	669
3	617	533	669
3	770	648	836
3	648	647	744
3	607	648	770
3	566	647	648
3	607	566	648
3	647	591	744
3	591	671	744
3	591	584	671
3	591	526	584
3	566	591	647
3	672	751	671
3	584	552	671
3	671	587	672
3	552	587	671
3	526	552	584
3	639	673	683
3	638	639	683
3	638	683	672
3	587	638	672
3	638	536	639
3	587	536	638
3	673	760	784
3	683	673	784
3	716	739	787
3	739	700	768
3	716	666	739
3	667	716	702
3	739	666	700
3	667	634	716
3	716	623	666
3	634	623	716
3	608	623	634
3	623	632	666
3	666	632	700
3	632	633	700
3	633	617	700
3	632	623	633
3	536	601	639
3	673	771	760
3	630	691	771
3	673	601	771
3	601	630	771
3	601	599	630
3	673	639	601
3	733	707	752
3	693	737	742
3	741	693	742
3	693	702	737
3	693	670	702
3	670	667	702
3	592	667	670
3	592	634	667
3	592	608	634
3	610	654	630
3	627	610	630
3	599	627	630
3	599	557	627
3	557	610	627
3	654	733	691
3	630	654	691
3	631	733	654
3	610	631	654
3	631	629	733
3	583	629	631
3	610	567	631
3	583	609	629
3	609	555	629
3	752	575	704
3	629	707	733
3	707	575	752
3	629	574	707
3	555	574	629
3	574	575	707
3	749	732	786
3	732	743	786
3	704	732	749
3	732	675	743
3	704	635	732
3	635	675	732
3	635	598	675
3	575	635	704
3	575	501	635
3	501	598	635
3	598	604	675
3	598	523	604
3	740	655	741
3	655	740	738
3	668	655	738
3	670	693	741
3	655	670	741
3	655	612	670
3	668	624	655
3	624	612	655
3	541	612	624
3	612	592	670
3	567	583	631
3	769	745	781
3	745	692	781
3	675	604	745
3	621	692	745
3	604	621	745
3	462	621	604
3	462	527	621
3	619	690	781
3	692	619	781
3	621	619	692
3	527	619	621
3	527	561	619
3	561	618	619
3	703	668	738
3	641	703	718
3	641	668	703
3	662	641	718
3	614	641	662
3	641	624	668
3	538	641	614
3	541	624	641
3	690	758	764
3	758	660	754
3	690	618	758
3	758	618	660
3	619	618	690
3	600	660	618
3	461	600	618
3	646	682	660
3	646	603	682
3	660	600	646
3	646	496	603
3	600	556	646
3	556	496	646
3	537	637	565
3	558	594	637
3	660	682	754
3	530	580	589
3	559	566	607
3	633	533	617
3	536	509	601
3	601	544	599
3	592	505	608
3	576	567	610
3	557	576	610
3	492	523	598
3	523	462	604
3	459	449	590
3	538	541	641
3	537	558	637
3	561	461	618
3	1232	1107	1261
3	1107	1161	1261
3	1176	1107	1232
3	1161	1121	1261
3	1121	1161	1107
3	1256	1215	1310
3	1215	1232	1257
3	1179	1176	1232
3	1215	1179	1232
3	1151	1179	1215
3	1310	1382	1385
3	1347	1264	1385
3	1264	1310	1385
3	1264	1256	1310
3	1230	1256	1264
3	1247	1343	1386
3	1247	1198	1343
3	1183	1159	1247
3	1159	1103	1247
3	1103	1198	1247
3	1561	1577	1558
3	1261	1130	1218
3	1130	1124	1218
3	1121	1130	1261
3	1218	1328	1261
3	1328	1257	1261
3	1327	1337	1310
3	1328	1322	1257
3	1322	1327	1257
3	1310	1257	1327
3	1215	1257	1310
3	1183	1247	1386
3	1368	1183	1386
3	1205	1368	1400
3	1148	1183	1368
3	1205	1148	1368
3	1159	1183	1148
3	1328	1246	1355
3	1217	1129	1270
3	1218	1246	1328
3	1149	1217	1246
3	1218	1124	1246
3	1149	1129	1217
3	1124	1149	1246
3	1081	1149	1124
3	1081	1129	1149
3	1337	1322	1355
3	1322	1328	1355
3	1327	1322	1337
3	1102	1148	1205
3	1102	1079	1148
3	1265	1102	1205
3	1089	1102	1265
3	1289	1166	1345
3	1166	1213	1345
3	1314	1133	1289
3	1295	1153	1314
3	1129	1206	1295
3	1206	1153	1295
3	1153	1133	1314
3	1133	1166	1289
3	1139	1206	1129
3	1139	1153	1206
3	1133	1051	1166
3	1139	1144	1153
3	1115	1133	1153
3	1051	1019	1166
3	1270	1129	1295
3	1115	1153	1144
3	1129	1093	1139
3	1145	1144	1139
3	1139	1088	1145
3	1209	1126	1369
3	1369	1126	1287
3	1126	1089	1287
3	1094	1089	1126
3	1094	1027	1089
3	1227	1209	1377
3	1308	1227	1377
3	1173	1064	1227
3	1064	1209	1227
3	1064	1126	1209
3	1212	1286	1372
3	1212	1372	1388
3	1131	1100	1286
3	1352	1212	1388
3	1226	1290	1362
3	1290	1212	1352
3	1226	1157	1290
3	1097	1157	1226
3	1212	1131	1286
3	1131	1212	1290
3	1157	1131	1290
3	1055	1131	1157
3	1226	1362	1370
3	1213	1226	1370
3	1213	1097	1226
3	1045	1097	1213
3	1166	1045	1213
3	1019	1045	1166
3	1145	1119	1144
3	1119	1145	1114
3	1145	1122	1114
3	1119	1115	1144
3	1088	1122	1145
3	1173	1227	1308
3	1269	1173	1308
3	1189	1269	1316
3	1269	1048	1173
3	1189	1048	1269
3	1029	1048	1189
3	1346	1189	1316
3	1224	1189	1346
3	1095	1189	1224
3	1073	1095	1224
3	1095	1029	1189
3	1237	1346	1426
3	1237	1224	1346
3	1211	1237	1426
3	1237	1073	1224
3	1211	1085	1237
3	1085	1073	1237
3	1286	1285	1379
3	1100	1285	1286
3	1085	1211	1285
3	1100	1085	1285
3	971	1067	1076
3	1003	971	1076
3	971	974	1067
3	971	883	974
3	964	1110	1041
3	1067	919	1041
3	919	964	1041
3	1033	1084	1132
3	997	1132	1128
3	997	1033	1132
3	941	1033	997
3	942	1003	1033
3	941	942	1033
3	1084	1068	1143
3	1003	1076	1068
3	1033	1068	1084
3	1033	1003	1068
3	1003	911	971
3	942	911	1003
3	1058	1050	1113
3	1110	964	1058
3	1014	1050	1058
3	964	1014	1058
3	964	934	1014
3	934	975	1014
3	975	937	1014
3	904	963	1013
3	963	992	1013
3	904	877	963
3	965	904	1013
3	992	997	1128
3	992	963	997
3	1113	1050	1138
3	1050	1021	1138
3	1021	1063	1138
3	1021	1059	1063
3	1021	1023	1059
3	985	1023	1021
3	1014	985	1021
3	1014	937	985
3	985	981	1023
3	1014	1021	1050
3	965	1013	1062
3	1010	965	1062
3	922	965	1010
3	1063	1059	1125
3	1059	1065	1125
3	966	1042	1065
3	966	1065	1059
3	1023	966	1059
3	981	887	966
3	981	966	1023
3	1123	1136	1137
3	1044	1106	1104
3	1044	1010	1105
3	1037	1015	1104
3	1015	1044	1104
3	922	1010	1044
3	1015	921	1044
3	921	932	1044
3	932	922	1044
3	1065	1042	1111
3	966	1016	1042
3	966	955	1016
3	1002	1092	1112
3	1042	1002	1112
3	1016	1002	1042
3	946	1002	1016
3	895	953	1002
3	946	895	1002
3	1053	1101	1120
3	1092	1053	1120
3	1035	1069	1053
3	1002	1053	1092
3	1035	987	1069
3	1018	1053	1002
3	1018	1035	1053
3	948	987	1035
3	872	987	948
3	1018	948	1035
3	907	947	1018
3	947	948	1018
3	1002	907	1018
3	1083	1054	1108
3	987	1083	1116
3	1069	987	1116
3	969	1054	1083
3	906	1083	987
3	893	969	1083
3	906	893	1083
3	1086	1037	1104
3	1030	1086	1142
3	1030	1037	1086
3	1011	1037	1030
3	1037	949	1015
3	1011	949	1037
3	910	1030	1001
3	910	1011	1030
3	949	921	1015
3	1054	1039	1134
3	1108	1054	1134
3	1054	969	1039
3	969	982	1039
3	1070	1038	1109
3	1038	1060	1109
3	1070	994	1038
3	1039	994	1070
3	1017	1060	1038
3	982	994	1039
3	994	1017	1038
3	994	903	1017
3	982	913	994
3	1060	1082	1158
3	1009	1024	1082
3	1009	1082	1060
3	1017	1009	1060
3	903	1009	1017
3	1096	1107	1141
3	1090	1001	1030
3	929	1001	1090
3	1098	1096	1118
3	1005	929	1090
3	1077	1091	1130
3	1121	1077	1130
3	1091	1124	1130
3	1091	1081	1124
3	1131	1036	1100
3	1055	989	1131
3	1074	1115	1119
3	1072	1074	1119
3	1088	1080	1122
3	1048	986	1173
3	1067	974	919
3	877	818	963
3	963	941	997
3	985	875	981
3	887	955	966
3	955	946	1016
3	953	907	1002
3	872	906	987
3	910	949	1011
3	969	885	982
3	913	903	994
3	903	984	1009
3	902	910	1001
3	929	902	1001
3	984	967	1009
3	1096	1121	1107
3	1087	1077	1121
3	1096	1087	1121
3	1087	1096	1098
3	967	1098	1024
3	1043	1077	1087
3	1098	999	1087
3	967	999	1098
3	999	1043	1087
3	999	954	1043
3	1009	967	1024
3	967	954	999
3	1040	1103	1159
3	1040	1090	1103
3	1040	1005	1090
3	933	1005	1040
3	1031	1081	1091
3	1077	1043	1091
3	1043	1031	1091
3	954	995	1043
3	995	1031	1043
3	995	1006	1031
3	995	940	1006
3	1079	1004	1148
3	1004	1159	1148
3	933	1040	1159
3	1004	933	1159
3	944	933	1004
3	1061	1129	1081
3	1006	1061	1081
3	1061	1049	1129
3	1031	1006	1081
3	968	1061	1006
3	996	998	1061
3	968	996	1061
3	940	976	1006
3	1006	976	968
3	1079	1102	1089
3	1027	1079	1089
3	1027	896	1079
3	944	1004	1079
3	896	944	1079
3	1027	882	896
3	1115	1099	1133
3	961	905	1007
3	1093	1088	1139
3	753	727	778
3	727	714	778
3	736	783	788
3	783	721	756
3	920	936	988
3	935	923	980
3	939	979	980
3	852	943	970
3	918	970	990
3	990	970	1022
3	925	958	986
3	826	927	891
3	927	867	821
3	821	892	952
3	958	909	991
3	960	956	998
3	905	900	1007
3	896	797	944
3	954	940	995
3	933	838	1005
3	967	916	954
3	901	967	984
3	863	955	887
3	696	705	757
3	813	843	922
3	787	861	921
3	861	932	921
3	861	813	932
3	813	922	932
3	875	887	981
3	775	753	778
3	775	810	814
3	775	778	810
3	814	810	862
3	810	778	803
3	810	803	863
3	875	862	887
3	862	810	863
3	862	863	887
3	757	759	806
3	827	757	806
3	757	827	843
3	827	806	847
3	843	827	898
3	827	847	898
3	898	847	856
3	843	898	922
3	898	856	965
3	922	898	965
3	873	840	850
3	850	814	886
3	886	814	875
3	814	862	875
3	873	850	886
3	886	875	985
3	886	937	873
3	937	886	985
3	755	775	796
3	755	796	824
3	796	775	814
3	796	839	824
3	840	796	850
3	824	839	871
3	796	814	850
3	831	824	871
3	870	831	871
3	729	755	777
3	756	777	809
3	777	755	824
3	777	824	831
3	809	777	831
3	788	756	869
3	756	809	869
3	869	809	876
3	869	876	941
3	869	941	963
3	736	788	722
3	783	756	788
3	722	788	818
3	788	869	818
3	722	818	820
3	820	818	877
3	856	820	904
3	818	869	963
3	820	877	904
3	856	904	965
3	750	722	820
3	759	735	806
3	806	735	847
3	735	750	847
3	847	750	856
3	750	820	856
3	849	840	881
3	881	840	873
3	934	881	873
3	975	934	937
3	934	873	937
3	796	840	839
3	845	840	849
3	840	845	839
3	839	845	858
3	839	858	871
3	845	849	858
3	911	871	858
3	871	911	942
3	911	858	971
3	809	831	876
3	831	870	876
3	870	871	942
3	876	870	942
3	876	942	941
3	849	881	883
3	881	919	883
3	919	881	934
3	919	934	964
3	974	883	919
3	858	849	883
3	858	883	971
3	973	917	1034
3	972	864	1012
3	917	972	1046
3	1034	917	1056
3	917	1046	1056
3	972	1012	1046
3	1034	1056	1075
3	1046	1012	1056
3	1056	1012	1066
3	864	848	1012
3	848	983	1008
3	1025	848	1008
3	1012	848	1025
3	1012	1025	1066
3	920	988	1000
3	936	973	988
3	1000	988	1047
3	988	973	1034
3	1047	988	1034
3	1000	1047	1080
3	1047	1034	1075
3	1047	1075	1080
3	1080	1075	1122
3	980	979	1057
3	1008	980	1057
3	1025	1008	1072
3	1008	1057	1072
3	1066	1025	1072
3	1075	1056	1122
3	1056	1066	1122
3	1066	1072	1114
3	1122	1066	1114
3	983	935	1008
3	1008	935	980
3	1036	1085	1100
3	962	993	943
3	990	1022	1036
3	970	943	993
3	1022	970	993
3	1022	993	1085
3	1036	1022	1085
3	993	950	1073
3	993	1073	1085
3	993	962	950
3	926	889	1026
3	926	1026	950
3	1073	950	1095
3	1026	1029	1095
3	950	1026	1095
3	889	925	1029
3	925	986	1029
3	1029	986	1048
3	1026	889	1029
3	958	991	1064
3	986	958	1064
3	986	1064	1173
3	977	920	1000
3	957	977	1032
3	1032	977	1000
3	1078	1032	1000
3	1028	1032	1078
3	1078	1000	1088
3	1000	1080	1088
3	956	957	1032
3	979	978	1020
3	1020	978	1074
3	979	1020	1057
3	1057	1020	1072
3	1020	1074	1072
3	1072	1119	1114
3	951	961	978
3	978	961	1074
3	961	1051	1099
3	1074	961	1099
3	961	1007	1051
3	1074	1099	1115
3	1099	1051	1133
3	865	880	1019
3	900	865	1019
3	900	1019	1007
3	880	874	1045
3	880	1045	1019
3	1051	1007	1019
3	1045	874	1071
3	874	891	1071
3	891	927	1052
3	927	1055	1052
3	1045	1071	1097
3	1052	1055	1157
3	1052	1097	1071
3	1097	1052	1157
3	927	821	989
3	1055	927	989
3	821	952	989
3	892	990	952
3	952	990	1036
3	989	952	1036
3	989	1036	1131
3	930	882	1027
3	909	930	1094
3	909	1094	1126
3	991	909	1126
3	930	1027	1094
3	1064	991	1126
3	956	1032	1028
3	998	956	1028
3	998	1028	1049
3	998	1049	1061
3	1049	1028	1078
3	1049	1078	1093
3	1093	1078	1088
3	1049	1093	1129
3	1405	1358	1436
3	204	185	366
3	354	316	250
3	606	605	650
3	484	521	502
3	408	484	525
3	1575	1591	1596
3	1766	1795	1788
3	1763	1766	1788
3	1751	1788	1800
3	1763	1788	1751
3	1799	1732	1813
3	1798	1735	1799
3	1791	1798	1786
3	1793	1781	1800
3	878	769	829
3	891	1052	1071
3	1204	1203	1259
3	1672	1710	1727
3	1710	1751	1727
3	1887	1799	1855
3	1813	1855	1799
3	356	203	337
3	841	894	860
3	260	210	282
3	254	229	332
3	1098	1117	1082
3	1024	1098	1082
3	1817	1841	1785
3	1776	1785	1841
3	1841	1874	1867
3	1841	1817	1836
3	1841	1836	1874
3	1836	1826	1852
3	1874	1836	1852
3	1822	1841	1867
3	1725	1718	1711
