-0.069134	-0.17554	0.43746
-0.073987	-0.13635	0.46878
-0.079528	-0.21027	0.39743
-0.10875	-0.17796	0.44278
-0.044	-0.19032	0.40754
-0.033278	-0.16538	0.42375
-0.13941	-0.16561	0.44033
-0.088735	-0.10893	0.47359
-0.13134	-0.19703	0.40577
-0.056337	-0.12308	0.46833
-0.10704	-0.20813	0.39644
-0.13413	-0.14435	0.45941
-0.056732	-0.21393	0.34645
-0.030325	-0.11558	0.44982
-0.017738	-0.1481	0.41932
-0.015557	-0.168	0.38654
-0.12848	-0.21388	0.34551
-0.046889	-0.072014	0.46011
-0.080682	-0.21675	0.3552
-0.010352	-0.12346	0.4126
-0.15981	-0.25607	0.32798
-0.1656	-0.26242	0.31755
-0.15947	-0.29503	0.29038
-0.13513	-0.082609	0.4642
-0.10473	-0.046345	0.4695
-0.024906	-0.086298	0.45039
-0.13601	-0.26892	0.28767
-0.13202	-0.25158	0.31153
-0.15461	-0.29749	0.27787
-0.19322	-0.22939	0.33059
-0.15296	-0.16241	0.4064
-0.1431	-0.22461	0.33739
-0.028917	-0.20442	0.31829
-0.10056	-0.22605	0.33091
-0.16094	-0.078655	0.44806
-0.19968	-0.28692	0.27508
-0.22145	-0.25277	0.30981
-0.22623	-0.27725	0.28594
-0.15135	-0.19277	0.35984
-0.022052	-0.067209	0.44282
-0.075212	-0.22718	0.30656
-0.10173	-0.2501	0.28968
-0.023271	-0.19445	0.3453
-0.047022	-0.038431	0.46018
-0.20848	-0.29981	0.25128
-0.13203	-0.25956	0.26282
-0.20267	-0.2143	0.32944
-0.17721	-0.29427	0.2361
-0.15943	-0.19355	0.34818
0.0025924	-0.070453	0.39865
-0.060964	-0.22331	0.28277
-0.20042	-0.30541	0.23145
-0.001378	-0.16785	0.31419
0.008398	-0.10669	0.36968
-0.16141	-0.28031	0.22947
0.003832	-0.14441	0.35515
-0.17995	-0.13881	0.37782
-0.24694	-0.22735	0.31093
-0.26404	-0.29605	0.24216
-0.26197	-0.26788	0.27603
-0.17847	-0.087723	0.42094
-0.27689	-0.22569	0.29912
-0.19263	-0.10161	0.37749
-0.14145	-0.022441	0.45506
-0.19482	-0.18278	0.32378
-0.18277	-0.055623	0.41909
-0.0059456	-0.037381	0.41958
-0.12293	-0.23465	0.27896
-0.246	-0.18635	0.31047
-0.25091	-0.20282	0.31138
-0.16407	-0.024655	0.44367
-0.2861	-0.2872	0.24359
-0.016751	-0.18301	0.28229
-0.042608	-0.19344	0.26552
-0.10226	-0.017076	0.45954
-0.05805	-0.012384	0.45594
0.74357	-0.23192	0.16592
-0.1959	-0.31045	0.19623
-0.1731	-0.16961	0.33946
0.76707	-0.23858	0.15006
0.01057	-0.12929	0.33194
-0.27766	-0.30915	0.2114
0.69821	-0.21166	0.17004
0.71639	-0.23387	0.16094
-0.00065862	-0.035344	0.39637
-0.11643	-0.20492	0.27202
0.69791	-0.36238	0.042148
0.0077834	-0.070683	0.36929
-0.10967	0.022297	0.47021
0.62567	-0.35526	0.055645
0.67601	-0.33449	0.067489
0.83302	-0.351	0.026441
0.77486	-0.23939	0.1368
0.7416	-0.27768	0.10283
0.73233	-0.25088	0.13424
0.81121	-0.32513	0.059078
0.77661	-0.31513	0.067528
-0.052158	0.015834	0.45775
0.78838	-0.26279	0.11418
-0.076989	0.040132	0.46975
0.58685	-0.36825	0.04475
-0.18141	-0.16168	0.31964
-0.033458	-0.0015659	0.43616
0.62288	-0.33126	0.071511
-0.23766	-0.31762	0.1805
-0.29119	-0.25581	0.26062
0.81172	-0.29801	0.076756
0.54139	-0.35443	0.060309
0.57523	-0.34321	0.066879
0.6546	-0.37378	0.026476
-0.17375	-0.14428	0.31475
-0.26648	-0.17341	0.28968
0.011145	-0.10294	0.32452
-0.30143	-0.20891	0.28214
0.75442	-0.3117	0.073379
0.71481	-0.35854	0.028986
0.70181	-0.23307	0.14638
0.71536	-0.17686	0.18484
-0.17041	0.034763	0.46536
0.79833	-0.35454	0.023204
0.7107	-0.37176	0.0064504
0.69833	-0.32998	0.056928
-0.30108	-0.3004	0.19265
0.5566	-0.31828	0.078024
0.73263	-0.15723	0.15811
0.65889	-0.3124	0.076895
0.73774	-0.32448	0.054445
0.8422	-0.33265	0.031366
-0.18049	-0.016841	0.41862
0.75709	-0.34243	0.030232
-0.1654	-0.28551	0.18127
-0.1903	-0.10603	0.3401
0.54822	-0.37044	0.041968
0.68785	-0.2901	0.074286
-0.21352	-0.15908	0.30285
0.68762	-0.20441	0.16202
0.7304	-0.35318	0.020892
-0.21101	-0.31076	0.1692
0.59185	-0.38186	0.01056
-0.26639	-0.31372	0.17749
0.50301	-0.32056	0.069599
0.70516	-0.24955	0.11149
0.75736	-0.19703	0.14945
0.0027414	-0.14562	0.28397
-0.027133	-0.14735	0.24106
-0.1289	-0.19187	0.25122
-0.18647	-0.032378	0.41391
0.71619	-0.29156	0.078029
0.64795	-0.2922	0.079339
0.8419	-0.34517	-0.000836
0.49514	-0.35446	0.045632
0.57962	-0.38628	-0.016808
0.55277	-0.38458	-0.0052836
-0.3218	-0.26814	0.20841
-0.029989	0.058344	0.45401
-0.2341	-0.31019	0.16259
-0.02502	0.0071523	0.40838
-0.19626	-0.057144	0.38236
0.0067351	-0.076805	0.29758
-0.13667	-0.21562	0.24307
0.70222	-0.16168	0.15687
-0.14893	-0.25538	0.19838
0.81878	-0.35704	-0.011049
0.51017	-0.36998	0.02793
0.59754	-0.27478	0.081082
0.691	-0.18134	0.14368
0.71726	-0.15292	0.1613
0.52837	-0.29494	0.077422
-0.25453	-0.15369	0.28808
-0.18639	-0.2964	0.16679
-0.34814	-0.23704	0.19873
-0.19393	-0.082655	0.35588
0.5722	-0.2835	0.080725
0.69105	-0.25913	0.07842
0.85055	-0.30734	0.002047
-0.14975	-0.2477	0.21366
-0.10271	-0.17245	0.24867
-0.27922	-0.30565	0.16333
-0.17981	0.0073189	0.44934
-0.039098	0.076365	0.45911
-0.188	0.038626	0.454
-0.30832	-0.20294	0.25939
0.81011	-0.27775	0.077419
-0.015383	0.054424	0.40585
0.73047	-0.35242	-0.018926
-0.014528	-0.0063941	0.38602
0.67988	-0.24988	0.06801
0.57813	-0.38389	-0.034252
0.48623	-0.37151	-0.011687
0.46465	-0.31762	0.050952
-0.17125	-0.13173	0.28565
-0.0034444	-0.13681	0.2675
-0.20818	-0.28566	0.1257
-0.2138	0.076249	0.43136
-0.081148	0.084257	0.46772
0.47459	-0.35711	0.014958
0.76084	-0.3463	-0.0070285
0.68888	-0.23416	0.090899
-0.27519	-0.29972	0.12791
0.64018	-0.24224	0.059853
0.68575	-0.37065	-0.024392
0.828	-0.34112	-0.027393
-0.32265	-0.22844	0.24613
-0.15113	-0.17299	0.21718
-0.029215	0.014055	0.38694
0.84711	-0.31472	-0.020842
0.75687	-0.16019	0.10863
-0.15097	-0.19516	0.20292
-0.18727	-0.087042	0.31869
0.53937	-0.2647	0.07331
-0.15519	-0.12507	0.28303
0.48838	-0.28963	0.06865
-0.31497	-0.28955	0.14621
0.58747	-0.2593	0.065331
-0.21285	-0.12579	0.26462
-0.16532	-0.2612	0.16628
-0.064926	-0.15856	0.23335
-0.22919	-0.13153	0.27656
-0.23675	-0.29734	0.12723
0.25421	-0.27838	0.099653
0.69684	-0.11515	0.15741
0.29821	-0.27462	0.096368
0.45463	-0.278	0.048247
0.25404	-0.24077	0.13181
-0.19473	-0.038571	0.36527
0.2136	-0.28661	0.093943
0.68265	-0.19252	0.12015
0.30257	-0.24279	0.11543
-0.074264	0.11519	0.45557
-0.17451	-0.099177	0.28984
-0.18874	0.032366	0.39768
0.24201	-0.21591	0.14756
-0.14805	0.095094	0.46574
0.25763	-0.30332	0.068197
0.20941	-0.23582	0.13199
-0.20598	0.091196	0.44383
0.31232	-0.29898	0.061792
0.44493	-0.34225	0.0091968
0.43531	-0.3085	0.032803
0.63229	-0.37173	-0.051543
0.68667	-0.14266	0.14681
0.29237	-0.2114	0.1322
0.84336	-0.26554	-0.010965
0.73653	-0.12079	0.1127
0.76555	-0.32171	-0.031074
0.67851	-0.15951	0.1282
0.19469	-0.29989	0.065386
0.29345	-0.30856	0.051731
-0.040339	-0.1322	0.23385
-0.14774	-0.21264	0.17898
-0.10514	-0.15796	0.22394
-0.011477	-0.11921	0.2538
0.53266	-0.38084	-0.03509
0.40879	-0.33942	0.006648
-0.11868	-0.1093	0.24804
0.33972	-0.2737	0.077594
-0.10489	0.1059	0.45922
-0.34216	-0.26136	0.16835
0.19795	-0.20061	0.15052
0.32896	-0.31625	0.026664
-0.16197	-0.12608	0.25793
0.43282	-0.35474	-0.012057
0.47461	-0.25662	0.054789
0.26195	-0.17584	0.15059
0.68345	-0.11403	0.14432
-0.1704	-0.0036219	0.37354
0.25525	-0.31925	0.034605
0.34953	-0.24288	0.094432
-0.2541	-0.12726	0.26116
0.7382	-0.3281	-0.038903
-0.1819	-0.26588	0.13668
-0.16688	-0.24756	0.14761
0.16981	-0.28886	0.063565
0.38497	-0.30942	0.028807
-0.17351	0.0021803	0.38481
-0.31392	-0.186	0.24205
0.18933	-0.27274	0.088563
0.50969	-0.24227	0.056129
0.36117	-0.29916	0.036104
0.22965	-0.18666	0.155
0.78913	-0.31104	-0.037652
0.71518	-0.10444	0.13175
-0.12967	-0.12691	0.24743
0.34869	-0.32686	0.012715
-0.09189	-0.15249	0.2216
0.67897	-0.19919	0.097254
-0.36749	-0.21321	0.18899
-0.043868	0.032456	0.37618
-0.043962	0.014605	0.36498
-0.043559	0.13208	0.41838
-0.13198	0.13295	0.44338
-0.020702	0.082866	0.42096
0.45889	-0.36186	-0.043699
-0.28015	-0.30191	0.10371
0.17619	-0.22612	0.11561
-0.33344	-0.2848	0.1249
-0.21132	0.068289	0.41343
-0.13865	-0.072423	0.29549
-0.06255	-0.063741	0.29349
0.18196	-0.24287	0.10122
0.8277	-0.28281	-0.034417
-0.14694	0.0090898	0.37073
0.59659	-0.36485	-0.07702
0.21915	-0.31312	0.03078
0.43252	-0.26759	0.040529
-0.13356	-0.01599	0.34356
0.16041	-0.19866	0.12491
-0.1625	-0.086683	0.28369
0.67763	-0.13946	0.1201
-0.095696	-0.077774	0.28134
-0.18368	-0.030845	0.34025
0.5343	-0.3643	-0.076826
-0.17961	-0.052655	0.31361
0.28261	-0.31806	0.030183
0.28927	-0.32425	0.0079226
-0.14248	-0.13515	0.23435
-0.11085	-0.14404	0.22648
0.19977	-0.17662	0.14289
0.38032	-0.3503	-0.014916
0.38419	-0.23235	0.072252
-0.034434	-0.024531	0.30675
0.59544	-0.23089	0.050954
0.32958	-0.19961	0.11796
-0.30009	-0.12736	0.25132
0.5711	-0.23215	0.054572
-0.086998	0.01865	0.36388
-0.098556	0.039643	0.37262
-0.29625	-0.15772	0.24821
-0.061984	0.023306	0.36717
-0.022067	0.088952	0.39389
0.70152	-0.3495	-0.049794
-0.013123	-0.053773	0.28499
-0.13801	-0.097754	0.26362
-0.065665	0.13684	0.43789
0.6781	-0.17836	0.072548
0.50003	-0.36597	-0.061985
-0.080311	0.0039209	0.34681
-0.16051	-0.1451	0.19984
-0.075084	-0.092493	0.24348
0.3819	-0.35442	-0.039993
0.38204	-0.26969	0.042676
0.29566	-0.17622	0.13607
0.17253	-0.25016	0.069481
-0.047066	-0.06322	0.28199
-0.33093	-0.29428	0.10427
-0.36661	-0.24929	0.15004
0.6842	-0.20501	0.052598
0.66319	-0.22698	0.045888
-0.31427	-0.13996	0.24166
-0.14312	-0.17223	0.17504
0.67997	-0.21633	0.038
-0.159	0.1188	0.45367
-0.23334	-0.296	0.091653
-0.32273	-0.30587	0.087679
-0.14668	-0.14228	0.21663
-0.17994	0.058418	0.38788
-0.14596	-0.15907	0.21362
-0.36265	-0.1621	0.18973
-0.076161	0.13717	0.43631
-0.26442	-0.11658	0.25142
0.18267	-0.30432	0.020955
-0.025754	-0.047083	0.28266
0.30498	-0.1596	0.12613
-0.14297	-0.20646	0.15712
0.16079	-0.26983	0.041758
0.47144	-0.21557	0.049597
-0.027048	-0.015976	0.31694
0.53462	-0.21131	0.047986
-0.24049	-0.31217	0.066319
-0.21015	-0.11957	0.23568
-0.3867	-0.19416	0.1706
0.70977	-0.32065	-0.062794
-0.033304	-0.091209	0.2453
-0.37455	-0.2679	0.12436
0.30779	-0.33113	-0.019553
-0.15084	-0.24322	0.12295
-0.053766	-0.078216	0.25674
0.77084	-0.15703	0.067221
-0.061888	-0.099097	0.23909
0.77422	-0.27381	-0.039868
-0.30968	-0.31573	0.069844
-0.27664	-0.316	0.072791
-0.15781	0.082174	0.38925
-0.37102	-0.28865	0.099995
0.14225	-0.21791	0.074098
0.15085	-0.28644	0.0072252
0.43437	-0.23702	0.039418
-0.18177	0.077533	0.38841
0.39325	-0.23052	0.047799
0.24938	-0.31776	-0.012421
0.41086	-0.22683	0.038081
-0.12501	-0.21214	0.13243
0.44527	-0.34589	-0.076898
0.75111	-0.2755	-0.040078
0.68536	-0.1273	0.094975
0.22938	-0.16009	0.14021
0.16598	-0.17364	0.13355
-0.20949	-0.30168	0.067063
0.69188	-0.18216	0.027676
0.26371	-0.15113	0.13316
0.74654	-0.30017	-0.044108
-0.23445	-0.32968	0.045657
-0.11485	0.072458	0.38155
0.7119	-0.0979	0.11177
-0.35654	-0.32199	0.055909
-0.27916	-0.33691	0.044511
0.37554	-0.20593	0.089009
-0.1736	-0.26956	0.10135
-0.075028	0.087068	0.3816
-0.092012	-0.2515	0.082991
-0.19835	-0.32423	0.030566
0.17508	-0.1473	0.13773
0.79974	-0.2511	-0.030383
-0.19206	-0.12483	0.21169
-0.12952	-0.26677	0.078903
0.58132	-0.20631	0.032446
0.36437	-0.34288	-0.058811
0.69491	-0.10628	0.11514
-0.3957	-0.2979	0.069012
-0.39372	-0.27112	0.10247
0.8251	-0.22497	-0.00063121
-0.11244	-0.16994	0.14201
-0.097876	-0.26448	0.074077
-0.1416	-0.29056	0.058657
0.12249	-0.19188	0.096204
-0.33958	-0.32854	0.043395
-0.18283	0.13526	0.42797
0.54582	-0.34235	-0.10047
0.62425	-0.21196	0.027423
-0.15919	0.1447	0.43582
-0.23088	-0.10527	0.21466
0.71676	-0.28368	-0.062535
-0.20188	0.12049	0.42439
-0.28338	-0.10644	0.22671
0.12013	-0.17283	0.11427
0.4089	-0.18864	0.038762
-0.10661	-0.28388	0.045108
0.67101	-0.30843	-0.083361
0.14981	-0.23056	0.05146
-0.33301	-0.12138	0.21825
-0.20457	0.1215	0.41125
-0.10048	-0.18574	0.12665
0.69672	-0.21464	0.0078293
-0.052815	0.1155	0.38905
0.49702	-0.33794	-0.095861
0.80295	-0.2084	-0.0057941
0.65504	-0.21686	0.014591
-0.28976	-0.34983	0.0079273
-0.152	-0.13553	0.18529
0.69528	-0.086966	0.093167
0.14804	-0.2712	0.0075668
-0.41821	-0.21976	0.12001
-0.39428	-0.32476	0.023809
-0.23405	-0.34546	0.0038178
-0.12876	-0.15378	0.16519
-0.045318	0.13368	0.40222
0.74567	-0.221	-0.0205
0.54525	-0.1919	0.021679
-0.10069	0.15949	0.41325
0.69119	-0.10267	0.065163
0.51211	-0.19276	0.033202
0.40334	-0.17654	0.057561
0.30575	-0.12633	0.10249
-0.38142	-0.16632	0.17054
0.13546	-0.14196	0.13216
-0.34255	-0.13594	0.21031
-0.19638	-0.34236	-0.0097778
0.71859	-0.26661	-0.056426
-0.19791	-0.098515	0.20588
-0.30124	-0.10297	0.22206
0.78052	-0.1575	0.025058
0.31719	-0.32856	-0.049101
-0.077445	-0.2366	0.071711
0.58689	-0.19907	0.015724
-0.079037	0.15332	0.41034
-0.12889	0.14961	0.42352
0.73478	-0.23953	-0.028943
0.27514	-0.31099	-0.05141
-0.40083	-0.17595	0.16854
-0.34085	-0.34481	0.0064728
-0.082645	-0.27419	0.048004
0.68129	-0.15007	0.061856
-0.076612	-0.28089	0.022129
0.17524	-0.29148	-0.014985
-0.11937	0.12613	0.39239
0.34564	-0.14902	0.09553
0.72912	-0.21479	-0.01132
-0.43061	-0.26594	0.080369
-0.076592	-0.14147	0.13261
0.4367	-0.20469	0.03285
0.68841	-0.14774	0.037873
0.74052	-0.10373	0.075322
0.19823	-0.11719	0.12535
0.70739	-0.22624	-0.023581
0.093693	-0.16948	0.11186
0.648	-0.33358	-0.085092
0.45194	-0.18442	0.020284
0.37371	-0.17383	0.088294
0.38652	-0.34097	-0.07301
0.47172	-0.33768	-0.087678
-0.1597	0.16346	0.40933
0.14731	-0.11565	0.13019
-0.1705	0.15029	0.40395
0.086213	-0.14211	0.12427
-0.18378	0.12722	0.40348
-0.42426	-0.16278	0.16041
0.75905	-0.19099	-0.00081766
-0.41979	-0.28834	0.060922
-0.4363	-0.23326	0.09847
-0.14274	-0.10354	0.19236
0.22161	-0.30735	-0.025546
-0.12655	0.14548	0.40528
0.15894	-0.2422	0.016737
-0.078295	-0.16421	0.12263
-0.3721	-0.34142	-0.016192
0.14836	-0.23343	0.015017
-0.051622	-0.22835	0.056765
0.052374	-0.1621	0.097361
-0.15164	-0.3252	-0.01428
0.68069	-0.23256	-0.051994
-0.056846	-0.19893	0.087579
-0.13695	0.10337	0.38574
-0.10185	-0.12484	0.15691
0.24167	-0.11423	0.1163
-0.62606	0.024764	0.29574
-0.094739	0.15582	0.39931
-0.229	-0.068718	0.20363
0.33659	-0.12468	0.081436
-0.26816	-0.35472	-0.0344
0.7627	-0.14436	0.025792
-0.6	-0.013984	0.28398
-0.36148	-0.3483	-0.028604
-0.3139	-0.35316	-0.023576
-0.38601	-0.07591	0.21129
-0.066586	-0.25575	0.03045
0.65395	-0.21364	-0.037678
-0.13232	-0.062806	0.19006
0.050918	-0.21239	0.037868
-0.43129	-0.30754	0.025008
0.31111	-0.31375	-0.069255
0.049611	-0.19736	0.064568
-0.46693	-0.25665	0.061325
0.034764	-0.16863	0.091691
0.63142	-0.20665	-0.030529
-0.10535	-0.10527	0.1636
0.35865	-0.31161	-0.090612
0.5915	-0.20084	-0.019037
0.021032	-0.19065	0.074805
-0.01446	-0.18325	0.088774
0.64959	-0.27334	-0.096095
-0.075631	-0.29012	-0.018306
-0.027638	-0.22389	0.050539
-0.20584	-0.053255	0.21087
-0.046216	-0.17701	0.096023
0.62072	-0.30416	-0.10928
0.072912	-0.11479	0.12474
0.42851	-0.16914	0.031082
-0.063985	-0.12113	0.13986
0.0011647	-0.22374	0.037052
-0.37062	-0.058976	0.21392
0.43358	-0.31088	-0.10153
0.38036	-0.14139	0.060354
0.15765	-0.26834	-0.03082
-0.047586	-0.24624	0.024577
0.61391	-0.20589	-0.048554
0.06903	-0.22167	0.0059768
-0.3053	-0.081977	0.21507
-0.020174	-0.15208	0.098431
-0.56474	-0.01766	0.26558
-0.056359	-0.26135	-0.0073995
0.21058	-0.28208	-0.055754
0.25694	-0.29495	-0.066483
0.54261	-0.17828	-0.01461
0.58791	-0.32365	-0.1115
0.083681	-0.089405	0.129
0.11234	-0.068983	0.12783
-0.048678	-0.1398	0.1156
0.73951	-0.12824	0.041017
-0.21265	-0.34731	-0.066888
-0.40657	-0.3338	-0.015426
-0.63841	-0.00076216	0.27476
0.6404	-0.24003	-0.085753
-0.019966	-0.24954	0.0036083
0.010546	-0.13993	0.096762
-0.24928	-0.041809	0.19516
0.72262	-0.1579	0.021847
0.7285	-0.098633	0.063085
-0.18103	-0.036624	0.20518
0.58601	-0.28543	-0.12321
-0.57513	-0.023931	0.26247
0.70711	-0.083936	0.081736
-0.2889	-0.041871	0.19111
-0.45857	-0.16885	0.11304
-0.13262	-0.32119	-0.065562
0.00095179	-0.24626	-0.012878
0.55932	-0.30004	-0.12463
-0.27458	-0.35778	-0.058728
0.46795	-0.28596	-0.10637
0.17993	-0.085173	0.10469
-0.076643	-0.090156	0.14839
0.41008	-0.15702	0.020283
-0.073896	-0.054907	0.15451
0.52318	-0.17819	0.00020278
0.45157	-0.16747	-0.017006
0.26529	-0.093064	0.086927
0.15429	-0.228	-0.017804
0.15281	-0.25053	-0.039861
-0.37661	-0.045195	0.20955
-0.4599	-0.13706	0.14609
0.046116	-0.13692	0.10593
-0.045381	-0.11728	0.11561
0.4907	-0.18285	0.015874
-0.47343	-0.2201	0.077991
0.31035	-0.2929	-0.083645
-0.45585	-0.30891	-0.024171
0.50233	-0.29109	-0.1178
0.48429	-0.16991	-0.021227
-0.41416	-0.076967	0.18916
0.39511	-0.13127	0.02224
0.37193	-0.11626	0.033592
0.51777	-0.17435	-0.032417
0.32869	-0.10458	0.057852
-0.53225	-0.011672	0.25092
-0.46292	-0.10906	0.1522
-0.47949	-0.23969	0.05673
-0.34213	-0.35386	-0.067625
0.60513	-0.2568	-0.11016
-0.06136	-0.1046	0.12977
-0.27235	-0.35494	-0.10482
0.047339	-0.082574	0.11415
-0.053568	-0.062409	0.12886
0.003464	-0.10363	0.10412
-0.4337	-0.10537	0.15845
-0.40734	-0.12313	0.16168
-0.49483	-0.10773	0.14594
0.13765	-0.061856	0.12204
-0.37923	-0.34335	-0.069418
0.039987	-0.24459	-0.026451
-0.14413	-0.02061	0.19238
-0.097966	-0.033862	0.16972
-0.60382	0.047037	0.28947
-0.48052	-0.26216	0.031123
0.573	-0.20725	-0.075753
0.27055	-0.27396	-0.087838
0.40737	-0.27304	-0.10927
-0.62073	0.044303	0.27915
0.42847	-0.14637	0.0041216
-0.33037	-0.040682	0.18531
-0.35592	-0.031757	0.18536
0.54699	-0.19449	-0.05373
0.16167	-0.22134	-0.03879
-0.047418	-0.26091	-0.066199
-0.42261	-0.32955	-0.053664
-0.04964	-0.26271	-0.039582
-0.0029324	-0.07637	0.10653
-0.5098	-0.21119	0.052638
0.63063	-0.21872	-0.070158
-0.40399	-0.03638	0.21274
-0.63779	0.01654	0.26123
-0.63398	-0.0056704	0.2564
0.40732	-0.14474	-0.012044
-0.17545	-0.33379	-0.09192
-0.475	-0.28782	-0.014004
0.52099	-0.2598	-0.12166
0.31002	-0.2512	-0.098288
0.097148	-0.21916	-0.036125
-0.45387	-0.090397	0.14975
-0.49276	-0.12568	0.12386
-0.50413	-0.24136	0.035318
-0.43941	-0.039911	0.1944
-0.47872	-0.16715	0.099091
-0.2333	-0.0037852	0.18833
-0.15646	0.013259	0.18244
-0.088934	-0.013637	0.15933
0.55862	-0.25765	-0.12343
0.2152	-0.069335	0.072694
0.58063	-0.23589	-0.10742
0.46451	-0.25303	-0.1042
0.16525	-0.25811	-0.050177
0.2034	-0.24662	-0.07571
0.27116	-0.23827	-0.092833
0.0029689	-0.25627	-0.055388
0.42613	-0.14437	-0.017209
-0.14095	0.014965	0.17739
0.37446	-0.25482	-0.10762
-0.32665	-0.35119	-0.11443
0.4494	-0.17775	-0.050313
0.5296	-0.21605	-0.098496
-0.48731	0.011961	0.21623
0.48422	-0.1759	-0.047652
0.37096	-0.11001	0.0070744
-0.010205	-0.048685	0.10822
0.30688	-0.083235	0.033388
-0.49828	-0.15645	0.0878
0.24122	-0.25019	-0.087939
-0.41437	-0.00695	0.21439
-0.54505	-0.0057154	0.18558
-0.49812	-0.0024728	0.20226
0.17666	-0.20695	-0.050333
0.45588	-0.22741	-0.095217
-0.44327	-0.069886	0.16814
0.078341	-0.23036	-0.063667
-0.52691	-0.10785	0.1168
-0.51092	-0.25193	-0.0088301
0.12539	-0.02705	0.10737
-0.59181	-0.012933	0.23515
-0.49403	-0.27649	-0.053161
0.07555	-0.059507	0.11853
-0.52356	-0.0088332	0.20094
-0.019411	-0.26591	-0.067509
0.50221	-0.22055	-0.10049
-0.22839	-0.34318	-0.12499
-0.39727	-0.33917	-0.078077
0.1425	-0.21596	-0.045202
-0.40892	0.0030919	0.21594
0.38462	-0.21453	-0.097884
-0.50561	-0.092409	0.14182
0.445	-0.19902	-0.076836
-0.49002	-0.26657	-0.0020995
0.50754	-0.19114	-0.068232
-0.10841	-0.30864	-0.098223
-0.49274	0.022893	0.22826
-0.54208	0.069191	0.25477
-0.17314	-0.32055	-0.14264
-0.46525	0.0064109	0.21345
-0.088007	-0.29279	-0.11247
0.20439	-0.22388	-0.075935
-0.40198	0.023719	0.22306
0.28805	-0.2226	-0.097961
-0.42901	0.045805	0.23514
0.46463	-0.19068	-0.071371
-0.43852	-0.32287	-0.086486
0.14912	-0.046927	0.10268
0.024291	-0.052609	0.10614
-0.35231	-0.33985	-0.12589
-0.59764	0.059429	0.24904
-0.54657	0.032429	0.25241
-0.52185	-0.12859	0.10193
-0.52813	-0.21952	0.016471
-0.48669	-0.061086	0.14402
-0.53512	-0.19241	0.036592
-0.52119	-0.17416	0.065387
-0.52809	-0.14355	0.072272
0.19987	-0.046075	0.071572
-0.29263	0.0012422	0.16411
0.22474	-0.063311	0.051976
0.046914	-0.24589	-0.0798
0.19573	-0.19255	-0.052863
-0.28285	-0.34846	-0.12783
0.15776	-0.027497	0.09392
-0.58758	0.066959	0.26477
-0.19534	0.028043	0.16967
0.057165	-0.0096158	0.10078
-0.38173	0.050882	0.22821
0.40683	-0.15886	-0.049172
-0.39431	0.072735	0.24645
-0.4677	0.059668	0.23771
-0.58013	0.0070029	0.19122
0.39043	-0.12947	-0.02712
-0.62113	0.022243	0.23404
-0.09453	0.0099754	0.14829
0.39193	-0.17914	-0.082352
0.19764	-0.17477	-0.055362
-0.46687	-0.30245	-0.08646
0.36991	-0.11395	-0.01503
0.0049127	-0.25478	-0.094106
-0.49769	-0.013245	0.18246
-0.05443	-0.26237	-0.096479
-0.50265	-0.025115	0.16221
0.23265	-0.05916	0.014076
-0.37869	-0.0081264	0.19243
-0.051299	-0.026214	0.12144
0.22006	-0.17138	-0.057595
-0.013472	-0.26254	-0.1024
0.12699	-0.20662	-0.072189
-0.37731	0.068603	0.24231
0.27079	-0.19931	-0.086307
-0.44663	0.07191	0.24028
-0.37638	0.030839	0.19511
0.32785	-0.22386	-0.10215
0.08149	-0.2232	-0.09298
0.30342	-0.080408	0.012004
-0.43006	-0.31793	-0.11321
-0.51545	0.040736	0.23536
-0.11081	0.015796	0.15104
0.31149	-0.17585	-0.09279
0.19022	-0.036786	0.081268
-0.5256	-0.040809	0.12532
-0.48991	0.074014	0.2395
0.14665	-0.19795	-0.080046
0.28003	-0.15835	-0.065992
-0.083677	-0.2716	-0.12318
0.35257	-0.19091	-0.097004
-0.11834	-0.30025	-0.13986
-0.39884	-0.33319	-0.11906
-0.54365	-0.075735	0.12178
-0.3711	0.11113	0.25055
-0.53462	-0.232	-0.034239
-0.28413	-0.33793	-0.15756
-0.55384	-0.14954	0.039263
0.24402	-0.16937	-0.061923
0.17015	-0.01041	0.072883
0.17107	-0.17991	-0.095106
-0.35189	0.033998	0.1723
-0.55431	-0.12884	0.05973
-0.26404	-0.3325	-0.15841
-0.5928	0.037566	0.21306
-0.02267	-0.25808	-0.12448
-0.046629	0.009028	0.1143
-0.45328	0.11189	0.25608
-0.36991	0.048517	0.19577
-0.53276	-0.011878	0.15735
-0.017977	0.0062107	0.099411
-0.54654	9.4143e-05	0.15515
-0.35854	0.098851	0.23165
0.046359	-0.23141	-0.11769
0.27896	-0.1272	-0.050282
0.19325	-0.16806	-0.076684
-0.50114	0.087879	0.23676
-0.23951	-0.32391	-0.17934
-0.52035	0.085199	0.2287
-0.054151	-0.24371	-0.14132
0.34114	-0.14905	-0.078561
0.35582	-0.12734	-0.052506
-0.4005	0.10958	0.25285
-0.56145	-0.087791	0.084669
-0.0052375	-0.24896	-0.13263
-0.56777	0.026277	0.18103
-0.36563	-0.32965	-0.14773
0.25504	-0.062811	0.0013016
0.2868	-0.0845	-0.018066
-0.4371	0.13186	0.26435
0.0085057	-0.00050185	0.093833
0.11338	0.021977	0.072279
-0.26851	0.027516	0.1465
-0.33711	-0.33422	-0.16127
-0.33292	0.014541	0.1634
0.20634	-0.14313	-0.056744
-0.56384	-0.17031	0.0043913
-0.38103	0.12362	0.25663
-0.34946	0.13908	0.26665
0.24774	-0.12785	-0.046285
-0.16381	0.054256	0.14896
-0.5564	0.012792	0.16331
0.32233	-0.099242	-0.029977
-0.35922	0.15895	0.28413
-0.22816	0.031655	0.15107
-0.55932	0.063491	0.20881
0.16968	-0.31322	-0.24179
-0.34328	0.1874	0.29438
-0.34792	0.13074	0.24489
0.19902	-0.30273	-0.22919
-0.15185	-0.29929	-0.17253
0.20843	-0.037836	0.027073
-0.078389	0.016618	0.11653
0.31621	-0.12137	-0.056312
-0.53971	0.076472	0.20754
0.1973	-0.32182	-0.23624
-0.3735	0.17065	0.28159
-0.57388	-0.062039	0.095435
0.29169	-0.10443	-0.048441
-0.53545	-0.016719	0.13269
-0.35137	0.089226	0.20927
-0.34214	0.051215	0.17255
0.18039	-0.3134	-0.25586
0.09182	-0.20462	-0.12627
0.19896	-0.16229	-0.095077
-0.039792	-0.24499	-0.1343
0.052884	0.019964	0.087747
-0.46835	0.11635	0.23938
-0.42506	0.16219	0.26247
-0.39273	0.14088	0.25717
-0.11001	0.039925	0.11325
-0.3174	0.16732	0.25051
0.047887	-0.20599	-0.15356
-0.327	0.11155	0.20723
-0.45011	0.14502	0.25952
-0.51153	0.10362	0.21065
0.22892	-0.059669	-0.0093858
-0.10745	-0.28672	-0.14675
0.061584	-0.21094	-0.14241
-0.32853	0.19734	0.29334
-0.49317	-0.27559	-0.1149
-0.35592	0.24088	0.29382
-0.57077	-0.035151	0.09551
0.016964	0.03211	0.090496
-0.31214	0.14031	0.23084
-0.31252	0.074359	0.15616
0.23711	-0.077949	-0.03847
-0.30661	-0.30928	-0.20989
0.21039	-0.027883	0.014496
0.032206	-0.21056	-0.16156
-0.10988	-0.27084	-0.15555
-0.052088	0.041392	0.10368
0.22973	-0.092094	-0.062861
-0.24224	0.039609	0.12975
-0.52096	-0.24078	-0.11215
0.23195	-0.2917	-0.2159
-0.55661	0.044429	0.17382
0.1815	-0.17591	-0.10795
0.11079	-0.18729	-0.13715
0.16761	0.0070458	0.050143
-0.57202	-0.11815	0.028467
0.099141	0.035528	0.072523
-0.52328	0.0991	0.20356
0.13741	-0.1798	-0.12987
-0.095106	0.044452	0.10186
-0.17955	0.062566	0.13525
0.24537	-0.25688	-0.19508
-0.43176	-0.29967	-0.16944
-0.57852	-0.06816	0.061795
-0.39673	0.19133	0.26298
0.25993	-0.25913	-0.19897
0.052387	0.047931	0.083038
0.21173	-0.17133	-0.11601
0.24925	-0.29177	-0.22592
0.19605	-0.0027625	0.026789
0.24144	-0.3007	-0.25707
-0.14244	-0.28505	-0.17383
-0.33991	0.25252	0.28747
0.28287	-0.23232	-0.19565
-0.55903	-0.018905	0.097556
-0.55713	0.042924	0.15258
0.22401	-0.26102	-0.20377
0.22897	-0.20556	-0.15357
-0.34943	-0.30777	-0.19896
-0.27194	-0.31801	-0.18945
0.0029805	-0.212	-0.16042
0.26184	-0.21891	-0.16652
-0.58148	-0.11124	0.0015486
-0.46472	-0.28593	-0.16002
0.21934	-0.18107	-0.12761
-0.5515	0.006459	0.13318
-0.57436	-0.16465	-0.053385
-0.30802	0.2204	0.27263
0.20184	-0.2785	-0.22057
0.27286	-0.26699	-0.22676
-0.29024	0.17407	0.22812
0.1712	-0.18202	-0.12829
0.22824	-0.22998	-0.18094
0.21751	-0.053942	-0.03183
-0.45819	0.15625	0.23252
-0.41922	0.18152	0.25471
-0.18326	-0.29362	-0.19988
-0.55127	-0.20709	-0.074604
-0.46132	-0.29974	-0.12745
-0.26678	0.058671	0.1325
-0.14082	0.058595	0.14114
-0.12782	0.063431	0.094426
-0.5893	-0.035129	0.076609
-0.2445	-0.30711	-0.20646
0.19603	-0.19045	-0.14687
-0.10473	-0.24181	-0.19115
-0.21394	0.056355	0.11367
0.21019	-0.011062	-0.0081733
-0.29882	0.053488	0.14505
0.24207	-0.15403	-0.13416
0.2617	-0.18789	-0.14805
-0.39852	-0.31283	-0.17515
0.2067	-0.12853	-0.076243
0.21203	-0.1418	-0.1005
0.15926	-0.17466	-0.15167
-0.20379	-0.30686	-0.19142
-0.48825	0.14317	0.21968
-0.31086	0.24016	0.26945
-0.54813	0.068351	0.17712
-0.28995	0.10089	0.13093
0.18802	0.016673	0.014733
0.21239	-0.097617	-0.073382
-0.030949	0.053466	0.086227
-0.17436	-0.28632	-0.19848
-0.39883	0.22746	0.27162
0.21407	-0.30658	-0.25962
0.27046	-0.26696	-0.24419
-0.36541	0.26855	0.27859
-0.29273	0.21126	0.24202
0.21554	-0.08017	-0.064343
0.27891	-0.18937	-0.17417
0.20593	-0.19389	-0.1668
0.21699	-0.21201	-0.18763
0.21287	-0.23532	-0.2101
-0.30764	0.10214	0.1705
0.015531	0.067345	0.069896
0.19276	-0.28095	-0.23612
0.15105	0.03188	0.045239
-0.28591	0.16214	0.20203
-0.35566	-0.29085	-0.21917
-0.10675	0.07746	0.069274
0.28546	-0.23536	-0.2294
-0.060578	-0.20871	-0.19806
-0.15259	-0.26854	-0.17906
-0.42345	-0.28921	-0.19541
-0.48754	0.17512	0.197
-0.18579	-0.27217	-0.22738
0.051144	0.06676	0.072448
0.21443	-0.038914	-0.036151
0.20727	-0.10107	-0.091044
-0.46473	0.17428	0.21071
0.2258	-0.12464	-0.11624
0.1892	0.023387	-0.0063394
0.2869	-0.19873	-0.20942
-0.59082	-0.067695	0.022548
-0.20104	0.071042	0.093068
-0.41222	0.21375	0.24876
-0.56415	-0.17683	-0.10457
-0.58376	-0.12692	-0.023273
0.20047	-0.064727	-0.075352
0.12741	-0.16437	-0.15875
0.19881	-0.25641	-0.23825
0.13171	0.060887	0.051842
-0.57462	0.083864	0.11162
-0.59414	-0.041212	0.056953
0.2012	-0.27448	-0.27568
-0.53882	0.14905	0.14993
-0.27816	0.20173	0.21391
-0.57793	0.0070619	0.07496
-0.2707	0.08701	0.1149
0.098331	0.065768	0.057217
-0.16422	0.078689	0.093308
0.10024	-0.15554	-0.17691
0.20635	-0.18087	-0.19799
-0.27876	0.18019	0.19169
-0.17139	-0.26325	-0.19833
-0.29152	0.13538	0.16147
0.15927	0.063797	0.016025
0.19858	-0.2562	-0.25831
-0.2775	-0.28958	-0.22423
-0.50061	-0.24437	-0.16901
0.25057	-0.1388	-0.15391
-0.29747	-0.28504	-0.23623
-0.59627	-0.02883	0.0090666
0.19023	-0.034224	-0.060273
0.27125	-0.1636	-0.15957
-0.44019	0.203	0.22347
0.27134	-0.24511	-0.25373
-0.14666	0.07789	0.086161
-0.11776	-0.22211	-0.2238
-0.60109	-0.0079021	0.046287
0.06737	0.083195	0.046458
0.011644	0.078614	0.054492
-0.58723	-0.11601	-0.053655
-0.33194	0.26662	0.26575
-0.27062	0.10267	0.094018
0.19951	-0.008456	-0.03451
-0.5766	0.03187	0.078795
0.064656	-0.1653	-0.18998
0.22155	-0.26899	-0.27574
0.27867	-0.2124	-0.23613
-0.33873	-0.27899	-0.24003
0.22124	-0.10455	-0.13106
-0.27687	0.21497	0.18993
0.13552	-0.14815	-0.17574
0.0047561	-0.19807	-0.19059
-0.15221	0.095013	0.070828
-0.043976	0.084202	0.054962
-0.032279	-0.20221	-0.2028
0.23849	-0.24026	-0.26945
0.21394	-0.19454	-0.21564
-0.29265	0.23112	0.20932
-0.29612	0.1423	0.12905
0.105	0.090863	0.030387
0.20648	-0.084782	-0.11517
-0.56785	0.11506	0.12564
-0.29546	0.18408	0.15668
-0.40272	-0.2733	-0.22653
-0.28891	0.12234	0.10912
0.22134	-0.23286	-0.26486
-0.36053	0.28681	0.26655
-0.41063	0.23486	0.22795
-0.12826	0.091102	0.05467
0.033906	0.089907	0.04307
0.027832	-0.18269	-0.18827
0.22037	-0.18422	-0.2305
-0.20948	-0.26222	-0.24894
0.19756	-0.16411	-0.19654
0.26327	-0.21623	-0.25559
-0.39394	0.25698	0.25795
0.19659	0.019129	-0.041299
0.26439	-0.14298	-0.18751
-0.53404	-0.20387	-0.14238
0.27046	-0.17141	-0.22477
0.19093	-0.044821	-0.10748
0.13772	0.086678	-0.0056753
-0.077144	0.088574	0.06316
-0.42988	0.22656	0.2069
-0.1644	-0.24974	-0.23928
-0.60207	-0.0062529	0.026523
0.19465	0.029984	-0.029541
0.25718	-0.13458	-0.1992
-0.49604	-0.21169	-0.20814
-0.58742	-0.092402	-0.040323
0.19045	-0.0027509	-0.062603
-0.19148	0.092658	0.072557
0.20403	-0.086849	-0.14772
-0.46413	-0.25885	-0.2
-0.24858	-0.26392	-0.25543
0.21581	0.077675	-0.0035232
-0.0033492	-0.17251	-0.21
0.18094	0.051008	-0.01891
0.17141	-0.15367	-0.18389
-0.12597	-0.22157	-0.24187
-0.14169	0.12617	0.055679
-0.51424	-0.19157	-0.18998
-0.5904	-0.085649	-0.062353
-0.58951	0.024467	0.044333
-0.58171	0.091845	0.08238
-0.57722	0.054509	0.056051
0.22611	0.08568	-0.018573
-0.068507	0.1023	0.037892
0.053778	0.10073	0.015585
-0.32274	0.27254	0.23174
-0.28268	0.11535	0.087376
-0.24121	0.10973	0.045306
-0.303	0.23758	0.19431
0.24049	-0.16547	-0.23419
0.17611	-0.12625	-0.18948
-0.12085	0.097474	0.031445
0.13356	0.098073	-0.012305
0.20045	0.093229	0.0047548
0.22058	-0.14828	-0.2113
-0.1579	0.11518	0.066857
0.21511	0.03962	-0.043334
0.25436	-0.17577	-0.23995
0.42228	0.20794	0.080178
0.19909	-0.022466	-0.10365
-0.30324	0.15387	0.12315
-0.45661	-0.23388	-0.22972
-0.25598	0.11196	0.049187
-0.48412	0.20704	0.16611
0.18817	-0.061636	-0.15697
0.19233	0.022751	-0.076273
-0.07664	-0.19485	-0.21642
-0.47159	0.22476	0.17987
0.14369	-0.11979	-0.19085
-0.04644	0.10636	0.014641
-0.45412	0.23234	0.19016
0.44883	0.24234	0.1019
0.40883	0.23412	0.096555
-0.28707	0.22204	0.17508
0.19176	-0.089817	-0.1701
0.46333	0.22949	0.08193
0.22734	0.10574	0.0066094
-0.59368	-0.020001	0.00045977
-0.40799	0.2355	0.17925
0.19574	-0.11482	-0.18893
0.23835	-0.12784	-0.20154
-0.18694	0.12768	0.059513
-0.31219	0.1342	0.060012
-0.56517	-0.13213	-0.14126
0.19654	-0.045327	-0.13927
-0.32622	0.27603	0.21076
0.26584	0.1078	-0.0040053
-0.56361	0.14252	0.12791
0.16606	-0.10062	-0.18725
-0.32156	0.23903	0.18206
0.38643	0.20256	0.074216
-0.60147	0.022679	0.00040355
-0.037111	-0.17254	-0.22544
0.11713	0.097812	-0.020001
-0.5887	-0.094258	-0.085566
0.24878	0.14518	0.023977
0.21814	0.062956	-0.062301
-0.31639	0.19328	0.13767
0.36283	0.24095	0.087217
0.45958	0.28106	0.12323
0.4453	0.2061	0.062908
0.10679	-0.11216	-0.20883
0.40203	0.26069	0.11091
0.49044	0.27146	0.10512
0.45031	0.32048	0.1377
0.38715	0.19142	0.037185
-0.31529	0.23218	0.16212
0.01866	0.10213	0.014107
-0.37417	-0.23588	-0.26207
-0.46476	0.23802	0.17095
-0.43287	0.23272	0.15243
0.23821	0.099091	-0.0084732
-0.58107	0.046692	0.023205
-0.59493	0.0074721	-0.016898
0.26382	0.09063	-0.032748
0.35446	0.22075	0.072114
-0.35722	0.292	0.23553
0.46945	0.21221	0.049381
-0.57666	-0.10119	-0.12982
0.30237	0.17983	0.02569
0.20284	0.1557	0.024297
0.42955	0.19214	0.014494
0.41115	0.29725	0.12155
-0.37781	0.2881	0.22015
-0.29679	-0.25075	-0.26739
0.50054	0.2452	0.063273
-0.12985	0.12953	0.028999
-0.33068	0.1655	0.10478
-0.59169	-0.021821	-0.049506
0.35427	0.19605	0.042931
-0.50994	0.19371	0.15005
-0.15638	0.14328	0.051376
0.48976	0.30573	0.12644
-0.58335	-0.047602	-0.074807
0.37447	0.27613	0.10131
0.3124	0.23894	0.071788
0.50879	0.26076	0.069368
-0.020013	0.10741	0.0068393
0.10264	0.099762	-0.030991
0.07434	0.10289	-0.023555
-0.52064	-0.1633	-0.19448
0.17652	-0.08194	-0.18348
-0.37368	0.28708	0.19546
-0.34535	0.26437	0.18204
-0.41858	-0.20941	-0.26411
-0.58675	0.11024	0.090769
-0.16713	-0.20877	-0.27073
-0.081302	-0.17056	-0.23243
0.038565	-0.13192	-0.22446
0.49153	0.34364	0.14737
0.28141	0.089233	-0.056717
-0.32256	0.14524	0.081568
0.22192	-0.0139	-0.18367
0.22309	0.024749	-0.11748
0.53258	0.30809	0.10382
0.3533	0.27281	0.096613
-0.36204	0.2171	0.12337
-0.59396	0.1316	0.10763
0.25528	0.18792	0.033758
-0.23932	-0.22151	-0.28707
-0.39494	0.24028	0.15653
-0.023877	-0.13577	-0.23401
-0.39635	-0.23681	-0.25645
0.45169	0.20155	0.021819
-0.54838	0.1749	0.1289
0.29466	0.11688	-0.023115
0.30517	0.1511	0.004683
0.23548	0.091018	-0.045633
0.33222	0.18027	0.018076
0.30644	0.20299	0.044118
-0.071038	0.11175	0.0084109
0.028735	0.10194	-0.010899
-0.18086	-0.21108	-0.27996
0.16827	0.16144	0.01379
-0.23564	0.12745	0.042611
0.52709	0.33766	0.13127
0.46247	0.36597	0.15283
0.36721	0.18684	0.012162
-0.36934	0.26708	0.17075
-0.59384	0.16608	0.12105
0.51789	0.45795	0.23646
0.22553	-0.010058	-0.14883
-0.58319	-0.070582	-0.10646
0.29452	0.22675	0.056452
-0.377	0.24159	0.14347
0.19976	0.18592	0.027927
0.25689	0.23003	0.052952
0.51258	0.25966	0.046854
0.53726	0.42873	0.20171
0.41591	0.33077	0.12638
-0.57171	0.090987	0.049599
0.29922	0.091236	-0.066067
0.25987	0.071588	-0.084917
-0.37593	0.18054	0.084799
0.075495	0.10458	-0.061281
0.35137	0.29866	0.098693
0.21953	0.064167	-0.082164
-0.6322	0.15495	0.092078
-0.59205	0.11332	0.066785
0.34556	0.16413	-0.010934
-0.50321	-0.14107	-0.22743
-0.47329	0.22703	0.15101
-0.34963	0.18909	0.11088
-0.10208	0.10855	0.0024397
-0.33838	-0.2146	-0.28812
0.20054	-0.034677	-0.1951
0.51061	0.43377	0.1985
0.49743	0.371	0.15369
0.58972	0.3973	0.16728
0.56758	0.41842	0.18801
0.53785	0.46058	0.23684
0.52649	0.37426	0.15382
0.54364	0.36057	0.13962
-0.5299	0.19465	0.11595
0.47856	0.22133	0.027969
-0.40897	0.23361	0.12545
0.4836	0.45792	0.22416
0.31024	0.27191	0.078473
-0.027956	0.10289	-0.028332
0.58296	0.42556	0.18775
-0.13702	-0.20788	-0.26361
-0.10683	-0.18765	-0.25261
-0.47959	-0.1895	-0.2336
0.43632	0.37291	0.14716
0.12051	-0.087535	-0.2254
-0.045115	-0.12948	-0.24403
0.14917	0.1641	0.0023689
0.55875	0.32466	0.085487
-0.37975	0.23338	0.12635
-0.37715	0.20609	0.10102
0.17218	-0.059726	-0.20937
-0.59023	0.04254	-0.0093013
0.39948	0.19582	-0.014402
0.55972	0.35032	0.11718
-0.55803	0.071698	0.0083943
-0.059268	0.10857	-0.020119
0.49679	0.51818	0.25342
0.39101	0.31317	0.11136
0.50943	0.39297	0.16157
0.48561	0.51788	0.25323
-0.5857	0.022425	-0.035337
0.52735	0.49756	0.23378
0.57854	0.36418	0.13205
-0.36601	-0.21266	-0.27881
-0.5816	0.11454	0.051864
0.30265	0.070665	-0.1047
0.28494	0.252	0.060864
0.54661	0.47775	0.22909
-0.092318	0.11856	-0.024919
0.15759	-0.03381	-0.24436
0.427	0.38029	0.14072
-0.3018	-0.19611	-0.30377
-0.0043043	0.10577	-0.039542
-0.61085	0.20056	0.11399
-0.34935	0.15106	0.041429
-0.55812	0.084676	0.027892
-0.47526	0.21589	0.11757
0.26742	0.02472	-0.14255
0.30752	0.30012	0.078764
0.45486	0.21752	-0.017841
0.040936	0.10999	-0.092357
0.21968	0.21606	0.026288
0.28611	0.041158	-0.12481
0.25019	0.015942	-0.14508
0.48352	0.45369	0.1987
-0.22129	0.16649	0.021718
-0.26466	0.14563	0.028403
-0.57533	0.20448	0.11972
0.39296	0.36107	0.12995
0.48103	0.40438	0.15295
-0.62657	0.16308	0.10268
0.49135	0.42109	0.16592
0.28754	0.0365	-0.14261
0.61589	0.38594	0.10788
-0.51385	0.18799	0.073119
-0.55632	0.12019	0.039689
-0.55089	0.19038	0.076124
0.48954	0.53518	0.24842
-0.57127	-0.012168	-0.082245
0.35686	0.3215	0.10152
0.085284	-0.078508	-0.2303
-0.23671	-0.2008	-0.29822
0.35873	0.15925	-0.039379
0.56845	0.34467	0.089064
-0.52918	0.13539	0.033843
0.22334	0.25491	0.039185
0.60557	0.41061	0.14955
-0.078753	-0.098105	-0.24679
0.54872	0.31394	0.052225
-0.60591	0.21388	0.10866
0.27301	0.029386	-0.16139
-0.30383	0.14661	0.013972
0.31015	0.075853	-0.12346
0.45967	0.41582	0.14333
-0.48754	0.20624	0.093037
0.43272	0.20606	-0.02636
-0.56202	0.066278	-0.010208
-0.029561	-0.097994	-0.24347
0.6311	0.41742	0.092486
0.26483	0.27074	0.051613
0.18165	0.20411	0.01663
-0.40927	0.23254	0.09811
-0.57467	0.058564	-0.026955
-0.55563	-0.078638	-0.17132
-0.43462	-0.17152	-0.27046
-0.0070571	-0.10455	-0.24222
-0.15993	0.17361	0.011423
-0.1203	-0.12164	-0.2921
-0.65264	0.18797	0.071796
-0.14147	0.16144	0.0053264
0.37733	0.1756	-0.041595
0.5093	0.53651	0.23513
-0.39127	-0.19843	-0.27896
-0.65263	0.20305	0.084009
-0.1282	-0.1651	-0.28397
-0.39495	0.22153	0.087482
0.61348	0.37887	0.058104
0.33926	0.1094	-0.10216
0.46785	0.47638	0.21015
-0.18717	0.18199	0.0078733
0.3643	0.1426	-0.083971
-0.57216	-0.072142	-0.13514
0.37105	0.36431	0.11539
-0.099634	-0.11659	-0.2574
0.2167	-0.0035566	-0.21245
0.60803	0.43263	0.13764
0.55479	0.49592	0.19049
-0.60777	0.15675	0.047187
-0.2703	0.1633	0.013833
-0.52147	0.17988	0.06496
0.56468	0.34629	0.057364
-0.3454	0.15203	0.016544
-0.085441	0.1154	-0.067836
0.24373	0.006784	-0.1928
-0.52349	0.15483	0.042285
-0.52758	-0.11763	-0.19947
-0.53778	0.16124	0.048973
-0.046153	0.10005	-0.083858
0.034569	-0.077071	-0.24224
-0.11362	0.14527	-0.036123
0.42638	0.41679	0.13526
0.040367	0.11608	-0.057635
0.58875	0.36103	0.084974
-0.56522	0.030574	-0.064602
0.34183	0.33591	0.087628
0.40459	0.20888	-0.041247
-0.41076	-0.15161	-0.28465
-0.49924	0.1528	0.013065
-0.53149	-0.079702	-0.19882
0.30611	0.32294	0.063154
0.21397	0.2458	0.0078641
0.12848	0.17918	-0.021188
0.27214	0.038863	-0.18737
0.37589	0.17074	-0.078067
0.05333	0.11664	-0.11968
0.078898	0.11375	-0.074222
-0.56708	-0.049037	-0.1374
-0.42029	0.20384	0.047873
-0.55177	-0.016386	-0.13173
-0.44867	0.21199	0.059164
-0.40275	0.18026	0.053018
-0.20303	-0.18553	-0.3024
0.46803	0.48246	0.17947
0.40212	0.40917	0.12161
0.48012	0.25129	-0.029353
-0.2988	0.1618	-0.0047429
0.49478	0.24773	0.0084865
0.39561	0.20234	-0.071614
0.2811	0.28973	0.055323
0.47637	0.43851	0.15263
0.47107	0.5236	0.20355
0.45433	0.43111	0.13131
0.047231	-0.043301	-0.24522
-0.47204	0.18736	0.031532
-0.50742	-0.10521	-0.21846
-0.49616	0.11419	-0.039443
-0.27242	0.17826	0.0056945
0.31927	0.10299	-0.14524
0.1773	-0.012378	-0.24646
-0.23024	0.18268	-0.0021961
0.43047	0.22247	-0.043612
-0.20552	-0.14845	-0.31631
0.48273	0.53764	0.22172
0.34805	0.36133	0.081537
-0.57882	0.19424	0.039761
-0.48611	0.1439	-0.011044
-0.63746	0.22589	0.072751
-0.15249	0.17914	-0.042682
-0.039201	-0.068634	-0.24513
0.496	0.55077	0.22384
0.29467	0.32633	0.0452
0.17471	0.23001	-0.0014234
0.57843	0.36754	0.048572
-0.26176	-0.17972	-0.3151
0.36117	0.39162	0.088252
-0.41764	0.19105	0.027396
-0.14651	-0.12909	-0.29694
-0.60067	0.21349	0.043362
-0.44969	-0.11359	-0.26917
-0.53607	-0.030735	-0.18584
-0.53347	0.015034	-0.11866
0.24172	0.28006	0.00072432
-0.042632	0.087698	-0.1231
0.37424	0.1602	-0.097863
0.63021	0.42858	0.089705
0.55477	0.35325	0.034571
-0.61501	0.20985	0.035113
-0.0007018	0.10065	-0.11643
0.11604	0.19384	-0.046646
0.22569	0.27012	-0.028351
0.51727	0.56516	0.19884
-0.43531	0.19236	0.019394
0.38204	0.19136	-0.093973
-0.11567	-0.093496	-0.28715
-0.48083	-0.11989	-0.24344
-0.034672	-0.020064	-0.23714
0.52457	0.30002	0.0071847
0.33633	0.13563	-0.14099
0.10815	-0.044295	-0.2478
0.069563	0.13715	-0.12547
0.12338	-0.02812	-0.25755
-0.0042264	-0.041151	-0.24697
0.4594	0.24933	-0.047756
-0.40527	0.18637	-0.017357
-0.08322	-0.038678	-0.23946
0.26368	0.29437	0.026025
-0.34454	0.1604	-0.005584
0.47056	0.4668	0.15945
0.60822	0.38909	0.049041
0.46047	0.51025	0.16937
-0.50705	0.044724	-0.1261
-0.24783	-0.14886	-0.32418
0.18347	0.25931	-0.03647
0.15534	0.2331	-0.026775
-0.057827	0.091729	-0.13078
0.027329	-0.027765	-0.24523
-0.2634	0.18535	-0.019624
-0.4632	-0.087537	-0.26223
0.28979	0.096824	-0.19768
-0.30366	-0.1624	-0.32026
0.48464	0.2838	-0.041561
-0.41824	0.18669	-0.004838
-0.63643	0.20124	0.043053
0.23169	0.035909	-0.22598
-0.38066	-0.16604	-0.29841
-0.017643	0.090544	-0.15733
0.086042	0.17454	-0.097749
-0.090406	0.10432	-0.13686
-0.13142	0.15152	-0.087234
0.35539	0.37106	0.069691
-0.50477	0.10023	-0.088995
0.39531	0.42412	0.096761
0.26417	0.30044	-0.0020233
-0.10428	-0.043388	-0.25118
0.28459	0.32798	0.0059355
-0.44976	0.16977	-0.015087
0.47058	0.49481	0.13069
0.43203	0.43575	0.10397
0.4621	0.57211	0.2019
-0.47772	0.11816	-0.08599
-0.22272	0.19984	-0.046448
0.0033998	-0.01269	-0.24081
0.40353	0.23872	-0.071331
-0.11674	-0.042927	-0.26516
0.56855	0.51394	0.136
0.5362	0.3675	0.010278
0.35716	0.19883	-0.13183
0.035314	0.1092	-0.15279
0.46421	0.53285	0.1653
0.12664	0.22169	-0.065484
0.32675	0.35029	0.051139
0.26472	0.063263	-0.21297
0.47002	0.45897	0.11606
-0.33212	-0.13031	-0.32164
0.48728	0.58138	0.20419
0.55673	0.38869	0.033347
-0.19729	-0.10974	-0.31426
-0.5114	-0.0029945	-0.19204
0.014332	0.10495	-0.13868
0.62138	0.42506	0.064181
0.51445	0.32077	-0.017105
-0.12937	-0.076392	-0.29688
-0.49351	-0.080109	-0.23594
0.44314	0.26523	-0.065351
-0.10717	0.12314	-0.12069
-0.076169	0.0042731	-0.22239
0.31525	0.13602	-0.16659
0.53203	0.56283	0.17039
-0.28432	0.17656	-0.021548
-0.35515	0.18118	-0.040061
-0.042748	0.080102	-0.16636
-0.010706	0.016443	-0.22826
0.3912	0.40391	0.031827
-0.075003	0.085559	-0.15702
0.084362	-0.0091544	-0.25739
-0.41613	0.18478	-0.036637
-0.078889	0.034839	-0.2003
-0.037946	0.011456	-0.22595
0.41261	0.42245	0.059552
0.021662	0.010432	-0.24646
-0.23078	-0.1105	-0.3252
-0.38158	0.19948	-0.042017
0.062652	0.13617	-0.16146
-0.399	-0.11419	-0.30093
0.4804	0.47564	0.09023
0.43683	0.44174	0.072709
0.33873	0.17967	-0.14636
-0.31517	0.19404	-0.053254
-0.12624	-0.031144	-0.2823
-0.26266	-0.1089	-0.32723
0.57626	0.52615	0.1076
-0.15042	-0.062492	-0.29752
-0.091217	0.055096	-0.1862
-0.10408	0.10051	-0.14757
-0.63489	0.21987	0.045217
0.26305	0.28846	-0.034428
-0.01198	0.069698	-0.19651
-0.10639	0.0055628	-0.23195
-0.1166	0.041249	-0.22025
-0.49495	-0.022373	-0.21983
-0.41353	-0.095116	-0.29003
-0.031736	0.047802	-0.20415
0.058336	0.01628	-0.25417
-0.43577	0.16836	-0.05455
0.31414	0.34977	-0.010141
0.4167	0.28229	-0.080516
0.60697	0.46481	0.091388
-0.13729	-0.026863	-0.29108
0.55496	0.41487	0.036893
-0.18905	0.20101	-0.061084
0.048632	0.11455	-0.17928
0.60988	0.4643	0.065653
0.53662	0.40398	0.025039
0.36021	0.22694	-0.10773
0.011955	0.051042	-0.22827
-0.47661	0.064962	-0.16239
0.46456	0.45566	0.08691
-0.47649	0.048505	-0.17502
0.17314	0.022043	-0.26158
-0.25576	0.20526	-0.069145
-0.13864	0.0048412	-0.27243
0.479	0.56967	0.16612
0.097966	0.1994	-0.11288
0.47385	0.52803	0.1195
0.31675	0.16919	-0.16353
-0.29183	-0.11015	-0.33104
0.29731	0.32211	-0.032902
0.4983	0.58657	0.17394
0.58205	0.51626	0.094166
0.47723	0.34307	-0.047075
0.36335	0.25704	-0.092448
0.034241	0.087834	-0.20957
-0.098109	0.076243	-0.17609
0.028384	0.071255	-0.22096
-0.40438	0.19056	-0.07337
0.24038	0.27565	-0.053233
-0.44933	-0.024283	-0.26189
0.19198	0.052305	-0.25677
0.14367	0.2433	-0.1125
-0.39699	-0.042338	-0.297
0.25912	0.094649	-0.22586
0.032618	0.042363	-0.24024
0.38996	0.27529	-0.082208
0.46739	0.44802	0.063452
0.47819	0.36188	-0.037405
0.57689	0.45173	0.04905
-0.3438	0.19992	-0.057165
-0.30405	0.19929	-0.077701
-0.25309	-0.079085	-0.32323
0.28891	0.28855	-0.066304
-0.4704	0.10672	-0.13906
0.45084	0.30234	-0.069155
-0.48723	0.031218	-0.19645
0.50378	0.47316	0.070404
0.2822	0.13289	-0.20513
0.084118	0.032185	-0.26783
-0.48284	0.011206	-0.21886
0.50824	0.4484	0.050777
-0.31596	-0.076317	-0.33118
0.25983	0.27567	-0.078261
-0.44747	0.13847	-0.13185
-0.3897	-0.080896	-0.30626
0.4855	0.43684	0.040126
0.54031	0.45733	0.050763
0.078341	0.17317	-0.14217
-0.11699	0.10053	-0.16543
-0.15602	0.086503	-0.21754
0.21459	0.094803	-0.24907
-0.13042	0.098744	-0.18357
0.48599	0.51914	0.1004
-0.4181	-0.044253	-0.28714
0.31187	0.31086	-0.057105
0.32633	0.27345	-0.092613
-0.37129	0.20134	-0.067076
0.35162	0.28578	-0.083397
-0.20841	-0.057767	-0.31483
0.10819	0.063035	-0.27655
0.37126	0.38646	-0.014186
0.29969	0.24723	-0.12299
0.29428	0.21841	-0.15361
-0.26757	0.20298	-0.096689
0.21324	0.26855	-0.11054
0.34647	0.30421	-0.076377
0.52606	0.49721	0.074373
-0.46148	0.065465	-0.18685
0.056879	0.11942	-0.20639
0.48003	0.56753	0.11984
-0.16391	0.13895	-0.16288
0.19406	0.26698	-0.094495
0.070156	0.068258	-0.2585
0.51663	0.59898	0.14001
0.12956	0.041354	-0.27964
0.48775	0.59885	0.1391
-0.17786	-0.0048566	-0.29366
-0.36837	-0.044141	-0.31208
0.29503	0.18307	-0.17811
-0.20909	0.21165	-0.081413
0.493	0.41293	0.0063384
0.2758	0.2644	-0.10581
0.50065	0.52316	0.090468
0.39296	0.32101	-0.083139
-0.26498	-0.012604	-0.3184
-0.15561	0.044074	-0.25921
0.5443	0.53184	0.090818
0.16247	0.094265	-0.26705
-0.23587	0.2045	-0.10977
0.41172	0.34937	-0.07753
0.45293	0.39558	-0.024617
0.069852	0.15059	-0.20075
0.49753	0.60845	0.14292
0.32648	0.34036	-0.047722
-0.38689	0.19612	-0.086311
0.32472	0.22727	-0.12863
0.43748	0.41146	-0.0085011
-0.23459	-0.012385	-0.31292
0.36641	0.35933	-0.061947
0.059642	0.097052	-0.2395
0.24946	0.26129	-0.1253
-0.17017	0.16078	-0.13747
0.4441	0.36552	-0.055415
0.13531	0.078313	-0.28215
0.24643	0.13672	-0.22902
0.25111	0.1683	-0.21702
-0.45653	0.12045	-0.15941
0.52508	0.5916	0.12696
-0.18257	0.12518	-0.19641
-0.18023	0.029022	-0.28054
-0.43392	0.068165	-0.2172
-0.3373	-0.041135	-0.32266
-0.25536	0.19196	-0.11509
0.10247	0.20411	-0.14581
-0.21803	0.18178	-0.13958
-0.4035	0.18078	-0.12217
-0.15538	0.041226	-0.27071
-0.43291	0.10296	-0.19653
0.17204	0.24818	-0.14399
0.53495	0.57138	0.1194
0.37813	0.34381	-0.076361
-0.16103	0.083047	-0.24463
-0.29397	0.20705	-0.13888
-0.13368	0.015611	-0.29535
-0.14442	0.052248	-0.26694
-0.17793	0.1684	-0.19371
0.25663	0.23672	-0.15596
0.41344	0.38891	-0.037625
-0.17713	0.17433	-0.15915
-0.29785	-0.029877	-0.3253
-0.42944	0.13714	-0.15553
0.20641	0.12527	-0.25189
0.40661	0.36126	-0.070813
-0.43099	0.13501	-0.17167
-0.18539	0.18991	-0.13264
0.49668	0.57336	0.10946
-0.109	0.018588	-0.30171
0.073283	0.14383	-0.22739
-0.094574	0.028914	-0.28982
0.090608	0.12873	-0.26353
0.10101	0.10309	-0.27928
0.23564	0.19111	-0.2105
-0.17037	0.10516	-0.21975
0.1382	0.22798	-0.1611
0.51408	0.57537	0.10466
-0.18243	0.17645	-0.17814
-0.24767	0.19637	-0.14531
-0.1739	0.0063464	-0.31793
-0.40094	0.026552	-0.27941
-0.18133	0.14004	-0.20666
-0.020889	0.084063	-0.26673
0.23397	0.22684	-0.17905
0.2157	0.24571	-0.15898
-0.22016	0.027848	-0.29084
-0.13848	0.0701	-0.26243
0.11569	0.10675	-0.28255
0.095858	0.18569	-0.1964
-0.040938	0.061715	-0.28199
-0.34241	0.015961	-0.30929
-0.23202	0.039772	-0.28109
-0.20274	0.020884	-0.30562
-0.156	0.10628	-0.23834
0.16659	0.12036	-0.26082
-0.085481	0.026535	-0.30531
-0.081024	0.092936	-0.25597
-0.36039	0.021168	-0.29802
-0.32905	0.19686	-0.15081
-0.058933	0.043632	-0.31594
-0.29904	0.023373	-0.30087
-0.267	0.05688	-0.26928
0.025582	0.12893	-0.25491
-0.2297	0.02437	-0.31685
0.12146	0.19813	-0.21049
-0.1336	0.0087793	-0.33593
-0.25749	0.074235	-0.28509
-0.39543	0.062077	-0.26069
0.18728	0.22653	-0.18862
-0.18888	0.011588	-0.34558
-0.32346	-0.003784	-0.31918
-0.1087	0.18282	-0.20222
-0.40969	0.1059	-0.21087
0.17559	0.15272	-0.24629
-0.01883	0.12264	-0.24684
-0.27195	0.081811	-0.27003
-0.39652	0.13117	-0.19443
-0.3794	0.11429	-0.21572
-0.15635	0.13348	-0.22287
-0.29451	0.0076957	-0.31476
-0.31663	0.063376	-0.27013
-0.41328	0.12651	-0.19643
-0.19576	0.19374	-0.19092
-0.13025	0.1517	-0.21227
-0.34127	0.047429	-0.2853
-0.030433	0.14819	-0.22267
0.020272	0.116	-0.27264
-0.049468	0.2012	-0.18837
-0.39261	0.15909	-0.1824
-0.38461	0.17339	-0.17471
-0.17356	0.156	-0.21784
0.036594	0.15501	-0.23836
-0.36986	0.090167	-0.24654
0.12324	0.16017	-0.25294
-0.28154	0.20777	-0.16288
-0.00012012	0.17315	-0.21805
-0.34283	0.077263	-0.2646
-0.35563	0.19655	-0.15302
-0.25208	0.21113	-0.16761
-0.0086328	0.092874	-0.31271
0.17204	0.19406	-0.22218
0.1098	0.17141	-0.23932
-0.32098	0.08425	-0.26751
-0.37369	0.1787	-0.17118
0.018776	0.17335	-0.22747
-0.07056	0.2141	-0.19169
-0.36418	0.1145	-0.23822
-0.30377	0.10169	-0.26769
-0.091269	0.030332	-0.34693
-0.25528	0.04453	-0.34712
-0.33013	0.19449	-0.19722
-0.015669	0.24141	-0.18561
-0.26951	0.058198	-0.31943
0.04863	0.16567	-0.24697
0.042916	0.2019	-0.23133
-0.048309	0.06212	-0.34137
-0.33847	0.11174	-0.26918
-0.043387	0.22723	-0.18555
-0.31835	0.20934	-0.1752
-0.08222	0.23481	-0.18501
-0.12188	0.20051	-0.21163
-0.20751	0.22021	-0.21679
-0.15114	0.20886	-0.22716
-0.16955	0.18701	-0.22855
-0.090382	0.21651	-0.20184
-0.078706	0.25611	-0.16658
-0.31743	0.11475	-0.28019
-0.3624	0.17422	-0.22081
-0.1052	0.30826	-0.137
-0.13217	0.023953	-0.37307
-0.03265	0.26918	-0.17098
-0.28929	0.10587	-0.29157
0.028671	0.14401	-0.31191
-0.18179	0.18797	-0.2255
0.048903	0.24448	-0.21599
-0.29405	0.21376	-0.20974
-0.1068	0.27348	-0.16452
-0.17792	0.016891	-0.36999
-0.1065	0.043257	-0.38194
0.051738	0.1901	-0.26474
-0.0020398	0.11328	-0.33241
-0.047019	0.078861	-0.35873
-0.35681	0.13079	-0.25909
-0.067863	0.29618	-0.14973
-0.28542	0.063687	-0.33514
-0.33438	0.19384	-0.21975
-0.096998	0.23663	-0.21926
-0.0084538	0.28141	-0.17453
0.050604	0.22227	-0.23953
-0.060028	0.3127	-0.14639
-0.029401	0.29779	-0.15366
0.046601	0.26049	-0.20423
-0.12171	0.3071	-0.15425
-0.043469	0.35855	-0.12567
-0.24798	0.2276	-0.20667
-0.26503	0.22633	-0.20424
0.042288	0.15665	-0.27954
-0.32246	0.10684	-0.31406
-0.028262	0.36401	-0.12281
-0.13105	0.22911	-0.23275
-0.10754	0.22305	-0.22188
-0.18534	0.1931	-0.25316
-0.10727	0.32293	-0.14983
0.035997	0.28327	-0.19121
-0.33676	0.12173	-0.30104
-0.014131	0.35244	-0.14061
-0.29641	0.0888	-0.34559
-0.071786	0.32468	-0.14927
0.016486	0.30994	-0.16337
-0.11568	0.28516	-0.18403
0.059276	0.29703	-0.18735
-0.34744	0.15598	-0.28403
-0.34556	0.18099	-0.24684
0.045527	0.21058	-0.26721
-0.0029602	0.34929	-0.14382
-0.21611	0.060187	-0.38878
0.026826	0.17436	-0.32958
-0.34487	0.20529	-0.22837
-0.18953	0.037959	-0.39184
0.045354	0.32124	-0.17233
0.043793	0.19969	-0.29175
-0.23058	0.22089	-0.24938
0.084851	0.32075	-0.21309
-0.30962	0.20764	-0.23461
-0.2718	0.074585	-0.35921
-0.19941	0.20183	-0.26921
-0.096719	0.068601	-0.3953
-0.143	0.054006	-0.40154
-0.11621	0.2334	-0.24805
-0.063294	0.095003	-0.38354
-0.34411	0.18952	-0.26712
0.065685	0.33749	-0.17836
-0.11492	0.31611	-0.19385
-0.02021	0.14429	-0.35973
0.082149	0.35692	-0.18117
-0.052475	0.36538	-0.15581
0.089869	0.34971	-0.19369
-0.090083	0.2568	-0.25791
-0.082409	0.33582	-0.16845
-0.15511	0.23062	-0.27444
0.070389	0.27651	-0.2349
0.029399	0.37241	-0.14143
-0.2532	0.086375	-0.37304
-0.1325	0.24316	-0.25826
0.018329	0.37316	-0.17904
0.059487	0.35767	-0.18632
-0.097261	0.2622	-0.23814
-0.165	0.091066	-0.41274
0.029959	0.21174	-0.30904
0.030048	0.2337	-0.29036
-0.081951	0.33607	-0.2014
-0.3348	0.18956	-0.29546
-0.25202	0.22132	-0.26607
-0.010835	0.36139	-0.15998
-0.33319	0.21738	-0.24908
0.044638	0.34724	-0.16764
-0.30575	0.13817	-0.33608
0.079168	0.31545	-0.24181
-0.020925	0.36474	-0.17893
-0.11396	0.30126	-0.20734
0.0012885	0.37156	-0.17779
0.041052	0.36088	-0.19259
-0.049302	0.36197	-0.18547
-0.23587	0.11567	-0.38012
0.049919	0.29147	-0.27354
-0.26402	0.22659	-0.28079
-0.30828	0.22271	-0.27256
-0.2084	0.1929	-0.31682
-0.0084949	0.19708	-0.34944
-0.27686	0.13343	-0.3671
-0.2264	0.21153	-0.29401
0.0046582	0.22526	-0.32147
-0.10336	0.30899	-0.22381
-0.097424	0.25225	-0.27602
-0.17888	0.20926	-0.28839
0.069884	0.36491	-0.20319
-0.11837	0.10221	-0.41401
-0.2008	0.083799	-0.40199
0.0063567	0.2388	-0.30059
-0.25029	0.12652	-0.37235
-0.30334	0.19731	-0.30992
-0.29581	0.17018	-0.32976
-0.08251	0.28083	-0.2566
0.076908	0.34789	-0.2211
-0.055726	0.15209	-0.39808
-0.019823	0.2507	-0.29458
-0.054948	0.25852	-0.2846
-0.041243	0.27706	-0.27853
-0.060731	0.33293	-0.23193
-0.14153	0.24288	-0.29898
-0.17708	0.21478	-0.32266
-0.099343	0.14134	-0.42297
-0.27399	0.2054	-0.31558
-0.21555	0.16852	-0.3582
0.0047879	0.28458	-0.28268
0.065963	0.32271	-0.25202
-0.24273	0.18391	-0.34214
-0.21201	0.18086	-0.34439
-0.065219	0.31377	-0.24557
-0.022006	0.35067	-0.21613
-0.24318	0.16589	-0.36574
-0.036415	0.32614	-0.24328
0.051476	0.34832	-0.23337
-0.038835	0.18757	-0.38443
-0.012304	0.33371	-0.24753
-0.060335	0.23878	-0.34572
0.0037263	0.35315	-0.22739
0.025386	0.32485	-0.257
-0.030025	0.22594	-0.34426
-0.14632	0.23595	-0.32343
-0.19676	0.13464	-0.39384
-0.11462	0.25623	-0.3005
-0.073868	0.25385	-0.30302
-0.1499	0.20412	-0.39539
-0.082176	0.25681	-0.31657
-0.12051	0.25869	-0.32727
-0.080475	0.1585	-0.41438
-0.13093	0.16673	-0.4161
-0.16321	0.21164	-0.3754
-0.053374	0.20995	-0.38084
-0.12736	0.24295	-0.35309
-0.14874	0.17908	-0.40456
-0.08393	0.22576	-0.37873
-0.14078	0.22828	-0.35677
-0.11952	0.19304	-0.39966
-0.134	0.21293	-0.38234
-0.6547	0.21063	0.067024
-0.58887	-0.05764	-0.036055
-0.5415	0.075625	-0.06018
-0.4608	0.14189	-0.050928
