3	1873	1885	1867
3	1985	1983	1995
3	1966	1970	1978
3	1920	1957	1959
3	1957	1970	1959
3	207	185	250
3	205	200	206
3	369	412	423
3	830	864	897
3	896	955	1016
3	1063	1107	1142
3	1146	1209	1191
3	1102	1142	1135
3	1189	1178	1376
3	1849	1827	1862
3	1852	1849	1862
3	1884	1889	1891
3	1867	1885	1891
3	1889	1895	1891
3	1920	1930	1957
3	1879	1867	1891
3	1879	1891	1908
3	1867	1879	1873
3	1873	1879	1920
3	1879	1908	1930
3	1920	1879	1930
3	1965	1924	1982
3	1924	1922	1984
3	1924	1984	1982
3	1932	1943	1979
3	1949	1932	1979
3	1943	1965	1979
3	1965	1982	1986
3	1979	1965	1986
3	1983	1979	1987
3	1979	1986	1987
3	1986	1982	1984
3	1986	1984	1994
3	1987	1986	1994
3	1995	1987	1994
3	1956	1937	1976
3	1937	1949	1976
3	1971	1956	1976
3	1971	1972	1974
3	1972	1971	1983
3	1971	1976	1983
3	1976	1949	1979
3	1983	1976	1979
3	1983	1987	1995
3	1968	1956	1971
3	1971	1974	1978
3	1968	1971	1977
3	1971	1978	1977
3	1970	1955	1978
3	1977	1978	1969
3	1978	1955	1969
3	1930	1955	1957
3	1970	1957	1955
3	206	207	229
3	205	206	231
3	198	197	205
3	198	205	231
3	277	250	300
3	321	277	300
3	229	207	250
3	229	250	277
3	206	229	292
3	292	229	340
3	330	292	340
3	229	277	340
3	231	206	248
3	248	206	292
3	231	248	341
3	301	231	341
3	248	292	341
3	341	292	351
3	292	330	351
3	341	351	355
3	351	369	367
3	355	351	367
3	351	330	369
3	218	198	252
3	259	198	231
3	252	198	259
3	259	231	301
3	259	311	252
3	259	301	311
3	311	301	341
3	311	341	355
3	333	311	355
3	307	252	272
3	252	311	333
3	252	333	272
3	352	272	333
3	277	321	402
3	340	277	402
3	330	340	412
3	340	402	412
3	369	330	412
3	837	810	875
3	810	808	875
3	808	824	875
3	810	837	839
3	839	837	884
3	837	875	884
3	839	884	933
3	823	801	810
3	810	801	808
3	823	810	828
3	828	810	839
3	812	823	828
3	812	828	900
3	812	900	864
3	884	875	967
3	875	824	918
3	875	918	967
3	884	967	933
3	967	918	954
3	967	1010	933
3	967	954	1010
3	933	1010	1092
3	1010	1080	1092
3	864	900	955
3	955	900	979
3	900	991	979
3	979	991	1108
3	979	1108	1007
3	1063	1007	1108
3	896	897	955
3	897	864	955
3	1016	955	1038
3	955	1007	1038
3	1038	1007	1063
3	1092	1080	1098
3	1092	1098	1082
3	1082	1098	1160
3	1098	1080	1146
3	1080	1132	1146
3	1160	1098	1146
3	1107	1063	1108
3	1107	1108	1158
3	1107	1158	1191
3	1158	1049	1160
3	1160	1146	1158
3	1158	1146	1191
3	1016	1038	1102
3	1038	1063	1102
3	1102	1063	1142
3	1189	1157	1178
3	1764	1802	1835
3	1802	1837	1835
3	1835	1837	1882
3	1764	1823	1827
3	1823	1764	1835
3	1862	1823	1902
3	1827	1823	1862
3	1902	1823	1875
3	1823	1835	1875
3	1835	1882	1893
3	1837	1868	1882
3	1932	1882	1943
3	1893	1882	1932
3	1875	1835	1893
3	1875	1903	1902
3	1875	1893	1903
3	1902	1903	1937
3	1902	1937	1951
3	1903	1893	1932
3	1903	1932	1949
3	1903	1949	1937
3	1951	1937	1956
3	1852	1862	1870
3	1889	1852	1894
3	1884	1852	1889
3	1852	1870	1894
3	1870	1862	1902
3	1870	1902	1901
3	1923	1901	1939
3	1901	1902	1951
3	1901	1951	1939
3	1895	1889	1894
3	1905	1895	1894
3	1894	1870	1923
3	1870	1901	1923
3	1894	1923	1941
3	1894	1941	1905
3	1923	1939	1941
3	1931	1905	1941
3	1908	1931	1930
3	1931	1955	1930
3	1891	1895	1908
3	1908	1895	1905
3	1908	1905	1931
3	1941	1939	1968
3	1939	1951	1968
3	1951	1956	1968
3	1963	1968	1969
3	1969	1968	1977
3	1941	1968	1963
3	1955	1931	1963
3	1931	1941	1963
3	1955	1963	1969
3	828	839	848
3	828	848	938
3	848	887	938
3	887	848	839
3	887	839	924
3	839	933	924
3	924	933	985
3	924	985	1029
3	985	933	1092
3	1029	985	1092
3	924	1029	1052
3	1052	1029	1082
3	1082	1029	1092
3	828	938	900
3	938	887	924
3	900	938	991
3	991	938	924
3	991	924	1052
3	1049	991	1052
3	991	1049	1108
3	1052	1082	1160
3	1108	1049	1158
3	1049	1052	1160
3	916	968	1004
3	978	916	1004
3	909	916	978
3	908	889	968
3	916	908	968
3	898	916	909
3	1017	982	1061
3	944	941	1017
3	941	939	982
3	941	982	1017
3	888	939	941
3	888	886	939
3	925	888	941
3	885	888	925
3	859	784	878
3	784	849	878
3	684	784	859
3	794	684	859
3	784	820	849
3	650	735	784
3	650	784	684
3	867	794	859
3	750	734	794
3	734	684	794
3	874	815	882
3	793	874	817
3	793	736	874
3	635	736	793
3	899	774	912
3	774	817	912
3	774	793	817
3	770	774	899
3	755	774	770
3	676	793	774
3	755	676	774
3	841	770	879
3	754	770	841
3	693	770	754
3	754	841	821
3	898	877	916
3	877	908	916
3	881	898	909
3	881	888	898
3	888	877	898
3	885	877	888
3	888	881	886
3	642	684	734
3	642	650	684
3	627	650	642
3	589	642	643
3	589	627	642
3	642	734	643
3	657	546	643
3	546	589	643
3	656	584	657
3	625	584	656
3	584	546	657
3	625	656	717
3	664	625	717
3	580	584	625
3	736	664	744
3	664	717	744
3	635	664	736
3	666	635	793
3	602	664	635
3	602	625	664
3	602	568	625
3	676	666	793
3	693	755	770
3	661	755	693
3	584	549	546
3	544	549	584
3	137	164	177
3	162	137	177
3	162	136	137
3	139	109	136
3	109	110	136
3	136	110	137
3	30	55	67
3	30	31	55
3	1262	1280	1328
3	1369	1423	1378
3	1233	1369	1378
3	1369	1328	1423
3	1155	1328	1369
3	1155	1262	1328
3	1233	1155	1369
3	1370	1233	1378
3	1290	1233	1370
3	1166	1127	1247
3	972	1127	1166
3	972	1026	1127
3	1026	987	1127
3	1155	1166	1262
3	1262	1166	1280
3	1155	1087	1166
3	1087	972	1166
3	1184	1155	1233
3	1123	1184	1233
3	1042	1155	1184
3	1123	1027	1184
3	1027	1042	1184
3	1018	1027	1123
3	1042	1087	1155
3	1203	1233	1290
3	1201	1203	1290
3	1203	1123	1233
3	1048	1104	1203
3	1104	1123	1203
3	1104	997	1123
3	997	1018	1123
3	1048	1203	1201
3	1061	999	1081
3	987	1043	1127
3	859	1043	987
3	927	987	1026
3	867	987	927
3	867	859	987
3	1042	910	1087
3	910	972	1087
3	960	910	1042
3	972	927	1026
3	910	819	972
3	972	819	927
3	799	910	960
3	1027	960	1042
3	960	1018	922
3	1018	960	1027
3	904	960	922
3	904	891	960
3	891	799	960
3	997	922	1018
3	975	997	1104
3	975	930	997
3	930	922	997
3	930	870	922
3	981	1022	1069
3	984	981	1023
3	996	984	1023
3	963	978	981
3	963	981	984
3	934	963	984
3	963	909	978
3	903	963	934
3	901	909	963
3	903	901	963
3	999	1069	1081
3	999	1023	1069
3	1051	999	1061
3	980	1051	1061
3	958	980	1061
3	1023	981	1069
3	982	958	1061
3	939	886	935
3	939	958	982
3	958	935	980
3	939	935	958
3	750	794	867
3	750	867	927
3	819	750	927
3	799	705	910
3	705	819	910
3	734	750	819
3	705	643	819
3	643	734	819
3	799	891	904
3	748	799	904
3	760	705	799
3	748	760	799
3	656	760	748
3	870	904	922
3	870	748	904
3	815	748	870
3	815	744	748
3	717	748	744
3	736	815	874
3	736	744	815
3	869	866	903
3	850	866	869
3	886	852	935
3	901	881	909
3	866	881	901
3	866	901	903
3	881	866	886
3	866	852	886
3	866	850	852
3	705	657	643
3	656	705	760
3	657	705	656
3	717	656	748
3	861	892	970
3	986	996	999
3	942	986	999
3	970	984	996
3	986	970	996
3	970	934	984
3	947	986	942
3	947	970	986
3	970	892	934
3	947	861	970
3	942	895	947
3	892	903	934
3	895	861	947
3	996	1023	999
3	1051	942	999
3	980	942	1051
3	880	942	980
3	935	880	980
3	880	895	942
3	852	880	935
3	861	778	892
3	778	861	802
3	869	903	892
3	778	869	892
3	895	802	861
3	850	802	895
3	778	850	869
3	880	850	895
3	802	850	778
3	852	850	880
3	1422	1349	1493
3	1356	1349	1422
3	1367	1356	1422
3	1356	1317	1349
3	1265	1317	1356
3	1335	1265	1356
3	1261	1265	1335
3	1305	1367	1440
3	1335	1356	1367
3	1305	1335	1367
3	1261	1305	1271
3	1305	1261	1335
3	1417	1305	1440
3	1322	1305	1417
3	1322	1271	1305
3	1133	1039	1235
3	1025	962	1133
3	962	1039	1133
3	1050	1072	1143
3	1028	1050	1143
3	1234	1149	1255
3	1149	1239	1255
3	1149	1163	1218
3	1193	1143	1149
3	1149	1143	1163
3	1093	1094	1113
3	1198	1234	1255
3	1208	1198	1255
3	1198	1182	1234
3	1198	1208	1172
3	1224	1172	1286
3	1172	1208	1286
3	1261	1237	1265
3	1240	1237	1261
3	962	907	1039
3	964	914	962
3	962	914	907
3	965	1050	1028
3	952	965	1028
3	952	1028	1034
3	913	965	952
3	838	913	952
3	811	914	964
3	811	703	914
3	703	787	914
3	730	703	811
3	694	787	703
3	782	818	913
3	838	756	913
3	756	782	913
3	756	724	782
3	756	678	724
3	675	634	756
3	634	678	756
3	641	694	703
3	641	662	694
3	641	559	662
3	559	639	662
3	588	559	641
3	612	598	593
3	615	606	612
3	597	598	612
3	606	597	612
3	605	597	606
3	678	669	724
3	583	634	675
3	538	583	675
3	574	538	675
3	538	508	583
3	526	559	588
3	511	535	559
3	526	511	559
3	514	511	526
3	514	526	532
3	459	511	514
3	459	497	511
3	504	459	514
3	460	459	504
3	460	504	509
3	492	475	509
3	476	492	507
3	475	460	509
3	530	527	534
3	507	527	530
3	516	527	507
3	492	516	507
3	476	507	485
3	566	553	617
3	528	553	566
3	555	528	566
3	485	507	530
3	485	530	528
3	496	528	513
3	528	496	485
3	579	598	597
3	617	593	566
3	566	593	598
3	555	566	579
3	579	566	598
3	564	606	615
3	607	581	615
3	581	564	615
3	564	543	606
3	529	564	581
3	502	529	581
3	502	447	529
3	447	464	529
3	450	447	502
3	508	483	583
3	444	483	508
3	508	538	455
3	455	444	508
3	433	460	466
3	433	459	460
3	400	433	466
3	475	466	460
3	417	475	492
3	476	417	492
3	449	417	476
3	417	466	475
3	417	400	466
3	399	417	449
3	393	400	417
3	399	393	417
3	318	393	399
3	461	476	485
3	461	449	476
3	416	399	449
3	368	318	399
3	430	450	441
3	447	396	464
3	450	396	447
3	407	396	450
3	430	407	450
3	338	407	430
3	408	338	430
3	338	396	407
3	379	396	338
3	395	338	408
3	329	379	338
3	419	483	444
3	419	388	483
3	438	419	455
3	419	444	455
3	382	419	438
3	382	328	419
3	328	388	419
3	337	338	395
3	303	338	337
3	338	305	329
3	303	305	338
3	303	289	305
3	327	303	337
3	266	303	327
3	289	303	266
3	276	261	266
3	235	289	266
3	235	268	289
3	268	235	262
3	261	235	266
3	214	235	261
3	328	299	388
3	283	328	306
3	328	283	299
3	288	225	306
3	225	283	306
3	201	225	288
3	225	176	283
3	153	225	201
3	214	157	188
3	216	214	261
3	216	261	276
3	157	214	216
3	168	157	216
3	175	168	216
3	134	157	168
3	124	168	175
3	124	134	168
3	225	161	176
3	153	161	225
3	133	176	161
3	133	128	176
3	153	131	161
3	131	133	161
3	124	98	134
3	98	130	134
3	98	89	130
3	88	74	98
3	99	106	133
3	99	92	106
3	106	128	133
3	102	111	112
3	92	100	106
3	102	100	111
3	100	102	106
3	102	93	106
3	104	112	121
3	97	102	112
3	104	97	112
3	77	97	104
3	77	104	83
3	98	74	89
3	74	59	89
3	61	74	88
3	48	74	61
3	48	54	74
3	54	59	74
3	41	54	48
3	92	96	100
3	87	97	77
3	77	43	87
3	42	43	77
3	34	77	83
3	34	42	77
3	28	41	48
3	32	28	48
3	28	29	41
3	21	28	32
3	26	21	32
3	28	21	29
3	21	19	29
3	17	21	26
3	17	19	21
3	19	17	18
3	18	23	19
3	17	13	18
3	18	10	23
3	13	10	18
3	13	6	10
3	4	6	13
3	4	13	14
3	9	42	34
3	9	11	42
3	9	4	11
3	1	4	9
3	4	1	6
3	5	1	9
3	1709	1735	1754
3	1572	1735	1709
3	1647	1698	1735
3	1572	1647	1735
3	1681	1709	1754
3	1681	1661	1709
3	1025	1133	1217
3	1149	1218	1239
3	1143	1072	1163
3	820	811	964
3	604	588	641
3	593	617	629
3	612	593	652
3	615	626	651
3	634	632	678
3	504	514	532
3	492	509	516
3	276	266	327
3	175	216	276
3	124	88	98
3	106	93	128
3	42	11	43
3	4	14	15
3	1528	1441	1496
3	1503	1441	1528
3	1476	1499	1496
3	1405	1312	1452
3	1355	1303	1405
3	1303	1312	1405
3	1235	1303	1355
3	1303	1245	1312
3	1235	1245	1303
3	1312	1387	1452
3	1266	1275	1257
3	1272	1285	1317
3	1275	1285	1276
3	1276	1285	1272
3	1275	1266	1285
3	1266	1224	1285
3	1272	1259	1276
3	1238	1272	1265
3	1395	1360	1417
3	1360	1322	1417
3	1274	1332	1354
3	1332	1322	1360
3	1553	1499	1625
3	1614	1553	1625
3	1587	1567	1613
3	1515	1482	1485
3	1515	1485	1550
3	1550	1611	1515
3	1511	1541	1529
3	1568	1640	1643
3	1611	1710	1700
3	1659	1627	1741
3	1839	1830	1858
3	51	24	75
3	117	94	122
3	84	118	119
3	119	118	135
3	281	215	316
3	316	253	357
3	287	312	304
3	1429	1491	1499
3	1405	1452	1512
3	1496	1499	1553
3	1528	1496	1587
3	1496	1567	1587
3	1528	1587	1669
3	1669	1587	1671
3	1656	1528	1669
3	1587	1613	1671
3	1699	1614	1657
3	1491	1482	1515
3	1476	1429	1499
3	1499	1491	1515
3	1499	1515	1625
3	1614	1625	1657
3	1625	1515	1611
3	1580	1651	1679
3	1633	1580	1679
3	1544	1467	1578
3	1467	1537	1609
3	1537	1580	1609
3	1578	1467	1609
3	1578	1609	1627
3	1609	1580	1633
3	1627	1609	1633
3	1511	1487	1475
3	1501	1487	1511
3	1475	1467	1544
3	1511	1475	1541
3	1541	1475	1544
3	1541	1544	1578
3	1501	1506	1487
3	1506	1514	1487
3	1495	1506	1501
3	1506	1495	1534
3	1502	1501	1511
3	1534	1495	1530
3	1530	1536	1534
3	1506	1534	1573
3	1573	1534	1624
3	1534	1536	1624
3	1624	1536	1622
3	1573	1624	1638
3	1638	1624	1673
3	1624	1622	1673
3	1638	1673	1721
3	1595	1565	1640
3	1540	1640	1568
3	1540	1595	1640
3	1640	1565	1685
3	1643	1640	1685
3	1643	1685	1727
3	1355	1405	1540
3	1405	1512	1540
3	1540	1512	1595
3	1595	1512	1565
3	1671	1613	1699
3	1699	1657	1755
3	1669	1671	1784
3	1669	1784	1712
3	1671	1699	1784
3	1699	1755	1784
3	1784	1755	1799
3	1657	1625	1700
3	1625	1611	1700
3	1657	1700	1738
3	1744	1700	1710
3	1657	1738	1755
3	1700	1744	1738
3	1755	1738	1758
3	1710	1787	1744
3	1787	1811	1807
3	1744	1787	1807
3	1787	1824	1811
3	1819	1807	1840
3	1807	1811	1840
3	1811	1824	1840
3	1819	1840	1834
3	1840	1824	1834
3	1813	1774	1834
3	1742	1692	1775
3	1813	1689	1774
3	1775	1689	1813
3	1742	1775	1824
3	1775	1813	1824
3	1824	1813	1834
3	1666	1725	1690
3	1666	1711	1725
3	1692	1722	1725
3	1692	1725	1775
3	1725	1722	1690
3	1725	1711	1775
3	1711	1689	1775
3	1636	1690	1729
3	1690	1722	1715
3	1715	1739	1731
3	1729	1690	1731
3	1690	1715	1731
3	1729	1731	1740
3	1731	1739	1767
3	1740	1731	1776
3	1740	1776	1792
3	1776	1731	1767
3	1792	1776	1821
3	1776	1767	1821
3	1792	1821	1825
3	1791	1694	1806
3	1806	1792	1825
3	1803	1825	1821
3	1806	1825	1791
3	1679	1651	1694
3	1679	1694	1756
3	1741	1679	1756
3	1756	1694	1791
3	1741	1756	1800
3	1788	1741	1800
3	1756	1791	1800
3	1825	1800	1791
3	1627	1633	1679
3	1627	1679	1741
3	1795	1747	1848
3	1745	1673	1728
3	1673	1745	1747
3	1721	1673	1747
3	1745	1753	1850
3	1753	1838	1850
3	1747	1745	1850
3	1747	1850	1848
3	1838	1753	1839
3	1838	1839	1858
3	1858	1830	1874
3	1750	1727	1779
3	1789	1786	1779
3	1786	1789	1830
3	1789	1779	1814
3	1814	1779	1727
3	1814	1727	1815
3	1830	1789	1998
3	1789	1814	1815
3	1998	1789	1815
3	1685	1708	1727
3	1643	1727	1750
3	1727	1708	1815
3	1815	1708	1783
3	1848	1850	1917
3	1850	1838	1917
3	1838	1906	1917
3	1917	1906	1927
3	1830	1998	1874
3	1838	1858	1906
3	1858	1874	1906
3	1906	1874	1919
3	1874	1998	1919
3	1927	1906	1919
3	2	7	8
3	2	8	0
3	2	5	7
3	8	7	12
3	8	12	27
3	7	22	12
3	22	7	38
3	62	22	38
3	22	62	39
3	12	22	39
3	62	38	51
3	62	51	60
3	60	51	71
3	71	51	75
3	108	71	75
3	12	39	45
3	45	39	64
3	39	60	63
3	39	63	64
3	63	60	71
3	64	63	95
3	108	63	71
3	63	108	95
3	72	64	95
3	49	27	45
3	72	45	64
3	68	46	81
3	84	68	118
3	75	115	108
3	72	95	94
3	94	95	122
3	95	108	122
3	108	115	122
3	68	81	90
3	68	90	118
3	118	90	135
3	135	90	140
3	90	123	140
3	295	281	316
3	359	295	316
3	287	295	376
3	304	312	348
3	322	304	348
3	286	255	273
3	273	255	271
3	286	273	241
3	1274	1322	1332
3	1274	1271	1322
3	1395	1417	1482
3	1401	1409	1429
3	1429	1395	1482
3	1439	1401	1429
3	1409	1395	1429
3	1409	1354	1395
3	1354	1332	1395
3	1332	1360	1395
3	1441	1476	1496
3	1441	1429	1476
3	1441	1439	1429
3	1156	1245	1235
3	1156	1125	1245
3	1065	1125	1156
3	1039	1156	1235
3	1039	1065	1156
3	1006	1125	1065
3	1024	1065	1039
3	1230	1113	1193
3	1113	1143	1193
3	1093	1113	1230
3	1097	1091	1111
3	1091	1076	1111
3	1091	1097	1120
3	1060	1091	1120
3	1093	1076	1094
3	1060	1076	1091
3	1060	1034	1076
3	1034	1094	1076
3	1234	1182	1256
3	1182	1173	1256
3	1111	1230	1256
3	1172	1173	1198
3	1173	1182	1198
3	1111	1093	1230
3	1173	1111	1256
3	1136	1111	1173
3	1097	1111	1136
3	1076	1093	1111
3	1177	1224	1266
3	1257	1200	1266
3	1200	1177	1266
3	1177	1172	1224
3	1136	1177	1200
3	1177	1173	1172
3	1136	1173	1177
3	1259	1272	1238
3	1237	1238	1265
3	1221	1246	1259
3	1238	1221	1259
3	1238	1237	1221
3	1274	1240	1271
3	1246	1240	1274
3	1221	1237	1240
3	1221	1240	1246
3	1024	1006	1065
3	907	971	1039
3	907	937	971
3	993	952	1034
3	993	1034	1060
3	1037	993	1060
3	1001	946	1037
3	1037	946	993
3	946	936	993
3	936	952	993
3	860	936	946
3	936	838	952
3	860	838	936
3	907	894	937
3	787	894	907
3	697	731	894
3	787	697	894
3	694	697	787
3	860	753	838
3	860	834	753
3	753	756	838
3	1999	753	834
3	621	753	1999
3	621	675	756
3	753	621	756
3	697	691	731
3	662	697	694
3	697	639	691
3	639	697	662
3	591	636	639
3	639	560	591
3	570	560	639
3	579	601	644
3	616	578	610
3	601	597	616
3	597	578	616
3	727	637	1999
3	1039	971	1024
3	637	621	1999
3	1024	971	1006
3	633	621	637
3	574	675	621
3	1007	955	979
3	621	540	574
3	633	540	621
3	591	560	575
3	570	535	560
3	535	505	560
3	497	505	535
3	511	497	535
3	497	482	505
3	473	461	496
3	542	555	572
3	513	555	542
3	473	513	542
3	473	496	513
3	579	597	601
3	572	579	614
3	572	555	579
3	605	578	597
3	610	578	611
3	543	578	605
3	543	558	578
3	529	543	564
3	531	558	543
3	464	543	529
3	543	464	531
3	464	454	531
3	517	540	633
3	517	434	540
3	455	538	574
3	540	479	574
3	479	455	574
3	434	479	540
3	445	432	482
3	445	482	497
3	459	445	497
3	445	418	432
3	433	418	445
3	391	418	433
3	418	378	432
3	391	389	418
3	389	378	418
3	360	389	391
3	461	485	496
3	366	410	473
3	410	416	461
3	410	461	473
3	366	368	410
3	410	368	416
3	368	399	416
3	366	354	368
3	406	381	454
3	379	406	396
3	329	406	379
3	329	381	406
3	329	370	381
3	438	455	479
3	479	403	438
3	403	479	434
3	403	345	438
3	345	382	438
3	362	345	403
3	357	362	403
3	334	382	345
3	360	290	389
3	309	360	391
3	309	308	360
3	308	290	360
3	319	309	391
3	318	309	319
3	286	318	323
3	284	309	318
3	286	284	318
3	284	308	309
3	368	323	318
3	323	368	354
3	294	354	366
3	294	323	354
3	286	323	294
3	329	322	370
3	305	322	329
3	305	304	322
3	268	287	304
3	289	304	305
3	289	268	304
3	262	226	295
3	287	268	295
3	268	262	295
3	226	281	295
3	262	188	226
3	214	188	262
3	1265	1272	1317
3	1094	1034	1028
3	1193	1149	1256
3	1256	1149	1234
3	1094	1028	1113
3	1113	1028	1143
3	1240	1261	1271
3	787	907	914
3	559	570	639
3	559	535	570
3	513	528	555
3	543	605	606
3	433	445	459
3	400	391	433
3	393	391	400
3	319	391	393
3	461	416	449
3	406	454	464
3	396	406	464
3	318	319	393
3	334	328	382
3	362	257	345
3	257	334	345
3	357	257	362
3	257	247	310
3	253	257	357
3	281	226	215
3	215	253	316
3	220	247	257
3	253	220	257
3	220	212	247
3	215	220	253
3	226	199	215
3	171	212	220
3	257	310	334
3	288	306	334
3	310	288	334
3	234	288	310
3	247	234	310
3	234	201	288
3	212	234	247
3	134	188	157
3	159	199	226
3	188	159	226
3	215	199	220
3	199	171	220
3	134	159	188
3	159	165	199
3	165	171	199
3	129	165	159
3	165	119	171
3	119	163	171
3	120	119	165
3	130	129	159
3	130	159	134
3	129	120	165
3	212	184	234
3	184	201	234
3	163	184	212
3	184	145	201
3	171	163	212
3	163	140	184
3	140	156	184
3	156	145	184
3	135	140	163
3	123	156	140
3	119	135	163
3	201	145	153
3	145	131	153
3	129	101	120
3	101	86	120
3	86	119	120
3	86	84	119
3	125	145	156
3	125	131	145
3	123	125	156
3	113	127	131
3	125	113	131
3	113	99	127
3	123	66	125
3	66	113	125
3	90	66	123
3	105	94	117
3	111	105	112
3	96	105	111
3	96	94	105
3	117	122	121
3	122	115	121
3	115	107	121
3	121	112	117
3	104	121	107
3	112	105	117
3	107	83	104
3	57	107	115
3	57	83	107
3	75	57	115
3	101	59	86
3	69	84	86
3	59	79	86
3	79	69	86
3	69	68	84
3	69	56	68
3	79	56	69
3	54	79	59
3	79	44	56
3	41	79	54
3	66	99	113
3	81	66	90
3	78	92	99
3	66	78	99
3	53	66	81
3	46	53	81
3	56	46	68
3	56	44	46
3	46	52	53
3	52	35	53
3	41	44	79
3	46	36	52
3	36	35	52
3	94	76	72
3	76	94	96
3	78	96	92
3	78	76	96
3	78	49	76
3	49	45	72
3	66	53	78
3	53	49	78
3	35	49	53
3	35	16	49
3	34	83	57
3	24	34	57
3	75	24	57
3	38	24	51
3	44	36	46
3	41	29	44
3	29	36	44
3	23	35	36
3	29	19	36
3	19	23	36
3	16	27	49
3	23	16	35
3	8	27	16
3	23	10	16
3	10	8	16
3	3	8	10
3	6	3	10
3	38	5	24
3	24	9	34
3	7	5	38
3	1	3	6
3	3	0	8
3	2	1	5
3	1	0	3
3	0	1	2
3	1653	1750	1698
3	1778	1786	1781
3	1778	1762	1786
3	1750	1779	1786
3	1762	1750	1786
3	1735	1762	1778
3	1698	1750	1762
3	1735	1698	1762
3	1769	1830	1839
3	1753	1769	1839
3	1769	1781	1830
3	1781	1786	1830
3	1769	1778	1781
3	1754	1735	1778
3	1704	1778	1769
3	1704	1681	1778
3	1745	1728	1753
3	1728	1704	1753
3	1672	1681	1704
3	1682	1704	1728
3	1704	1682	1672
3	1659	1788	1662
3	1659	1741	1788
3	1788	1800	1768
3	1804	1768	1800
3	1804	1670	1768
3	1768	1757	1788
3	1662	1788	1757
3	1726	1670	1804
3	1600	1757	1768
3	1670	1600	1768
3	1608	1662	1757
3	1825	1804	1800
3	1803	1804	1825
3	1767	1803	1821
3	1803	1733	1804
3	1733	1726	1804
3	1767	1733	1803
3	1739	1733	1767
3	1693	1733	1739
3	1634	1726	1733
3	1693	1634	1733
3	1715	1693	1739
3	1655	1693	1715
3	1641	1692	1742
3	1722	1626	1715
3	1692	1626	1722
3	1692	1641	1626
3	1717	1742	1824
3	1683	1717	1824
3	1787	1683	1824
3	1717	1641	1742
3	1576	1717	1683
3	1645	1683	1787
3	1710	1645	1787
3	1710	1615	1645
3	1585	1513	1568
3	1513	1540	1568
3	1513	1355	1540
3	1513	1436	1355
3	1653	1643	1750
3	1635	1653	1698
3	1568	1643	1653
3	1585	1568	1653
3	1673	1682	1728
3	1622	1682	1673
3	1622	1612	1682
3	1536	1566	1622
3	1530	1488	1536
3	1530	1464	1488
3	1557	1541	1578
3	1557	1529	1541
3	1443	1529	1557
3	1481	1511	1529
3	1511	1481	1502
3	1443	1481	1529
3	1662	1620	1659
3	1578	1627	1659
3	1662	1592	1620
3	1620	1578	1659
3	1592	1557	1620
3	1557	1578	1620
3	1483	1557	1592
3	1443	1557	1483
3	1605	1655	1626
3	1626	1655	1715
3	1655	1593	1693
3	1626	1574	1605
3	1574	1626	1641
3	1589	1574	1641
3	1589	1484	1574
3	1484	1442	1574
3	1532	1484	1589
3	1493	1484	1532
3	1576	1589	1717
3	1589	1641	1717
3	1576	1422	1589
3	1493	1532	1589
3	1422	1493	1589
3	1504	1422	1576
3	1645	1576	1683
3	1542	1576	1645
3	1542	1504	1576
3	1440	1504	1542
3	1440	1367	1504
3	1550	1615	1710
3	1611	1550	1710
3	1615	1542	1645
3	1542	1615	1550
3	1550	1485	1542
3	1485	1440	1542
3	1485	1417	1440
3	1482	1417	1485
3	1613	1614	1699
3	1553	1614	1613
3	1567	1553	1613
3	1496	1553	1567
3	1273	1355	1436
3	1217	1273	1436
3	1273	1235	1355
3	1133	1235	1273
3	1133	1273	1217
3	1407	1436	1513
3	1448	1495	1502
3	1448	1502	1481
3	1495	1501	1502
3	1495	1372	1530
3	1372	1464	1530
3	1448	1372	1495
3	1431	1481	1443
3	1286	1264	1382
3	1255	1264	1286
3	1382	1374	1377
3	1286	1382	1377
3	1493	1442	1484
3	1374	1442	1493
3	1349	1374	1493
3	1349	1377	1374
3	1317	1333	1349
3	1349	1333	1377
3	1333	1286	1377
3	1317	1285	1333
3	1224	1286	1333
3	1285	1224	1333
3	1367	1422	1504
3	1208	1255	1286
3	235	214	262
3	334	306	328
3	101	129	130
3	89	101	130
3	89	59	101
3	127	133	131
3	127	99	133
3	100	96	111
3	5	9	24
3	1681	1754	1778
3	1635	1585	1653
3	1612	1672	1682
3	1608	1592	1662
3	1593	1634	1693
3	1605	1593	1655
3	1574	1547	1605
3	1425	1448	1481
3	1431	1425	1481
3	1126	1153	1164
3	1117	1089	1144
3	1126	1086	1115
3	1086	1117	1115
3	1126	1122	1153
3	1110	1122	1126
3	1115	1110	1126
3	1110	1115	1117
3	1015	1089	1117
3	1086	1126	1044
3	1086	1015	1117
3	1009	1086	1044
3	1009	1015	1086
3	1015	1033	1089
3	1169	1216	1260
3	1169	1130	1216
3	1220	1169	1250
3	1130	1176	1216
3	1130	1169	1220
3	1130	1088	1176
3	1079	1088	1130
3	1079	1020	1088
3	1009	929	1015
3	855	929	1009
3	855	851	929
3	386	332	420
3	431	463	467
3	380	405	390
3	686	692	687
3	757	721	775
3	751	757	797
3	767	715	800
3	831	932	865
3	1005	1079	992
3	854	832	919
3	905	919	1033
3	1129	1206	1243
3	1110	1121	1122
3	1220	1292	1258
3	1258	1292	1307
3	1282	1297	1341
3	1341	1297	1345
3	1723	1691	1801
3	1780	1809	1810
3	1922	1896	1925
3	344	265	401
3	265	386	401
3	352	355	356
3	352	356	347
3	270	274	320
3	320	274	352
3	274	307	285
3	386	420	401
3	344	442	428
3	344	401	442
3	401	420	442
3	428	442	481
3	442	420	481
3	321	344	428
3	321	428	402
3	412	402	443
3	402	428	465
3	443	402	465
3	431	405	463
3	463	423	443
3	465	428	481
3	443	465	463
3	463	465	467
3	465	481	467
3	380	369	397
3	380	397	405
3	397	369	423
3	405	397	423
3	463	405	423
3	412	443	423
3	372	367	380
3	367	369	380
3	390	372	380
3	285	352	274
3	692	686	711
3	715	687	692
3	692	710	715
3	710	692	711
3	824	831	865
3	737	771	790
3	771	801	790
3	801	771	766
3	801	823	812
3	790	801	812
3	830	812	864
3	808	801	824
3	801	766	827
3	824	801	827
3	790	812	830
3	824	827	831
3	773	737	790
3	773	790	803
3	757	775	809
3	773	803	805
3	775	805	809
3	775	773	805
3	803	790	830
3	805	803	835
3	809	805	858
3	803	830	835
3	805	835	858
3	835	830	897
3	896	835	897
3	858	835	896
3	751	797	814
3	757	809	797
3	759	751	814
3	797	809	832
3	832	809	858
3	919	832	921
3	832	858	921
3	776	751	759
3	711	749	776
3	807	711	776
3	27	12	45
3	807	776	759
3	822	807	759
3	759	814	836
3	822	759	836
3	715	710	822
3	710	711	807
3	715	822	800
3	822	710	807
3	824	865	918
3	918	865	954
3	954	865	992
3	865	932	992
3	954	992	1054
3	1010	954	1054
3	1010	1054	1080
3	1054	992	1079
3	858	896	1012
3	921	858	1012
3	1012	896	1016
3	921	1012	1057
3	1012	1016	1102
3	1057	1012	1102
3	919	921	998
3	919	998	1033
3	998	921	1057
3	1033	998	1075
3	1054	1079	1130
3	1080	1054	1132
3	1054	1130	1220
3	1132	1054	1220
3	1209	1132	1220
3	1142	1107	1191
3	1146	1132	1209
3	1142	1191	1212
3	1191	1209	1212
3	1142	1212	1258
3	1209	1220	1258
3	1212	1209	1258
3	1102	1135	1057
3	1135	1142	1187
3	1057	1135	1171
3	1171	1135	1219
3	1171	1219	1206
3	1135	1187	1219
3	1187	1142	1258
3	1187	1258	1219
3	1089	1033	1075
3	1075	998	1129
3	998	1057	1129
3	1089	1075	1170
3	1129	1057	1171
3	1075	1129	1170
3	1089	1170	1144
3	1129	1171	1206
3	1180	1144	1170
3	1170	1129	1243
3	1112	1110	1145
3	1110	1112	1121
3	1110	1117	1145
3	1145	1117	1144
3	1121	1112	1157
3	1112	1145	1157
3	1157	1145	1178
3	1145	1144	1180
3	1145	1180	1181
3	1178	1145	1181
3	1181	1180	1225
3	1180	1170	1225
3	1121	1151	1190
3	1151	1121	1157
3	1151	1157	1189
3	1222	1190	1151
3	1219	1258	1307
3	1181	1225	1296
3	1376	1181	1296
3	1178	1181	1376
3	1225	1282	1296
3	1296	1282	1341
3	1376	1296	1341
3	1376	1341	1345
3	1222	1151	1189
3	1222	1189	1293
3	1189	1376	1293
3	1293	1376	1345
3	1720	1703	1723
3	1771	1723	1801
3	1723	1771	1802
3	1771	1801	1843
3	1802	1771	1837
3	1771	1843	1878
3	1868	1771	1878
3	1837	1771	1868
3	1764	1720	1723
3	1764	1723	1802
3	1743	1720	1780
3	1720	1764	1809
3	1763	1743	1780
3	1780	1720	1809
3	1764	1827	1809
3	1810	1809	1829
3	1833	1829	1849
3	1809	1827	1829
3	1829	1827	1849
3	1833	1849	1845
3	1845	1849	1852
3	1878	1843	1896
3	1868	1878	1924
3	1878	1896	1924
3	1924	1896	1922
3	1943	1924	1965
3	1882	1868	1924
3	1882	1924	1943
3	1845	1852	1885
3	1877	1845	1885
3	1885	1852	1884
3	1871	1877	1885
3	1885	1884	1891
3	929	905	1015
3	1015	905	1033
3	851	905	929
3	905	854	919
3	1005	1020	1079
3	1005	973	1020
3	973	943	1020
3	992	932	1005
3	932	973	1005
3	872	973	932
3	853	943	973
3	853	833	943
3	872	853	973
3	831	872	932
3	729	687	715
3	842	826	836
3	842	814	854
3	842	854	851
3	813	851	855
3	836	814	842
3	800	822	836
3	826	800	836
3	813	826	851
3	826	842	851
3	813	767	826
3	767	800	826
3	743	751	749
3	715	767	783
3	729	715	783
3	711	695	749
3	851	854	905
3	797	832	854
3	814	797	854
3	743	757	751
3	695	743	749
3	743	747	757
3	747	721	757
3	695	747	743
3	716	721	732
3	726	773	775
3	721	726	775
3	726	737	773
3	716	726	721
3	780	833	853
3	827	766	853
3	766	780	853
3	766	779	780
3	780	792	833
3	719	780	779
3	766	738	779
3	738	719	779
3	737	766	771
3	737	738	766
3	737	726	738
3	827	853	872
3	872	831	827
3	686	687	729
3	686	677	695
3	686	695	711
3	702	677	729
3	677	686	729
3	747	695	721
3	695	707	721
3	695	677	707
3	719	726	716
3	719	738	726
3	716	706	719
3	458	488	494
3	467	481	468
3	494	488	498
3	488	468	481
3	488	481	498
3	499	494	498
3	451	452	499
3	498	451	499
3	481	420	498
3	409	390	405
3	394	390	409
3	375	335	394
3	335	390	394
3	468	488	458
3	468	431	467
3	436	429	458
3	429	431	468
3	458	429	468
3	405	431	429
3	409	405	429
3	409	429	413
3	420	451	498
3	451	371	452
3	332	387	420
3	420	387	451
3	387	371	451
3	346	371	387
3	282	346	387
3	342	320	347
3	317	279	342
3	270	320	342
3	256	270	342
3	279	256	342
3	256	274	270
3	256	238	274
3	372	353	347
3	342	347	353
3	350	342	353
3	324	350	326
3	350	317	342
3	324	317	350
3	267	222	279
3	222	256	279
3	224	222	267
3	222	238	256
3	224	208	222
3	390	353	372
3	335	353	390
3	335	350	353
3	335	302	350
3	375	302	335
3	302	326	350
3	219	302	213
3	219	228	302
3	219	202	228
3	265	282	332
3	243	282	265
3	195	221	191
3	332	282	387
3	293	346	282
3	243	191	282
3	282	191	293
3	191	221	293
3	217	208	224
3	208	238	222
3	194	208	217
3	202	194	217
3	186	202	219
3	186	194	202
3	193	194	186
3	189	208	194
3	213	186	219
3	237	186	213
3	237	179	186
3	170	193	186
3	179	170	186
3	147	170	179
3	147	166	170
3	150	143	154
3	147	144	166
3	144	152	166
3	143	146	154
3	142	144	147
3	144	143	151
3	143	142	146
3	142	147	149
3	142	143	144
3	181	191	243
3	181	173	191
3	191	167	195
3	173	167	191
3	173	150	167
3	151	150	173
3	143	150	151
3	150	154	167
3	1961	1936	1935
3	1961	1913	1936
3	1913	1961	1967
3	1961	1989	1993
3	1991	1967	1993
3	1967	1961	1993
3	1953	1967	1991
3	1953	1934	1967
3	1934	1913	1967
3	1980	1973	1988
3	1953	1991	1988
3	1973	1981	1988
3	1981	1953	1988
3	1952	1981	1973
3	1952	1953	1981
3	1975	1946	1938
3	1907	1910	1915
3	1910	1907	1914
3	1907	1888	1914
3	1851	1907	1915
3	1865	1888	1907
3	1915	1910	1950
3	1911	1915	1950
3	1911	1872	1915
3	1872	1851	1915
3	1913	1912	1936
3	1936	1892	1935
3	1892	1916	1935
3	1898	1916	1892
3	1912	1892	1936
3	1912	1842	1892
3	1892	1854	1898
3	1869	1854	1892
3	1842	1869	1892
3	1855	1842	1912
3	1817	1842	1855
3	1887	1855	1912
3	1853	1844	1851
3	1861	1853	1851
3	1861	1851	1872
3	1044	1126	1164
3	943	1013	1020
3	804	767	813
3	702	729	783
3	452	494	499
3	293	371	346
3	267	279	317
3	302	228	245
3	1429	1482	1491
3	149	147	179
3	146	142	149
3	525	502	581
3	519	503	594
3	525	450	502
3	439	503	519
3	441	503	439
3	424	439	519
3	518	582	539
3	470	519	582
3	518	470	582
3	448	470	518
3	470	424	519
3	483	515	583
3	515	539	583
3	478	518	539
3	478	539	515
3	427	478	515
3	483	361	515
3	408	430	441
3	411	441	439
3	424	411	439
3	411	408	441
3	411	395	408
3	337	395	411
3	327	337	411
3	448	424	470
3	448	363	424
3	363	392	424
3	392	411	424
3	392	327	411
3	339	327	392
3	478	448	518
3	383	448	478
3	427	383	478
3	361	365	515
3	365	427	515
3	365	364	427
3	383	331	448
3	331	363	448
3	383	427	364
3	278	383	364
3	388	361	483
3	299	361	388
3	363	254	392
3	254	339	392
3	276	327	339
3	276	339	254
3	331	275	363
3	331	383	278
3	275	254	363
3	278	210	331
3	275	230	254
3	210	275	331
3	210	183	275
3	254	175	276
3	190	254	230
3	183	230	275
3	183	190	230
3	361	296	365
3	296	361	299
3	296	364	365
3	296	239	364
3	239	278	364
3	239	210	278
3	299	242	296
3	299	283	264
3	242	299	264
3	242	239	296
3	176	264	283
3	211	242	264
3	176	211	264
3	211	172	242
3	190	175	254
3	158	175	190
3	148	158	190
3	158	124	175
3	126	158	148
3	126	124	158
3	177	210	239
3	183	148	190
3	164	148	183
3	164	132	148
3	162	239	242
3	162	177	239
3	172	162	242
3	139	162	172
3	141	172	211
3	128	141	211
3	176	128	211
3	138	139	172
3	141	138	172
3	132	126	148
3	114	126	132
3	114	88	126
3	110	114	132
3	88	124	126
3	91	114	110
3	138	109	139
3	103	138	141
3	141	116	103
3	116	141	128
3	82	109	138
3	103	82	138
3	73	103	116
3	93	116	128
3	97	70	102
3	93	73	116
3	70	93	102
3	87	70	97
3	80	88	114
3	91	80	114
3	47	80	91
3	80	61	88
3	85	91	110
3	65	91	85
3	65	47	91
3	47	61	80
3	33	47	65
3	32	48	61
3	47	32	61
3	33	32	47
3	82	85	109
3	58	82	103
3	73	58	103
3	82	65	85
3	50	82	58
3	50	65	82
3	40	50	58
3	50	33	65
3	37	50	40
3	1503	1528	1656
3	55	73	70
3	55	58	73
3	55	40	58
3	87	67	70
3	43	30	87
3	30	67	87
3	20	30	43
3	37	33	50
3	26	33	37
3	32	33	26
3	31	25	40
3	25	37	40
3	25	14	37
3	14	26	37
3	14	17	26
3	20	31	30
3	31	20	25
3	20	14	25
3	13	17	14
3	20	15	14
3	11	20	43
3	11	15	20
3	11	4	15
3	1604	1572	1617
3	1604	1521	1572
3	1521	1556	1572
3	1604	1480	1521
3	1383	1521	1480
3	1480	1604	1423
3	1497	1617	1586
3	1497	1604	1617
3	1455	1522	1586
3	1522	1497	1586
3	1497	1423	1604
3	1522	1370	1497
3	1457	1455	1586
3	1474	1457	1518
3	1329	1228	1364
3	1521	1393	1556
3	1383	1393	1521
3	1393	1364	1556
3	1383	1329	1393
3	1393	1329	1364
3	1247	1329	1383
3	1280	1247	1383
3	1247	1162	1329
3	1162	1228	1329
3	1423	1328	1480
3	1480	1328	1383
3	1328	1280	1383
3	1370	1378	1497
3	1497	1378	1423
3	1455	1370	1522
3	1408	1455	1457
3	1408	1370	1455
3	1408	1290	1370
3	1408	1457	1474
3	1404	1408	1474
3	1432	1404	1474
3	1290	1408	1404
3	1299	1404	1432
3	1348	1299	1432
3	1188	1299	1348
3	1404	1201	1290
3	1279	1183	1188
3	1228	1147	1197
3	1162	1147	1228
3	1138	1197	1147
3	1073	1147	1162
3	1073	1138	1147
3	1043	1073	1162
3	1073	1064	1138
3	1127	1043	1162
3	1116	1201	1404
3	1116	1404	1299
3	1188	1116	1299
3	1077	1116	1188
3	1183	1077	1188
3	1116	1019	1048
3	1186	1183	1279
3	1100	1053	1186
3	1053	1183	1186
3	1053	1077	1183
3	1100	1186	1242
3	1148	1100	1242
3	1062	1100	1148
3	1078	1062	1148
3	1139	1078	1148
3	1103	1105	1095
3	1070	1103	1095
3	1070	1021	1103
3	1081	1070	1095
3	1061	1081	1095
3	1022	1070	1081
3	1056	1017	1095
3	1017	1061	1095
3	1043	949	1073
3	949	961	1073
3	961	1064	1073
3	859	949	1043
3	949	878	961
3	878	849	961
3	859	878	949
3	1077	1019	1116
3	975	1048	1019
3	882	975	1019
3	882	930	975
3	966	882	1019
3	951	882	966
3	951	874	882
3	1011	1077	1053
3	1011	966	1077
3	966	1019	1077
3	1011	912	966
3	912	951	966
3	1062	923	1100
3	923	1053	1100
3	923	1011	1053
3	959	923	1062
3	923	912	1011
3	879	923	959
3	923	899	912
3	841	879	959
3	879	899	923
3	990	1062	1078
3	990	1078	1030
3	990	959	1062
3	968	990	1030
3	990	841	959
3	821	841	990
3	1021	1030	1103
3	1022	1004	1070
3	1004	1021	1070
3	981	978	1022
3	968	1030	1021
3	978	1004	1022
3	1004	968	1021
3	882	815	930
3	817	874	951
3	912	817	951
3	164	183	210
3	177	164	210
3	137	132	164
3	139	136	162
3	110	132	137
3	85	110	109
3	31	40	55
3	1127	1162	1247
3	1166	1247	1280
3	1048	1201	1116
3	1069	1022	1081
3	815	870	930
3	1048	975	1104
3	728	772	777
3	722	746	856
3	796	722	856
3	772	722	796
3	722	681	746
3	746	844	856
3	761	876	844
3	746	685	844
3	685	761	844
3	685	723	761
3	746	668	685
3	690	732	740
3	714	690	740
3	707	677	741
3	653	690	714
3	690	716	732
3	284	290	308
3	377	325	366
3	432	457	482
3	578	558	611
3	491	473	542
3	505	550	560
3	660	616	610
3	601	616	660
3	644	601	660
3	599	572	614
3	614	579	644
3	591	575	636
3	639	636	691
3	727	1999	834
3	806	727	834
3	911	834	860
3	911	860	969
3	860	946	969
3	1232	1200	1257
3	1199	1136	1200
3	1246	1274	1323
3	1259	1246	1278
3	1257	1275	1316
3	312	287	376
3	295	359	376
3	291	273	271
3	271	255	325
3	255	286	294
3	255	294	325
3	325	294	366
3	291	271	377
3	241	258	284
3	241	284	286
3	290	258	269
3	284	258	290
3	290	269	315
3	290	315	378
3	290	378	389
3	316	357	359
3	357	403	359
3	359	403	434
3	312	376	385
3	385	376	426
3	425	385	426
3	376	359	426
3	426	359	434
3	385	425	440
3	425	426	489
3	489	426	434
3	456	425	489
3	312	385	348
3	385	440	348
3	440	425	456
3	440	456	501
3	456	500	501
3	322	348	414
3	370	322	414
3	370	414	381
3	381	414	469
3	477	381	469
3	414	348	469
3	381	477	454
3	469	348	440
3	477	469	486
3	336	291	377
3	271	325	377
3	404	377	453
3	473	377	366
3	453	377	473
3	453	473	491
3	378	315	422
3	378	422	457
3	432	378	457
3	489	434	517
3	489	517	537
3	500	456	489
3	500	489	537
3	679	500	537
3	486	469	501
3	469	440	501
3	541	486	501
3	541	501	595
3	501	500	595
3	595	500	679
3	454	477	521
3	454	521	531
3	477	486	521
3	531	521	558
3	521	486	541
3	558	521	586
3	586	521	541
3	585	572	599
3	491	542	563
3	547	491	563
3	563	542	572
3	547	563	577
3	563	572	585
3	577	563	585
3	577	585	603
3	585	599	603
3	577	603	665
3	510	453	491
3	510	491	547
3	457	422	533
3	506	457	533
3	457	506	482
3	482	506	550
3	505	482	550
3	506	533	561
3	550	506	561
3	560	550	575
3	623	550	561
3	575	550	620
3	550	623	592
3	550	592	620
3	517	633	637
3	679	537	659
3	537	517	637
3	659	537	637
3	659	637	699
3	679	659	699
3	699	637	727
3	645	541	595
3	645	595	700
3	595	679	700
3	700	679	699
3	645	700	739
3	586	541	645
3	611	558	586
3	611	586	680
3	586	645	680
3	680	645	709
3	709	645	739
3	709	739	758
3	610	611	680
3	660	610	680
3	680	709	660
3	644	660	718
3	603	599	640
3	599	614	640
3	603	640	665
3	614	644	640
3	665	640	696
3	696	640	644
3	696	644	718
3	636	575	620
3	592	646	620
3	646	592	648
3	620	646	663
3	646	648	663
3	636	620	663
3	648	688	663
3	636	663	691
3	663	688	691
3	691	688	731
3	699	727	806
3	769	699	806
3	806	834	911
3	700	699	769
3	739	700	816
3	816	700	871
3	700	769	871
3	769	806	911
3	871	769	911
3	871	911	931
3	745	709	758
3	660	709	745
3	758	739	816
3	718	660	762
3	660	745	762
3	731	764	846
3	731	846	894
3	969	1001	988
3	969	946	1001
3	988	1001	1032
3	931	911	969
3	931	969	988
3	976	931	988
3	1014	988	1032
3	1014	1032	1047
3	1032	1001	1047
3	1045	1014	1047
3	894	846	937
3	846	957	937
3	1006	937	1036
3	971	937	1006
3	937	957	1036
3	1036	957	1074
3	1097	1136	1199
3	1199	1200	1232
3	1097	1199	1207
3	1207	1199	1263
3	1199	1232	1263
3	1263	1232	1308
3	1120	1097	1207
3	1120	1207	1154
3	1154	1207	1268
3	1001	1037	1047
3	1037	1083	1047
3	1045	1047	1083
3	1083	1037	1119
3	1119	1037	1060
3	1119	1060	1120
3	1152	1119	1120
3	1083	1119	1161
3	1120	1154	1152
3	1161	1119	1202
3	1119	1152	1202
3	1152	1154	1268
3	1179	1161	1223
3	1223	1161	1202
3	1036	1074	1125
3	1006	1036	1125
3	1125	1074	1131
3	1131	1074	1140
3	1125	1131	1245
3	1131	1140	1226
3	1359	1439	1414
3	1359	1384	1439
3	1384	1401	1439
3	1414	1439	1441
3	1503	1414	1441
3	1384	1363	1401
3	1401	1363	1416
3	1416	1363	1415
3	1416	1354	1409
3	1401	1416	1409
3	1325	1416	1435
3	1435	1416	1415
3	1435	1415	1473
3	1274	1325	1323
3	1274	1354	1325
3	1392	1323	1389
3	1389	1323	1325
3	1354	1416	1325
3	1392	1389	1430
3	1325	1435	1473
3	1389	1325	1472
3	1430	1389	1472
3	1472	1325	1473
3	1246	1287	1319
3	1287	1246	1323
3	1319	1287	1366
3	1287	1323	1392
3	1319	1366	1426
3	1366	1287	1392
3	1366	1392	1434
3	1434	1392	1430
3	1426	1366	1434
3	1426	1434	1456
3	1278	1246	1319
3	1276	1259	1306
3	1259	1278	1306
3	1278	1319	1426
3	1371	1306	1420
3	1371	1420	1444
3	1306	1278	1420
3	1420	1278	1426
3	1371	1444	1523
3	1444	1420	1465
3	1465	1420	1426
3	1275	1276	1316
3	1316	1276	1351
3	1276	1306	1351
3	1351	1306	1371
3	1316	1351	1368
3	1353	1316	1368
3	1368	1351	1397
3	1351	1371	1397
3	1232	1257	1298
3	1232	1298	1308
3	1257	1316	1298
3	1298	1316	1353
3	1308	1298	1412
3	1263	1308	1449
3	1413	1353	1368
3	1412	1298	1353
3	1308	1412	1449
3	1353	1413	1412
3	1207	1263	1304
3	1304	1263	1449
3	1295	1304	1433
3	1304	1449	1433
3	1295	1207	1304
3	1207	1295	1403
3	1268	1207	1403
3	1403	1295	1396
3	690	706	716
3	671	706	690
3	671	673	706
3	653	671	690
3	671	619	673
3	653	600	671
3	600	619	671
3	713	673	655
3	619	655	673
3	609	655	619
3	573	609	619
3	728	722	772
3	672	722	728
3	624	672	728
3	672	681	722
3	689	624	728
3	638	681	672
3	681	668	746
3	613	668	681
3	638	613	681
3	668	618	685
3	613	618	668
3	619	600	573
3	462	458	494
3	474	487	495
3	487	474	452
3	452	462	494
3	474	462	452
3	394	409	413
3	358	394	413
3	358	413	343
3	358	249	394
3	462	436	458
3	415	474	495
3	415	462	474
3	462	415	436
3	413	436	415
3	413	429	436
3	343	413	415
3	421	437	487
3	452	421	487
3	452	371	421
3	421	398	437
3	371	398	421
3	373	398	371
3	371	313	373
3	267	317	324
3	240	324	326
3	326	245	240
3	224	267	240
3	240	217	224
3	245	326	302
3	202	245	228
3	202	240	245
3	202	217	240
3	249	375	394
3	263	249	358
3	263	358	343
3	263	237	249
3	249	302	375
3	213	302	249
3	203	237	263
3	204	203	263
3	237	213	249
3	180	223	233
3	236	227	251
3	236	251	221
3	293	313	371
3	251	298	313
3	293	221	313
3	221	251	313
3	179	237	203
3	180	149	203
3	149	179	203
3	180	204	223
3	180	203	204
3	187	180	233
3	187	160	180
3	160	149	180
3	146	160	187
3	154	146	187
3	146	149	160
3	169	233	227
3	169	227	236
3	221	169	236
3	195	169	221
3	169	187	233
3	195	167	169
3	169	154	187
3	154	169	167
3	1934	1953	1960
3	1940	1934	1960
3	1954	1940	1960
3	1954	1960	1958
3	1960	1926	1958
3	1953	1942	1960
3	1880	1863	1900
3	1913	1934	1940
3	1933	1913	1940
3	1900	1913	1933
3	1887	1913	1900
3	1863	1887	1900
3	1855	1887	1863
3	1942	1926	1960
3	1953	1952	1942
3	1926	1918	1958
3	1897	1942	1938
3	1897	1926	1942
3	1926	1899	1918
3	1899	1890	1918
3	1899	1926	1897
3	1860	1890	1899
3	1897	1860	1899
3	1866	1860	1897
3	1860	1881	1890
3	1684	1696	1724
3	1817	1855	1863
3	1793	1817	1863
3	1696	1793	1863
3	1785	1696	1863
3	1697	1793	1696
3	1793	1714	1817
3	1793	1603	1714
3	1724	1696	1785
3	1603	1793	1697
3	1696	1665	1697
3	1714	1748	1817
3	1714	1648	1748
3	1649	1648	1714
3	1603	1583	1714
3	1760	1702	1828
3	1702	1719	1828
3	1632	1702	1760
3	1632	1610	1702
3	1628	1719	1702
3	1866	1805	1860
3	1719	1836	1881
3	1805	1828	1881
3	1828	1719	1881
3	1805	1760	1828
3	1790	1760	1805
3	1790	1805	1773
3	1798	1818	1808
3	1798	1761	1818
3	1761	1770	1818
3	1737	1761	1798
3	1734	1770	1761
3	1737	1677	1761
3	1677	1734	1761
3	1734	1630	1770
3	1677	1594	1734
3	1594	1630	1734
3	1808	1818	1832
3	1812	1808	1832
3	1759	1812	1832
3	1667	1812	1759
3	1667	1644	1812
3	1500	1526	1569
3	1684	1665	1696
3	1663	1684	1724
3	1663	1562	1684
3	1552	1665	1684
3	1562	1552	1684
3	1552	1559	1665
3	1552	1525	1559
3	1525	1508	1559
3	1526	1562	1602
3	1486	1552	1562
3	1526	1486	1562
3	1552	1454	1525
3	1406	1454	1552
3	1486	1406	1552
3	1584	1603	1697
3	1559	1584	1697
3	1665	1559	1697
3	1583	1649	1714
3	1610	1628	1702
3	1678	1616	1677
3	1677	1564	1594
3	1606	1667	1619
3	1667	1545	1644
3	1336	1486	1526
3	1500	1336	1526
3	1336	1406	1486
3	655	609	689
3	609	624	689
3	628	638	672
3	557	573	600
3	487	437	472
3	297	263	343
3	244	204	263
3	244	263	297
3	223	204	244
3	1881	1836	1890
3	1836	1856	1890
3	1785	1863	1880
3	1836	1719	1820
3	1644	1766	1812
3	1766	1808	1812
3	1450	1500	1569
3	1399	1500	1450
3	1887	1912	1913
3	1938	1952	1973
3	1886	1897	1938
3	1946	1886	1938
3	1886	1866	1897
3	1866	1886	1847
3	1865	1907	1851
3	1844	1865	1851
3	1826	1854	1869
3	1842	1794	1869
3	1794	1826	1869
3	1796	1842	1817
3	1796	1794	1842
3	1718	1794	1796
3	1826	1794	1831
3	1718	1831	1794
3	1748	1796	1817
3	1718	1746	1822
3	55	70	67
3	770	899	879
3	1748	1718	1796
3	1831	1718	1822
3	1718	1706	1746
3	1706	1732	1746
3	1658	1707	1748
3	1648	1658	1748
3	1706	1718	1707
3	1706	1668	1732
3	1790	1664	1760
3	1668	1706	1707
3	1676	1668	1707
3	1639	1664	1686
3	1686	1668	1676
3	1639	1686	1676
3	1847	1805	1866
3	1773	1805	1847
3	1716	1773	1847
3	1716	1664	1773
3	1716	1686	1664
3	1770	1797	1832
3	1797	1770	1772
3	1770	1701	1772
3	1770	1558	1701
3	1630	1558	1770
3	1558	1646	1701
3	1797	1736	1832
3	1772	1736	1797
3	1736	1759	1832
3	1619	1759	1736
3	1646	1652	1772
3	1701	1646	1772
3	1652	1631	1736
3	1631	1619	1736
3	1410	1508	1525
3	1410	1380	1508
3	1584	1469	1603
3	1559	1490	1584
3	1490	1469	1584
3	1490	1559	1508
3	1508	1380	1490
3	1658	1676	1707
3	1639	1632	1664
3	1658	1639	1676
3	1599	1639	1658
3	1535	1451	1468
3	1451	1402	1468
3	1411	1535	1575
3	1451	1535	1411
3	1558	1563	1646
3	1563	1601	1646
3	1517	1558	1630
3	1470	1563	1558
3	1470	1538	1563
3	1517	1470	1558
3	1461	1470	1517
3	1646	1601	1652
3	1549	1631	1652
3	1543	1606	1619
3	1631	1463	1619
3	1549	1463	1631
3	1463	1543	1619
3	1479	1463	1997
3	1479	1427	1463
3	1241	1281	1289
3	1241	1195	1281
3	1344	1375	1406
3	1289	1294	1375
3	1236	1289	1375
3	1236	1375	1344
3	1252	1236	1344
3	1236	1241	1289
3	1454	1410	1525
3	1375	1454	1406
3	1454	1398	1410
3	1375	1398	1454
3	1277	1380	1334
3	1380	1310	1490
3	1310	1469	1490
3	1310	1400	1469
3	1311	1400	1310
3	1277	1310	1380
3	1277	1311	1310
3	1176	1311	1277
3	1176	1229	1311
3	1216	1176	1277
3	1385	1438	1400
3	1438	1379	1411
3	1385	1379	1438
3	1400	1215	1385
3	1311	1215	1400
3	1284	1330	1379
3	1213	1379	1385
3	1215	1213	1385
3	1214	1284	1379
3	1213	1214	1379
3	1311	1229	1215
3	1411	1391	1451
3	1365	1402	1451
3	1391	1411	1379
3	1391	1365	1451
3	1379	1330	1391
3	1391	1251	1365
3	1330	1251	1391
3	1284	1251	1330
3	1214	1101	1284
3	1101	1251	1284
3	1421	1468	1402
3	1291	1421	1402
3	1159	1192	1421
3	1402	1365	1291
3	1291	1159	1421
3	1461	1427	1470
3	1470	1427	1479
3	1314	1427	1315
3	1427	1337	1463
3	1463	1337	1543
3	1337	1388	1543
3	1324	1388	1337
3	1324	1386	1388
3	1337	1314	1324
3	1314	1315	1324
3	1337	1427	1314
3	1236	1195	1241
3	1196	1236	1252
3	1164	1248	1195
3	1196	1195	1236
3	1124	1195	1196
3	1175	1066	1196
3	1066	1124	1196
3	1124	1044	1164
3	1066	1044	1124
3	1176	1167	1229
3	1213	1114	1214
3	1114	1067	1214
3	1067	1101	1214
3	1215	1114	1213
3	1229	1167	1215
3	1176	1088	1167
3	1167	1114	1215
3	1068	1114	1167
3	1088	1068	1167
3	1251	1096	1365
3	1101	1096	1251
3	1068	1067	1114
3	1101	1002	1096
3	1067	1002	1101
3	1109	1159	1291
3	1096	1291	1365
3	1096	1109	1291
3	1090	1192	1159
3	1090	1159	1109
3	1002	1109	1096
3	948	1066	1040
3	948	1044	1066
3	940	948	1040
3	1044	948	1009
3	948	855	1009
3	863	855	948
3	940	863	948
3	847	863	940
3	1020	1068	1088
3	1020	1013	1068
3	943	977	1013
3	833	977	943
3	833	862	977
3	953	1067	1068
3	1013	953	1068
3	953	1002	1067
3	977	953	1013
3	1002	926	1035
3	953	926	1002
3	906	953	977
3	796	926	953
3	906	772	953
3	772	796	953
3	1002	1035	1109
3	974	1090	1109
3	1035	974	1109
3	926	956	1035
3	956	974	1035
3	956	920	974
3	856	956	926
3	844	920	956
3	863	804	855
3	804	813	855
3	847	845	863
3	845	804	863
3	752	763	847
3	763	845	847
3	763	804	845
3	783	767	804
3	763	733	804
3	733	783	804
3	733	702	783
3	740	733	763
3	752	714	763
3	714	740	763
3	740	741	733
3	740	732	741
3	721	707	732
3	706	673	713
3	689	777	765
3	780	713	792
3	719	706	780
3	706	713	780
3	713	765	792
3	713	689	765
3	862	777	977
3	777	906	977
3	777	772	906
3	833	792	862
3	792	765	862
3	689	728	777
3	796	856	926
3	876	920	844
3	856	844	956
3	702	733	741
3	677	702	741
3	732	707	741
3	655	689	713
3	1938	1942	1952
3	1664	1790	1773
3	1818	1770	1832
3	1619	1667	1759
3	1468	1421	1509
3	1175	1196	1252
3	1040	1066	1175
3	902	847	940
3	974	1046	1090
3	1582	1629	1726
3	1726	1629	1670
3	1494	1407	1513
3	1647	1635	1698
3	1571	1635	1647
3	1571	1585	1635
3	1571	1513	1585
3	1494	1513	1571
3	1556	1494	1571
3	1556	1571	1647
3	1572	1556	1647
3	1596	1661	1681
3	1661	1572	1709
3	1617	1572	1661
3	1596	1586	1661
3	1586	1617	1661
3	1672	1642	1681
3	1642	1596	1681
3	1612	1642	1672
3	1457	1596	1642
3	1612	1457	1642
3	1518	1457	1612
3	1622	1566	1612
3	1566	1518	1612
3	1527	1518	1566
3	1527	1474	1518
3	1488	1527	1566
3	1536	1488	1566
3	1375	1350	1398
3	1410	1334	1380
3	1301	1289	1320
3	1289	1301	1294
3	1675	1668	1686
3	1652	1736	1772
3	1876	1886	1946
3	1904	1872	1911
3	1975	1938	1973
3	1973	1980	1975
3	1980	1988	1991
3	1989	1992	1993
3	1991	1993	1996
3	1935	1989	1961
3	166	174	170
3	170	174	193
3	192	189	194
3	192	194	193
3	1260	1216	1277
3	1164	1153	1248
3	1170	1243	1225
3	1122	1121	1190
3	1153	1122	1190
3	1153	1190	1248
3	1190	1222	1293
3	1250	1169	1260
3	1220	1250	1292
3	1250	1260	1292
3	1292	1260	1277
3	1219	1307	1206
3	1294	1206	1350
3	1206	1307	1350
3	1307	1292	1350
3	1292	1277	1334
3	1350	1292	1334
3	1375	1294	1350
3	1350	1334	1398
3	1398	1334	1410
3	1243	1206	1294
3	1243	1294	1301
3	1243	1301	1320
3	1339	1243	1320
3	1297	1225	1243
3	1195	1248	1281
3	1225	1297	1282
3	1297	1243	1339
3	1320	1289	1281
3	1281	1248	1339
3	1320	1281	1339
3	1339	1248	1345
3	1339	1345	1297
3	1248	1190	1293
3	1345	1248	1293
3	1997	1463	1549
3	1997	1549	1601
3	1601	1549	1652
3	1479	1997	1470
3	1470	1997	1538
3	1538	1997	1601
3	1538	1601	1563
3	1668	1675	1732
3	1751	1716	1847
3	1751	1847	1846
3	1843	1751	1846
3	1876	1846	1847
3	1691	1675	1686
3	1691	1686	1716
3	1703	1675	1691
3	1675	1703	1732
3	1691	1716	1751
3	1703	1720	1732
3	1703	1691	1723
3	1732	1720	1743
3	1801	1691	1751
3	1801	1751	1843
3	1746	1732	1743
3	1763	1746	1743
3	1822	1746	1763
3	1763	1780	1782
3	1782	1780	1810
3	1763	1782	1822
3	1782	1810	1822
3	1822	1810	1831
3	1826	1831	1841
3	1831	1833	1841
3	1831	1810	1833
3	1810	1829	1833
3	1826	1841	1857
3	1854	1826	1857
3	1841	1833	1845
3	1845	1861	1841
3	1861	1845	1844
3	1844	1845	1877
3	1857	1841	1872
3	1872	1841	1861
3	1865	1844	1864
3	1844	1877	1864
3	1876	1847	1886
3	1846	1876	1843
3	1843	1876	1896
3	1896	1876	1925
3	1925	1876	1946
3	1962	1925	1946
3	1922	1925	1962
3	1857	1898	1854
3	1916	1898	1921
3	1916	1921	1947
3	1857	1872	1904
3	1898	1857	1904
3	1898	1904	1921
3	1921	1904	1911
3	1877	1871	1864
3	1865	1864	1888
3	1864	1859	1888
3	1888	1859	1914
3	1914	1859	1929
3	1859	1928	1929
3	1928	1859	1920
3	1914	1929	1910
3	1910	1929	1950
3	1871	1859	1864
3	1871	1885	1873
3	1859	1871	1873
3	1859	1873	1920
3	1946	1975	1962
3	1922	1962	1984
3	1984	1962	1975
3	1975	1996	1984
3	1984	1996	1994
3	1975	1980	1996
3	1980	1991	1996
3	1989	1990	1992
3	1990	1995	1992
3	1995	1994	1996
3	1996	1993	1992
3	1995	1996	1992
3	1935	1916	1947
3	1921	1964	1947
3	1947	1964	1972
3	1947	1972	1985
3	1935	1947	1989
3	1972	1983	1985
3	1989	1947	1985
3	1989	1985	1990
3	1990	1985	1995
3	1921	1911	1964
3	1911	1950	1964
3	1950	1966	1964
3	1950	1959	1966
3	1972	1964	1974
3	1964	1966	1974
3	1966	1978	1974
3	1928	1920	1959
3	1950	1929	1959
3	1929	1928	1959
3	1959	1970	1966
3	181	151	173
3	144	151	155
3	152	144	155
3	155	151	178
3	151	181	178
3	155	178	185
3	152	155	185
3	185	178	250
3	166	152	182
3	174	166	182
3	182	152	185
3	182	185	207
3	174	182	200
3	200	182	207
3	206	200	207
3	192	174	200
3	174	192	193
3	189	192	197
3	189	197	196
3	208	189	196
3	197	192	200
3	205	197	200
3	198	196	197
3	196	198	218
3	209	196	218
3	208	196	238
3	238	196	209
3	314	181	243
3	314	243	265
3	181	314	300
3	300	314	344
3	265	332	386
3	314	265	344
3	178	181	300
3	250	178	300
3	321	300	344
3	356	355	367
3	372	356	367
3	307	218	252
3	347	320	352
3	352	333	355
3	347	356	372
3	238	209	274
3	209	218	307
3	274	209	307
3	285	307	272
3	285	272	352
3	1437	1592	1608
3	1437	1483	1592
3	1600	1608	1757
3	1629	1581	1600
3	1600	1459	1608
3	1581	1459	1600
3	1459	1437	1608
3	1459	1327	1437
3	1634	1582	1726
3	1670	1629	1600
3	1582	1581	1629
3	1418	1581	1582
3	1478	1418	1582
3	1634	1593	1582
3	1478	1582	1593
3	1507	1478	1593
3	1489	1507	1593
3	1605	1489	1593
3	1547	1489	1605
3	1442	1453	1547
3	1489	1381	1507
3	1381	1489	1547
3	1453	1381	1547
3	1574	1442	1547
3	1364	1407	1494
3	1364	1288	1407
3	1407	1217	1436
3	1288	1217	1407
3	1228	1288	1364
3	1165	1217	1288
3	1165	1288	1228
3	1364	1494	1556
3	1488	1432	1527
3	1348	1432	1488
3	1464	1348	1488
3	1372	1348	1464
3	1372	1279	1348
3	1448	1361	1372
3	1425	1361	1448
3	1357	1361	1425
3	1361	1279	1372
3	1357	1279	1361
3	1186	1279	1357
3	1242	1186	1357
3	1483	1373	1443
3	1358	1431	1443
3	1373	1358	1443
3	1358	1357	1425
3	1431	1358	1425
3	1373	1205	1358
3	1205	1242	1358
3	1242	1357	1358
3	1437	1373	1483
3	1437	1313	1373
3	1327	1313	1437
3	1313	1205	1373
3	1139	1313	1327
3	1227	1139	1327
3	1137	1139	1227
3	1139	1205	1313
3	1418	1459	1581
3	1418	1338	1459
3	1227	1327	1459
3	1338	1227	1459
3	1338	1249	1227
3	1338	1210	1249
3	1283	1210	1338
3	1347	1418	1478
3	1342	1347	1478
3	1347	1338	1418
3	1300	1347	1342
3	1283	1338	1347
3	1283	1347	1300
3	1253	1283	1300
3	1244	1253	1300
3	1218	1283	1253
3	1342	1478	1507
3	1381	1428	1507
3	1428	1342	1507
3	1381	1264	1428
3	1264	1267	1428
3	1267	1342	1428
3	1267	1300	1342
3	1267	1244	1300
3	1264	1255	1267
3	1382	1381	1453
3	1382	1264	1381
3	1374	1382	1453
3	1442	1374	1453
3	1165	1025	1217
3	1138	1025	1165
3	1064	1025	1138
3	1197	1165	1228
3	1197	1138	1165
3	1137	1078	1139
3	1249	1168	1227
3	1210	1168	1249
3	1168	1137	1227
3	1072	1128	1168
3	1163	1168	1210
3	1128	1134	1168
3	1072	1168	1163
3	1134	1030	1137
3	1134	1137	1168
3	1072	1071	1128
3	1071	1105	1128
3	1105	1103	1128
3	1128	1103	1134
3	1103	1030	1134
3	1218	1210	1283
3	1239	1218	1244
3	1163	1210	1218
3	1244	1218	1253
3	1105	1071	1095
3	1056	1095	1071
3	1267	1239	1244
3	1239	1267	1255
3	964	962	1025
3	961	1025	1064
3	961	964	1025
3	849	964	961
3	849	820	964
3	1050	1071	1072
3	1000	1056	1071
3	1050	1000	1071
3	965	1000	1050
3	1000	944	1056
3	965	944	1000
3	965	915	944
3	885	925	944
3	915	885	944
3	913	818	965
3	818	915	965
3	820	730	811
3	784	735	820
3	735	730	820
3	889	795	821
3	795	781	821
3	821	781	754
3	704	781	795
3	781	693	754
3	818	883	915
3	843	795	889
3	883	843	877
3	798	843	883
3	818	798	883
3	798	795	843
3	768	704	795
3	768	795	798
3	768	698	704
3	712	698	798
3	698	768	798
3	883	877	885
3	883	885	915
3	712	798	818
3	782	712	818
3	724	712	782
3	735	670	730
3	730	641	703
3	650	670	735
3	670	654	730
3	654	641	730
3	627	654	670
3	650	627	670
3	604	641	654
3	627	569	654
3	569	604	654
3	608	635	666
3	608	602	635
3	629	666	676
3	629	676	661
3	652	629	661
3	617	608	666
3	629	617	666
3	593	629	652
3	693	674	661
3	661	674	626
3	615	652	661
3	626	615	661
3	615	612	652
3	781	674	693
3	651	674	781
3	704	651	781
3	630	651	704
3	651	626	674
3	630	615	651
3	607	615	630
3	698	667	704
3	669	698	712
3	669	622	698
3	667	630	704
3	622	667	698
3	607	630	667
3	571	607	667
3	622	587	667
3	587	571	667
3	571	525	607
3	594	587	622
3	582	594	622
3	669	712	724
3	632	669	678
3	582	622	669
3	632	582	669
3	634	539	632
3	583	539	634
3	589	552	627
3	552	569	627
3	569	588	604
3	569	526	588
3	532	526	569
3	552	532	569
3	554	552	589
3	554	536	552
3	523	536	554
3	536	532	552
3	504	532	536
3	523	504	536
3	509	504	523
3	544	524	549
3	546	549	554
3	549	523	554
3	544	527	524
3	524	523	549
3	516	524	527
3	509	523	524
3	516	509	524
3	568	544	580
3	527	544	568
3	534	527	568
3	553	608	617
3	553	602	608
3	553	568	602
3	530	534	568
3	553	530	568
3	528	530	553
3	525	581	607
3	571	503	525
3	519	594	582
3	503	571	587
3	503	587	594
3	441	525	503
3	441	450	525
3	539	582	632
3	1457	1586	1596
3	1432	1474	1527
3	1188	1348	1279
3	1205	1148	1242
3	1139	1148	1205
3	1030	1078	1137
3	968	821	990
3	889	821	968
3	877	843	908
3	908	843	889
3	944	1017	1056
3	925	941	944
3	568	580	625
3	661	676	755
3	554	589	546
3	580	544	584
3	1469	1583	1603
3	1648	1599	1658
3	1583	1524	1649
3	1599	1648	1649
3	1524	1599	1649
3	1548	1599	1524
3	1400	1524	1583
3	1438	1524	1400
3	1524	1498	1548
3	1599	1632	1639
3	1590	1628	1610
3	1591	1628	1590
3	1599	1590	1610
3	1599	1548	1590
3	1575	1591	1590
3	1575	1551	1591
3	1575	1468	1551
3	1498	1575	1590
3	1548	1498	1590
3	1535	1468	1575
3	1498	1411	1575
3	1551	1561	1591
3	1468	1509	1551
3	1551	1509	1561
3	1509	1492	1561
3	1560	1546	1607
3	1531	1456	1560
3	1456	1546	1560
3	1456	1510	1546
3	1434	1510	1456
3	1616	1564	1677
3	1607	1616	1678
3	1546	1579	1607
3	1579	1616	1607
3	1579	1539	1616
3	1539	1564	1616
3	1472	1539	1579
3	1546	1510	1579
3	1510	1472	1579
3	1539	1477	1564
3	1472	1473	1539
3	1473	1477	1539
3	1510	1430	1472
3	1594	1517	1630
3	1564	1477	1594
3	1477	1517	1594
3	1606	1545	1667
3	1606	1543	1545
3	1543	1388	1545
3	1462	1519	1545
3	1388	1462	1545
3	1399	1302	1326
3	1318	1302	1399
3	1302	1270	1326
3	1270	1252	1326
3	1226	1302	1318
3	1226	1204	1302
3	1204	1270	1302
3	1326	1336	1500
3	1399	1326	1500
3	1344	1406	1336
3	1336	1252	1344
3	1326	1252	1336
3	1438	1498	1524
3	1498	1438	1411
3	1346	1492	1509
3	1421	1346	1509
3	1346	1362	1492
3	1421	1192	1346
3	1192	1309	1346
3	1362	1394	1471
3	1362	1331	1394
3	1362	1309	1331
3	1346	1309	1362
3	1309	1194	1331
3	1192	1194	1309
3	1477	1461	1517
3	1415	1390	1477
3	1390	1461	1477
3	1363	1390	1415
3	1384	1321	1363
3	1363	1315	1390
3	1315	1461	1390
3	1321	1315	1363
3	1462	1386	1414
3	1388	1386	1462
3	1324	1321	1386
3	1386	1321	1359
3	1315	1321	1324
3	1270	1175	1252
3	1204	1185	1270
3	1185	1175	1270
3	1226	1085	1204
3	1140	1085	1226
3	1085	1185	1204
3	1055	1185	1085
3	1040	1175	1185
3	1055	1040	1185
3	1074	1008	1085
3	1192	1090	1194
3	1090	1106	1194
3	1046	1106	1090
3	1150	1254	1194
3	1150	1174	1254
3	1106	1150	1194
3	1118	1150	1106
3	1058	1150	1118
3	1041	1118	1106
3	1046	1041	1106
3	1118	1041	1058
3	1174	1211	1254
3	1174	1141	1211
3	1084	1141	1174
3	1150	1084	1174
3	1058	1084	1150
3	1084	1031	1141
3	1058	1059	1084
3	1084	1059	1031
3	1211	1141	1231
3	1141	1179	1231
3	1099	1161	1179
3	1141	1099	1179
3	1099	1045	1161
3	1031	1099	1141
3	1031	994	1099
3	989	1045	1099
3	1008	1055	1085
3	945	1040	1055
3	1008	945	1055
3	945	902	1040
3	902	940	1040
3	957	945	1008
3	857	902	945
3	846	945	957
3	846	857	945
3	1046	995	1041
3	1041	928	1058
3	974	995	1046
3	873	928	1041
3	995	873	1041
3	920	873	974
3	974	873	995
3	876	873	920
3	1058	950	1059
3	950	1031	1059
3	928	950	1058
3	950	983	1031
3	890	983	950
3	829	928	873
3	928	829	950
3	868	890	950
3	1003	989	1099
3	994	1003	1099
3	983	994	1031
3	994	893	1003
3	890	917	983
3	983	917	994
3	917	893	994
3	989	1014	1045
3	989	976	1014
3	893	989	1003
3	893	976	989
3	893	871	976
3	871	931	976
3	789	857	846
3	785	847	902
3	785	752	847
3	788	785	902
3	857	788	902
3	789	788	857
3	764	789	846
3	764	788	789
3	764	683	788
3	688	683	764
3	788	708	785
3	683	708	788
3	720	752	785
3	708	720	785
3	720	701	752
3	701	714	752
3	761	786	876
3	723	786	761
3	791	829	873
3	791	873	876
3	786	725	791
3	723	725	786
3	725	742	791
3	718	742	725
3	829	868	950
3	868	840	890
3	791	742	829
3	829	762	868
3	762	840	868
3	742	762	829
3	890	893	917
3	816	871	893
3	825	816	893
3	890	825	893
3	840	825	890
3	745	825	840
3	758	816	825
3	745	758	825
3	682	653	714
3	682	714	701
3	658	701	720
3	708	631	720
3	658	682	701
3	631	658	720
3	683	631	708
3	683	648	631
3	592	631	648
3	631	623	658
3	623	653	682
3	658	623	682
3	600	653	623
3	592	623	631
3	624	628	672
3	609	596	624
3	624	596	628
3	576	613	638
3	628	562	638
3	649	647	685
3	618	649	685
3	590	647	649
3	618	590	649
3	590	665	647
3	613	576	618
3	647	696	725
3	723	647	725
3	725	696	718
3	685	647	723
3	647	665	696
3	556	600	623
3	561	556	623
3	533	556	561
3	573	596	609
3	556	557	600
3	548	573	557
3	551	548	557
3	556	551	557
3	533	551	556
3	533	548	551
3	533	520	548
3	520	512	548
3	484	512	520
3	422	471	533
3	471	520	533
3	471	484	520
3	596	562	628
3	573	548	596
3	548	565	596
3	565	562	596
3	548	512	565
3	545	562	565
3	512	522	565
3	522	545	565
3	493	522	512
3	472	545	522
3	493	495	522
3	484	493	512
3	415	495	493
3	484	435	493
3	562	567	638
3	567	576	638
3	547	576	567
3	545	567	562
3	495	487	522
3	487	472	522
3	590	577	665
3	576	590	618
3	435	415	493
3	1362	1471	1492
3	1531	1560	1607
3	1434	1430	1510
3	1545	1519	1644
3	1331	1194	1254
3	1211	1269	1254
3	1473	1415	1477
3	1462	1414	1503
3	1386	1359	1414
3	1321	1384	1359
3	1074	1085	1140
3	1179	1223	1231
3	1161	1045	1083
3	957	1008	1074
3	1014	976	988
3	731	688	764
3	762	745	840
3	742	718	762
3	648	683	688
3	490	547	567
3	545	490	567
3	472	490	545
3	472	480	490
3	490	480	510
3	547	577	590
3	576	547	590
3	374	435	471
3	422	374	471
3	384	435	374
3	315	374	422
3	471	435	484
3	384	415	435
3	384	343	415
3	374	349	384
3	349	343	384
3	437	480	472
3	437	446	480
3	1487	1419	1475
3	1424	1419	1487
3	1636	1666	1690
3	1419	1467	1475
3	1656	1669	1712
3	1816	1819	1834
3	1774	1816	1834
3	1695	1740	1792
3	1806	1660	1792
3	1721	1747	1795
3	1752	1815	1783
3	1753	1704	1769
3	49	72	76
3	336	377	404
3	490	510	547
3	1202	1152	1268
3	1131	1226	1245
3	1426	1456	1465
3	1397	1371	1523
3	1368	1397	1505
3	1505	1397	1523
3	1396	1295	1433
3	1403	1396	1458
3	1396	1466	1458
3	1466	1396	1433
3	1202	1268	1340
3	1352	1268	1403
3	1340	1268	1352
3	1352	1403	1458
3	1340	1352	1446
3	1223	1202	1340
3	1231	1223	1343
3	1211	1231	1343
3	1223	1340	1445
3	1343	1223	1445
3	1445	1340	1446
3	1343	1445	1520
3	1254	1269	1424
3	1269	1211	1343
3	1269	1419	1424
3	1419	1269	1343
3	1419	1343	1467
3	1467	1343	1520
3	1394	1254	1424
3	1254	1394	1331
3	1394	1424	1447
3	1447	1424	1514
3	1424	1487	1514
3	1394	1447	1471
3	1387	1399	1450
3	1387	1318	1399
3	1387	1450	1460
3	1452	1387	1460
3	1452	1460	1512
3	1245	1226	1318
3	1245	1318	1312
3	1312	1318	1387
3	1462	1503	1519
3	1519	1503	1656
3	1519	1656	1712
3	1465	1456	1531
3	1531	1607	1637
3	1531	1637	1654
3	1637	1607	1705
3	1444	1465	1523
3	1523	1465	1577
3	1577	1465	1531
3	1577	1531	1654
3	1505	1523	1577
3	1505	1577	1618
3	1618	1577	1650
3	1650	1577	1654
3	1650	1654	1687
3	1368	1505	1413
3	1413	1505	1597
3	1505	1618	1597
3	1636	1597	1666
3	1666	1597	1689
3	1597	1618	1689
3	1449	1412	1555
3	1555	1412	1554
3	1449	1555	1516
3	1412	1413	1554
3	1554	1413	1597
3	1554	1588	1555
3	1554	1597	1636
3	1588	1554	1636
3	1555	1588	1680
3	1623	1555	1680
3	1588	1636	1729
3	1680	1588	1729
3	1449	1516	1433
3	1433	1516	1621
3	1621	1516	1623
3	1623	1516	1555
3	1621	1623	1695
3	1660	1621	1695
3	1623	1680	1695
3	1466	1433	1621
3	1598	1466	1621
3	1458	1466	1533
3	1466	1598	1533
3	1651	1533	1598
3	1651	1598	1694
3	1598	1621	1660
3	1688	1598	1660
3	1598	1688	1694
3	1446	1352	1533
3	1352	1458	1533
3	1445	1446	1537
3	1446	1533	1537
3	1537	1533	1580
3	1580	1533	1651
3	1520	1445	1537
3	1467	1520	1537
3	1471	1514	1492
3	1471	1447	1514
3	1492	1514	1573
3	1514	1506	1573
3	1561	1492	1573
3	1561	1573	1638
3	1591	1561	1638
3	1674	1638	1721
3	1628	1638	1674
3	1628	1591	1638
3	1569	1526	1602
3	1569	1602	1570
3	1562	1663	1602
3	1602	1663	1570
3	1565	1570	1685
3	1570	1663	1713
3	1565	1512	1460
3	1460	1450	1569
3	1565	1460	1569
3	1570	1565	1569
3	1519	1712	1644
3	1644	1712	1766
3	1712	1784	1766
3	1766	1784	1799
3	1766	1799	1808
3	1808	1799	1798
3	1737	1758	1765
3	1758	1744	1807
3	1738	1744	1758
3	1758	1737	1798
3	1765	1758	1807
3	1755	1758	1799
3	1758	1798	1799
3	1607	1678	1749
3	1678	1677	1737
3	1678	1737	1765
3	1749	1678	1765
3	1749	1765	1819
3	1765	1807	1819
3	1816	1749	1819
3	1705	1607	1749
3	1654	1637	1730
3	1637	1705	1730
3	1705	1749	1816
3	1730	1705	1816
3	1687	1654	1730
3	1687	1730	1774
3	1689	1650	1687
3	1689	1687	1774
3	1730	1816	1774
3	1666	1689	1711
3	1618	1650	1689
3	1680	1729	1740
3	1680	1740	1695
3	1660	1695	1792
3	1688	1660	1806
3	1694	1688	1806
3	1721	1795	1674
3	1719	1674	1820
3	1674	1795	1820
3	1820	1795	1856
3	1719	1628	1674
3	1713	1724	1777
3	1713	1752	1783
3	1752	1713	1777
3	1724	1785	1777
3	1815	1752	1777
3	1777	1785	1880
3	1815	1777	1883
3	1685	1570	1708
3	1663	1724	1713
3	1708	1570	1713
3	1708	1713	1783
3	1795	1848	1856
3	1836	1820	1856
3	1856	1848	1890
3	1890	1848	1918
3	1848	1917	1918
3	1918	1917	1927
3	1918	1927	1944
3	1958	1918	1944
3	1944	1927	1948
3	1944	1954	1958
3	1944	1948	1954
3	1998	1883	1909
3	1998	1909	1919
3	1909	1900	1933
3	1919	1909	1945
3	1909	1933	1945
3	1927	1919	1948
3	1919	1945	1948
3	1945	1933	1940
3	1948	1945	1954
3	1945	1940	1954
3	1777	1880	1883
3	1998	1815	1883
3	1883	1880	1900
3	1883	1900	1909
3	39	62	60
3	298	260	280
3	280	291	336
3	313	298	373
3	298	280	373
3	241	232	233
3	233	223	241
3	232	241	273
3	227	233	232
3	227	232	251
3	232	273	260
3	251	232	260
3	251	260	298
3	280	273	291
3	273	280	260
3	241	223	244
3	246	241	244
3	241	246	258
3	246	244	297
3	258	246	269
3	269	246	297
3	269	297	349
3	297	343	349
3	315	269	349
3	315	349	374
3	280	336	404
3	373	280	404
3	398	373	404
3	398	404	446
3	437	398	446
3	404	453	510
3	480	404	510
3	446	404	480
3	70	73	93
3	765	777	862
3	324	240	267
3	1664	1632	1760
3	1860	1805	1881
3	1707	1718	1748
3	1315	1427	1461
3	1124	1164	1195
3	1400	1583	1469
3	1844	1853	1861
3	1599	1610	1632
3	786	791	876
3	1230	1193	1256
3	751	776	749
