0.73315	-0.45479	0.14946
0.7472	-0.46022	0.095944
0.74529	-0.44886	0.15661
0.72497	-0.4601	0.12229
0.7348	-0.45181	0.05424
0.7528	-0.44992	0.10981
0.69729	-0.45362	0.065952
0.74661	-0.42736	0.17014
0.70418	-0.44232	0.14843
0.74163	-0.44452	0.0525
0.68059	-0.44764	0.086131
0.73311	-0.43334	-0.0022338
0.71464	-0.41196	0.16421
0.67536	-0.45563	0.02606
0.69693	-0.44333	-0.019877
0.72497	-0.43912	-0.0093614
0.66377	-0.42771	0.1006
0.66	-0.44899	0.0028311
0.6515	-0.45058	0.040535
0.6266	-0.44984	0.048953
0.73323	-0.43398	-0.0295
0.62547	-0.4512	0.021602
0.74024	-0.40329	0.17096
0.65207	-0.43703	0.075555
0.75468	-0.3902	0.13413
0.69897	-0.43514	-0.037917
0.63069	-0.44179	-0.025607
0.69008	-0.4074	0.15051
0.58445	-0.44864	0.017632
0.58667	-0.44637	0.045642
0.72786	-0.41308	-0.044673
0.71194	-0.42216	-0.04891
0.58427	-0.44597	-0.033132
0.60115	-0.44252	-0.047076
0.74107	-0.36408	0.088334
0.64391	-0.41707	0.091135
0.62161	-0.43561	0.070612
0.66101	-0.42244	-0.042717
0.75607	-0.3905	0.1572
0.72099	-0.38509	0.18763
0.66535	-0.40642	-0.049002
0.57294	-0.4395	0.053269
0.73223	-0.38692	0.033783
0.73024	-0.3849	-0.010804
0.5798	-0.41314	0.096216
0.70264	-0.38793	0.17486
0.59377	-0.39953	0.10464
0.55478	-0.41593	-0.06263
0.53887	-0.42934	-0.012624
0.64861	-0.38637	0.099457
0.64422	-0.41483	-0.050634
0.75096	-0.36254	0.16667
0.6122	-0.40635	0.094068
0.61926	-0.38805	0.094113
0.53265	-0.42125	0.017642
0.70248	-0.39489	-0.05319
0.56557	-0.40202	0.099707
0.74718	-0.32875	0.13205
0.65648	-0.38679	-0.043444
0.5086	-0.39727	0.035317
0.73788	-0.35796	0.18231
0.52394	-0.41615	-0.040866
0.74278	-0.38021	0.18672
0.72477	-0.34879	0.17477
0.68278	-0.35441	0.14494
0.59328	-0.39259	-0.077293
0.60346	-0.36456	0.093216
0.71703	-0.37629	-0.039419
0.54658	-0.392	0.11342
0.53272	-0.39642	0.087654
0.71016	-0.34525	-0.025335
0.74141	-0.33372	0.17128
0.67689	-0.33716	0.13695
0.65842	-0.36589	-0.030897
0.47693	-0.39385	-0.02347
0.74555	-0.31322	0.15756
0.64987	-0.35994	0.094745
0.73235	-0.33532	0.042039
0.63237	-0.36976	0.085789
0.54292	-0.41498	0.07276
0.5112	-0.39953	-0.064181
0.57247	-0.36738	0.11872
0.62632	-0.37466	-0.06938
0.73946	-0.32401	0.078612
0.52709	-0.3759	0.10154
0.56826	-0.36652	-0.093024
0.49658	-0.37687	0.064278
0.72237	-0.34547	-0.01494
0.46997	-0.3821	-0.064664
0.463	-0.3779	0.0024443
0.55668	-0.34128	0.12335
0.54804	-0.39336	-0.078944
0.63279	-0.34678	0.05324
0.65674	-0.35276	-0.011481
0.68104	-0.3161	0.12845
0.72051	-0.3172	0.17174
0.64477	-0.35173	0.070564
0.71743	-0.33249	0.0061436
0.44036	-0.36996	-0.030456
0.61606	-0.34634	0.068291
0.65134	-0.34297	0.039385
0.47144	-0.36482	0.031414
0.6733	-0.3404	0.0041242
0.62714	-0.3227	-0.056557
0.72699	-0.31905	0.061089
0.67401	-0.32639	0.086761
0.64398	-0.34048	0.018996
0.7392	-0.30622	0.10979
0.73186	-0.3146	0.18322
0.58079	-0.33664	-0.094397
0.52691	-0.35021	-0.10325
0.66809	-0.33602	0.050327
0.69421	-0.32415	0.055076
0.59696	-0.345	0.08079
0.48989	-0.37583	-0.080903
0.73716	-0.3039	0.14832
0.6394	-0.32699	-0.039444
0.69129	-0.30454	0.11776
0.52838	-0.34264	0.11161
0.48164	-0.32001	0.073216
0.47552	-0.33351	0.057722
0.71497	-0.29989	0.11498
0.70833	-0.30179	0.13693
0.55065	-0.3226	0.1113
0.42689	-0.35094	-0.052737
0.57591	-0.31747	0.078887
0.45277	-0.35261	-0.081843
0.60362	-0.31567	0.054865
0.63216	-0.30253	-0.017211
0.45366	-0.32329	0.040279
0.43489	-0.34812	0.0067583
0.58532	-0.30738	0.068462
0.49664	-0.33822	-0.10544
0.62071	-0.29472	0.0060864
0.41731	-0.33467	-0.013748
0.50322	-0.31239	0.090146
0.55748	-0.32364	-0.1051
0.52104	-0.31056	-0.11277
0.61094	-0.31774	-0.072933
0.57772	-0.28266	-0.089536
0.51652	-0.2812	0.082655
0.60616	-0.28523	-0.062264
-0.18808	-0.43752	0.16883
-0.16465	-0.427	0.19511
-0.19944	-0.4331	0.2031
0.5465	-0.26388	0.049158
-0.1653	-0.42741	0.14357
-0.22042	-0.43576	0.15984
0.45802	-0.3134	-0.10222
-0.20229	-0.43104	0.14159
-0.13123	-0.40343	0.19248
-0.17286	-0.42002	0.22622
-0.23312	-0.4152	0.23069
0.56803	-0.2467	0.024821
-0.14011	-0.41305	0.15399
-0.20187	-0.409	0.24716
0.54542	-0.2935	0.085202
0.39799	-0.2873	-0.0076838
0.42598	-0.30375	-0.083106
0.42223	-0.28931	0.039746
-0.16671	-0.41302	0.1265
0.58466	-0.24324	-0.0041032
0.54151	-0.26874	-0.10213
0.48169	-0.28071	0.072053
0.4926	-0.29698	-0.11339
0.44856	-0.30171	0.054036
-0.25608	-0.41825	0.20956
-0.11401	-0.39035	0.17271
0.39937	-0.29657	-0.039955
-0.11167	-0.38238	0.14454
-0.25911	-0.42012	0.18148
0.45426	-0.27051	0.065621
0.5778	-0.24792	-0.073149
-0.1308	-0.39023	0.21647
-0.27948	-0.40666	0.22232
0.40548	-0.29058	-0.066453
0.57975	-0.22989	-0.027562
0.50661	-0.27306	-0.11108
-0.19997	-0.38965	0.25758
-0.26056	-0.40982	0.13991
-0.17173	-0.38681	0.10937
-0.15112	-0.38235	0.24169
-0.26649	-0.4035	0.2434
0.45356	-0.27375	-0.11178
0.51035	-0.25261	0.065631
-0.23157	-0.39315	0.25752
-0.28671	-0.40091	0.17397
-0.13736	-0.39246	0.12001
0.39397	-0.26148	0.022675
-0.34412	-0.41913	0.20772
0.41917	-0.27895	-0.10094
-0.10697	-0.35961	0.20457
-0.30904	-0.41236	0.20861
-0.29089	-0.40362	0.20562
-0.33466	-0.41723	0.15389
-0.10075	-0.36537	0.17116
-0.37783	-0.42182	0.22105
-0.34758	-0.41623	0.23922
-0.39395	-0.40399	0.26313
0.42075	-0.28194	0.048755
-0.29153	-0.39583	0.25368
0.5204	-0.23445	0.044942
-0.31387	-0.40216	0.12903
-0.22895	-0.38426	0.10464
-0.19929	-0.37444	0.09622
-0.35195	-0.40859	0.25651
-0.30171	-0.37933	0.27007
-0.26278	-0.39382	0.26106
-0.35748	-0.41951	0.15756
-0.42116	-0.41182	0.19679
0.46862	-0.26628	-0.11256
0.57929	-0.23427	-0.047486
0.47594	-0.24837	0.066646
-0.27662	-0.38914	0.13779
0.37741	-0.26989	-0.021385
0.41468	-0.24172	0.053567
0.38397	-0.27678	-0.049511
-0.34295	-0.40717	0.11756
-0.42782	-0.40141	0.22323
-0.28911	-0.39201	0.14746
0.44478	-0.24818	0.062766
-0.086425	-0.32841	0.16428
-0.39911	-0.40748	0.1336
-0.15062	-0.35886	0.088438
-0.38081	-0.39855	0.10023
0.54935	-0.21562	0.0012851
0.40311	-0.24852	0.043191
-0.11276	-0.34912	0.1054
-0.29907	-0.37953	0.13195
-0.28348	-0.36372	0.28229
0.39133	-0.25287	-0.11349
-0.37703	-0.38999	0.27369
-0.099722	-0.34622	0.065365
-0.12788	-0.35364	0.098979
0.49733	-0.23195	0.060334
0.35473	-0.25844	-0.019895
-0.098371	-0.35087	0.1428
-0.26346	-0.3945	0.12187
-0.41101	-0.4126	0.18671
0.49282	-0.24432	-0.10483
-0.3692	-0.38333	0.085748
-0.13196	-0.35599	0.034526
0.54239	-0.22237	-0.070878
-0.11967	-0.3367	0.22789
-0.16211	-0.35179	0.080865
-0.33685	-0.37372	0.10116
-0.15859	-0.35326	0.043453
0.46709	-0.21949	0.061216
-0.34514	-0.36507	0.27733
-0.28498	-0.32717	0.10865
-0.23935	-0.35828	0.27892
-0.087076	-0.32712	0.1229
-0.45279	-0.38035	0.25109
0.42555	-0.2306	0.060924
0.34567	-0.23488	-0.10736
-0.07591	-0.33638	0.0028257
-0.43571	-0.38853	0.13001
0.44225	-0.20777	0.055955
-0.16398	-0.35399	-0.0012872
-0.43995	-0.37571	0.26332
-0.077049	-0.32331	0.070834
0.35532	-0.26032	-0.057337
0.36084	-0.24568	0.013338
-0.22299	-0.35015	0.087217
0.54178	-0.21239	-0.053639
-0.13352	-0.30966	0.24495
0.32381	-0.2545	-0.056675
-0.40878	-0.38009	0.088969
0.32958	-0.2539	0.019465
-0.19075	-0.34989	0.00064387
-0.43969	-0.38157	0.15891
-0.066195	-0.31791	0.014254
-0.45475	-0.37298	0.23254
-0.074897	-0.33926	0.029742
-0.45241	-0.37616	0.17654
0.40206	-0.2412	-0.12169
0.35026	-0.25327	-0.080665
-0.26685	-0.33687	0.28789
0.43857	-0.21875	-0.11952
-0.41761	-0.37972	0.10655
-0.076994	-0.30283	0.061332
0.39062	-0.22794	0.065004
-0.097642	-0.30402	0.21018
0.54204	-0.20646	-0.028419
-0.13637	-0.34257	-0.047728
-0.44544	-0.3674	0.21522
-0.10674	-0.3345	-0.036626
0.33966	-0.23266	0.054105
0.49913	-0.20322	0.030339
0.29639	-0.25717	-0.0085539
-0.19218	-0.34433	-0.041421
-0.064497	-0.30582	0.025223
-0.32565	-0.34788	0.2751
-0.080366	-0.30096	0.17476
-0.085987	-0.32143	-0.027651
0.37013	-0.2202	0.05329
0.49614	-0.21777	-0.084066
-0.18159	-0.32994	0.072357
-0.074444	-0.31197	0.086796
0.50332	-0.19811	-0.054334
-0.19098	-0.33022	0.26998
-0.39114	-0.36383	0.27525
-0.29737	-0.35651	0.12962
0.27547	-0.25095	-0.05909
0.29327	-0.24522	0.029432
0.26226	-0.24934	-0.017279
0.51302	-0.19593	-0.0032791
-0.44023	-0.39021	0.21647
-0.18812	-0.345	-0.062442
-0.17152	-0.34054	-0.079985
0.47559	-0.20153	0.045125
-0.43201	-0.35425	0.26177
0.31463	-0.22068	0.063932
-0.072487	-0.28745	0.12399
-0.16183	-0.3248	0.25872
-0.22628	-0.32707	-0.02374
0.39721	-0.21156	0.074598
-0.41329	-0.36466	0.11104
-0.11964	-0.31738	-0.10646
-0.15899	-0.32559	-0.10259
-0.43503	-0.36292	0.16484
-0.20897	-0.29845	0.27447
0.25906	-0.23399	0.029157
-0.098139	-0.31941	-0.084347
-0.39139	-0.36298	0.099188
-0.07405	-0.30335	-0.018581
-0.34877	-0.35987	0.1002
0.29799	-0.23817	-0.092522
0.48394	-0.18152	-0.016113
0.23438	-0.23786	-0.017614
-0.30925	-0.30836	0.2701
0.37865	-0.20093	-0.12797
-0.11132	-0.27084	0.22263
-0.44485	-0.35521	0.25089
0.46883	-0.18856	0.031808
-0.30795	-0.33123	0.14231
-0.071541	-0.28662	0.047421
0.27795	-0.238	-0.095004
0.22213	-0.23055	-0.074443
0.31979	-0.23099	-0.10896
-0.28114	-0.31974	0.28611
-0.37734	-0.35263	0.27185
-0.44678	-0.3687	0.12352
-0.20006	-0.30105	0.078329
-0.18394	-0.28939	0.26591
0.44927	-0.17691	0.03456
-0.086231	-0.2805	0.18644
-0.41193	-0.35106	0.15859
0.25709	-0.20355	0.058135
-0.20554	-0.32859	0.029261
-0.35514	-0.34182	0.12444
-0.33332	-0.3276	0.26199
-0.43883	-0.35546	0.20677
-0.35471	-0.33911	0.13981
-0.082177	-0.30136	-0.068155
-0.38804	-0.33843	0.2437
-0.40956	-0.34453	0.21345
0.40844	-0.18967	0.075613
-0.25903	-0.30891	0.096405
0.37958	-0.18755	0.066568
-0.1985	-0.32762	-0.093597
0.45806	-0.1755	-0.075238
0.42765	-0.18035	0.058934
0.3582	-0.2134	-0.12471
0.43797	-0.19856	-0.1116
0.44626	-0.18662	-0.098941
-0.067702	-0.27781	-0.037587
-0.33844	-0.32435	0.24811
-0.081826	-0.29146	-0.089265
-0.32233	-0.31207	0.24684
0.23255	-0.22424	0.012654
-0.083637	-0.26795	0.15579
-0.34062	-0.32566	0.20915
-0.089143	-0.28268	0.093777
-0.22531	-0.29554	0.039085
-0.29161	-0.3376	0.125
0.35638	-0.18624	0.076252
-0.069513	-0.27423	0.0014015
-0.23694	-0.30975	-0.062402
0.22202	-0.22928	-0.035009
-0.32116	-0.31479	0.21719
0.21487	-0.20466	0.0080534
0.45909	-0.16944	0.0044773
0.38757	-0.188	-0.12441
-0.20728	-0.29849	0.061993
0.31638	-0.19735	0.075996
-0.13809	-0.27815	0.24302
-0.10095	-0.25332	0.19534
0.4739	-0.17799	-0.051306
-0.21211	-0.31277	-0.099165
-0.31084	-0.32122	0.16221
-0.17734	-0.31422	-0.11779
0.31009	-0.21195	-0.12367
-0.14201	-0.30679	-0.11707
-0.28153	-0.30887	0.11011
0.25572	-0.22423	-0.10935
0.21702	-0.21257	-0.043759
-0.29488	-0.29322	0.23291
-0.10233	-0.2691	0.096834
-0.11515	-0.28974	-0.11586
-0.17093	-0.29355	-0.12889
-0.15809	-0.26218	0.24792
-0.25748	-0.2849	0.27347
0.40577	-0.1624	0.054935
-0.082627	-0.26411	0.054743
-0.27504	-0.29125	0.20045
0.2087	-0.20325	-0.021441
0.21289	-0.21804	-0.067181
0.22273	-0.2151	-0.1084
-0.2635	-0.29465	0.13343
-0.076712	-0.2658	-0.075203
0.28283	-0.21443	-0.12426
-0.29069	-0.27985	0.26492
-0.23846	-0.27939	0.09792
0.22455	-0.19703	0.044457
-0.19926	-0.26682	0.092538
-0.092573	-0.27169	-0.10078
-0.13768	-0.27325	-0.13222
-0.21372	-0.29957	-0.10677
0.46129	-0.16441	-0.031137
-0.13328	-0.23428	0.216
-0.11538	-0.25951	0.10672
-0.25557	-0.26743	-0.017919
-0.28349	-0.27044	0.24792
0.30445	-0.18083	-0.14168
0.32789	-0.16939	0.081693
0.36412	-0.16554	0.076125
0.38997	-0.15837	-0.11508
-0.20954	-0.25387	0.25114
-0.21548	-0.26693	0.15613
0.20736	-0.20478	-0.10615
-0.21916	-0.26229	0.1941
-0.25576	-0.28398	-0.080387
-0.20695	-0.28487	-0.12835
0.38601	-0.15051	0.06358
-0.21109	-0.26486	0.072701
-0.21098	-0.26155	0.11009
-0.13025	-0.2457	0.07685
0.43265	-0.1482	0.011354
0.24526	-0.17304	-0.14474
0.2477	-0.17042	0.069479
0.20708	-0.18042	-0.13512
-0.16488	-0.24347	0.24051
-0.24709	-0.25083	0.24431
0.41497	-0.12476	-0.039762
-0.24714	-0.28107	-0.10108
-0.11052	-0.23474	0.062123
0.20487	-0.18409	-0.074782
0.33682	-0.15517	-0.13719
-0.10979	-0.2595	-0.12079
0.20771	-0.18542	-0.093704
-0.12323	-0.22022	0.17917
-0.13173	-0.21971	0.14079
-0.085412	-0.22861	0.0020216
0.16826	-0.17391	0.0056864
0.42839	-0.13617	-0.0039176
0.3001	-0.14888	0.079991
-0.26472	-0.26733	-0.053927
-0.19623	-0.23915	0.12949
-0.23024	-0.26638	-0.14125
-0.2011	-0.26516	-0.15283
-0.086216	-0.24141	-0.096406
-0.16155	-0.22962	0.13172
-0.22374	-0.24942	0.22664
0.18371	-0.16846	-0.048826
-0.22822	-0.25023	0.24601
-0.16754	-0.27296	-0.14143
-0.19639	-0.22838	0.21529
-0.18821	-0.22855	0.18513
0.21668	-0.17762	0.051079
0.30577	-0.1499	-0.14853
-0.24167	-0.26392	0.023832
-0.14615	-0.22604	0.052512
-0.074798	-0.2229	-0.044094
-0.15563	-0.22705	0.11043
-0.16838	-0.25506	-0.16064
-0.10728	-0.23833	-0.13704
0.18977	-0.17981	0.030575
0.37375	-0.14104	-0.11922
0.40035	-0.12043	0.027597
-0.11123	-0.22863	0.049973
-0.18273	-0.22368	0.21834
-0.27893	-0.26092	-0.092315
0.392	-0.11245	-0.06865
-0.22656	-0.24364	0.039748
-0.077332	-0.2195	-0.11409
0.18537	-0.15831	0.038482
-0.14158	-0.22671	0.10117
-0.18707	-0.2219	0.1684
0.33781	-0.13929	0.079262
-0.11777	-0.20771	0.031241
-0.075067	-0.21032	-0.017173
-0.12841	-0.23891	-0.15581
-0.20159	-0.22562	0.050463
-0.16757	-0.21894	0.14982
-0.16717	-0.22532	0.084121
-0.06864	-0.21674	-0.09155
-0.26204	-0.26517	-0.11421
-0.16867	-0.21498	0.19485
-0.14403	-0.21558	0.16731
0.25433	-0.1187	0.070721
0.22016	-0.13032	0.063172
0.20839	-0.1451	-0.10766
0.2209	-0.13982	-0.15191
-0.20848	-0.24838	-0.18834
-0.30658	-0.24088	-0.11083
-0.28678	-0.24732	-0.059128
-0.087476	-0.21818	-0.14992
0.3814	-0.088381	-0.022377
-0.16424	-0.2423	-0.19169
-0.10257	-0.21283	0.022465
-0.2679	-0.2541	-0.16281
-0.21778	-0.21305	0.035222
-0.054609	-0.20429	-0.067637
-0.23352	-0.25432	-0.18138
0.37449	-0.11306	-0.091963
-0.11414	-0.22386	-0.17606
0.32624	-0.1124	0.0705
0.33589	-0.1358	-0.13672
0.28014	-0.14385	-0.15356
-0.24996	-0.24219	0.019824
0.1594	-0.1321	0.024717
-0.18612	-0.21014	0.040474
-0.16938	-0.23777	-0.2228
-0.11595	-0.22132	-0.20853
0.21373	-0.12757	-0.12487
-0.27992	-0.24415	-0.19718
-0.10048	-0.22072	-0.19497
-0.012336	-0.19112	-0.14344
0.18581	-0.14689	-0.08087
-0.036396	-0.19932	-0.14877
0.15523	-0.15324	-0.0060486
-0.26049	-0.24562	-0.2116
-0.26785	-0.23349	0.0048224
-0.053452	-0.20433	-0.17417
-0.29729	-0.24623	-0.13413
-0.21268	-0.24109	-0.2231
0.29001	-0.10376	0.070618
0.37129	-0.075705	-0.019713
0.34331	-0.099667	-0.11789
0.36074	-0.080896	0.030658
0.17249	-0.10476	0.042468
-0.046624	-0.17718	-0.028024
0.14141	-0.14042	-0.035235
-0.094928	-0.20643	-0.23412
-0.15606	-0.2075	0.041103
-0.16592	-0.21565	-0.26513
-0.091408	-0.18444	0.022438
-0.2381	-0.21253	0.030635
-0.12983	-0.21308	-0.24832
-0.31296	-0.23147	-0.051664
-0.26454	-0.22346	0.015143
-0.244	-0.23021	-0.24513
-0.00035914	-0.17643	-0.17455
-0.19441	-0.22932	-0.24863
-0.014409	-0.17246	-0.078889
-0.29951	-0.21329	0.0067724
-0.27706	-0.21575	0.031204
0.14454	-0.13431	0.0072526
-0.32473	-0.23331	-0.17896
-0.32072	-0.22737	-0.10933
-0.30321	-0.21644	-0.024488
-0.1619	-0.17874	0.05482
-0.064174	-0.17988	8.5939e-05
0.16551	-0.13438	-0.082823
-0.2043	-0.19823	0.037251
-0.0042609	-0.17284	-0.1229
-0.1352	-0.17957	0.047984
-0.028716	-0.18312	-0.19593
-0.27942	-0.22529	-0.25073
-0.34537	-0.22358	-0.16137
0.22342	-0.10398	-0.14346
-0.016515	-0.15423	-0.027902
-0.25337	-0.19927	0.056218
0.34458	-0.052501	0.014024
-0.33643	-0.22244	-0.079885
-0.099157	-0.1657	0.061065
-0.053885	-0.16128	0.016154
0.096629	-0.12829	-0.037032
0.014158	-0.15089	-0.066914
-0.050736	-0.18053	-0.22972
0.19381	-0.12855	-0.10863
0.29292	-0.10157	-0.14288
0.33743	-0.060645	-0.06969
-0.10723	-0.1939	-0.26264
-0.032965	-0.1559	0.0017824
0.13166	-0.10571	0.035945
0.23472	-0.10129	-0.1523
-0.32513	-0.22668	-0.21283
-0.23966	-0.21592	-0.27581
-0.077369	-0.16361	0.050259
-0.34935	-0.20988	-0.11395
-0.36253	-0.20807	-0.035348
0.026214	-0.14582	-0.14091
0.25834	-0.11438	-0.15511
0.1925	-0.085967	0.050849
-0.21523	-0.17941	0.051021
0.070386	-0.13684	-0.066402
0.022759	-0.15202	-0.11877
-0.010279	-0.14308	-0.0023203
-0.3114	-0.19406	0.047966
0.03497	-0.13769	-0.055207
-0.0049462	-0.15447	-0.21601
-0.035164	-0.14666	0.018014
-0.32477	-0.22094	-0.2351
0.10788	-0.13085	-0.064992
0.097445	-0.12773	-0.093619
0.21212	-0.10721	-0.13056
0.010056	-0.15071	-0.19717
-0.24495	-0.17211	0.055799
0.086006	-0.11285	-0.0058392
0.10029	-0.11103	0.013229
0.082765	-0.12891	-0.11449
-0.13263	-0.14206	0.089379
0.0064672	-0.13735	-0.027843
0.11631	-0.11938	-0.11513
0.065593	-0.12023	-0.028786
0.012359	-0.14693	-0.17307
-0.087875	-0.1449	0.077687
-0.30239	-0.17659	0.064594
-0.36175	-0.20176	-0.066554
0.32406	-0.038235	0.021093
0.25204	-0.089242	-0.14815
-0.336	-0.1894	-0.016091
-0.23171	-0.15238	0.05978
-0.065212	-0.15958	-0.26951
0.12311	-0.1088	-0.13313
-0.29246	-0.20661	-0.27591
-0.21044	-0.16024	0.062433
0.026804	-0.1324	-0.17368
0.18575	-0.09748	-0.14092
-0.38367	-0.18897	-0.01981
0.31831	-0.070236	-0.11092
0.32282	-0.064301	0.033906
0.30304	-0.021873	-0.057792
0.0022071	-0.12149	-0.24385
-0.36085	-0.19973	-0.088228
0.26772	-0.050018	0.039751
-0.16142	-0.16045	0.076616
-0.38409	-0.20197	-0.15373
-0.011828	-0.1246	0.011428
-0.37344	-0.19878	-0.21626
-0.24547	-0.17944	-0.31469
-0.20384	-0.1653	-0.32735
0.023027	-0.1021	0.0063477
0.14652	-0.082027	0.055093
-0.38199	-0.19544	-0.061884
-0.043401	-0.10027	0.076696
-0.38941	-0.19376	-0.03145
-0.065526	-0.11605	0.078323
-0.32	-0.17991	-0.2986
0.16719	-0.096213	-0.1403
0.0833	-0.11133	-0.16511
-0.36337	-0.1704	0.038191
-0.34198	-0.2031	-0.25392
-0.28074	-0.14569	0.054158
-0.12879	-0.14694	-0.31796
-0.16448	-0.16061	-0.32246
-0.35809	-0.17728	-0.010026
0.24226	-0.066244	0.054272
0.060215	-0.075159	0.029439
0.10353	-0.089469	-0.1859
-0.39685	-0.19721	-0.1814
-0.39643	-0.18122	-0.083827
-0.027764	-0.12368	-0.27159
-0.035841	-0.12586	0.045824
0.020285	-0.111	-0.20749
0.22866	-0.073873	-0.14555
-0.11475	-0.1057	0.10634
0.2755	-0.052934	-0.11782
-0.34077	-0.18604	-0.27986
-0.33797	-0.16562	0.076275
-0.21284	-0.133	0.078031
-0.32953	-0.15686	0.076465
0.14868	-0.076551	-0.15457
0.31632	-0.030382	-0.030329
0.046567	-0.090546	-0.22535
-0.45876	-0.18414	0.10216
0.29261	-0.024953	-0.081853
0.21557	-0.06836	0.055366
0.092833	-0.087605	0.031414
-0.1737	-0.11995	0.095793
-0.3668	-0.16806	0.01249
-0.43313	-0.17044	-0.024866
-0.29585	-0.15353	-0.32688
-0.098906	-0.092243	0.10763
-0.50621	-0.19004	0.12477
-0.53461	-0.18152	0.12222
-0.42516	-0.17516	-0.053062
-0.27384	-0.12636	0.060505
-0.37704	-0.15795	0.067278
-0.42009	-0.16983	-0.10886
-0.54233	-0.17838	0.14093
0.11904	-0.065217	-0.19905
-0.41041	-0.18112	-0.1961
-0.44475	-0.16475	0.10776
-0.0097752	-0.089165	0.041119
-0.42069	-0.1793	-0.15013
0.24421	-0.051091	-0.14247
0.23267	-0.039937	0.047881
0.18332	-0.032763	0.062249
-0.39646	-0.15431	0.0088473
-0.48831	-0.17154	0.079789
-0.4066	-0.17437	-0.21573
0.19024	-0.04415	-0.162
-0.18407	-0.12202	-0.34906
-0.34565	-0.14914	0.093405
-0.43759	-0.1615	0.087024
-0.41845	-0.1721	-0.018355
0.083745	-0.060853	0.047585
-0.56657	-0.15546	0.15023
-0.53725	-0.16956	0.14699
0.25592	-0.026984	-0.12839
-0.31678	-0.12334	0.076299
-0.39888	-0.15266	0.037744
-0.56251	-0.16365	0.13031
-0.3894	-0.14714	0.10189
-0.053951	-0.11553	-0.29378
0.028172	-0.075489	0.030943
-0.34467	-0.13949	0.11341
-0.40707	-0.15529	-0.0045089
-0.4148	-0.14446	0.11059
-0.18602	-0.093527	0.097338
-0.055137	-0.069465	0.089919
0.2731	-0.012462	-0.090626
-0.021059	-0.064532	0.062032
-0.34984	-0.13205	0.14429
0.25977	-0.0238	0.028855
-0.24543	-0.10944	0.073986
-0.50439	-0.17552	0.097184
-0.37756	-0.16163	-0.27191
-0.45015	-0.15008	-0.11788
-0.41008	-0.14708	0.085462
-0.4644	-0.1457	0.056288
-0.24444	-0.14696	-0.33668
-0.34782	-0.15539	-0.30596
-0.024516	-0.075931	-0.29447
-0.33534	-0.124	0.16181
-0.33346	-0.12725	0.13416
0.14265	-0.041688	0.066705
-0.42601	-0.14564	0.054111
-0.44443	-0.15028	0.064145
0.013929	-0.050029	0.054328
-0.44834	-0.13651	0.12546
-0.043112	-0.087536	-0.29997
0.080545	-0.0357	0.062151
-0.13437	-0.058292	0.11225
-0.42929	-0.14201	0.1239
-0.091886	-0.096215	-0.3258
-0.48705	-0.14304	0.13583
-0.25471	-0.1181	-0.3503
-0.47152	-0.1319	0.15565
-0.42904	-0.13819	0.016517
0.27062	0.0084948	-0.012799
0.139	-0.032837	-0.19993
0.061496	-0.076138	-0.22896
0.27198	0.010935	-0.0392
-0.42892	-0.12436	0.1466
0.10828	-0.037545	0.065799
-0.52124	-0.12894	0.16705
-0.15011	-0.11275	-0.34211
-0.085075	-0.049428	0.10248
0.02552	-0.039717	0.053286
-0.44704	-0.13312	0.036363
-0.47647	-0.13862	-0.044091
-0.28138	-0.096344	0.082754
-0.31091	-0.082399	0.1689
-0.52564	-0.13877	0.084886
0.21788	-0.024902	-0.15477
0.18745	0.011927	0.055939
0.071382	-0.057055	-0.23421
-0.32897	-0.10826	0.17416
-0.22491	-0.079901	0.083325
-0.38193	-0.10517	0.17833
0.05201	-0.052267	-0.25331
-0.39593	-0.11174	0.17393
-0.52938	-0.14164	0.16363
-0.24784	-0.079478	0.084449
0.22778	-3.1878e-05	-0.34458
-0.3189	-0.09497	0.14788
-0.31538	-0.09379	0.12136
0.17651	-0.040422	-0.16743
0.25725	0.01053	-0.1048
-0.49365	-0.15053	0.065762
-0.33269	-0.14206	-0.32274
-0.44935	-0.12837	-0.0041604
-0.043615	-0.044491	0.077061
-0.45294	-0.14542	-0.16892
-0.45914	-0.14147	-0.022841
-0.48627	-0.13041	-0.037713
-0.35924	-0.1064	0.18158
-0.025001	-0.027136	0.085575
-0.29877	-0.093585	0.097129
0.018558	-0.079766	-0.23954
-0.29239	-0.13067	-0.3435
0.20566	-0.001335	-0.16622
-0.18938	-0.048238	0.087289
-0.45032	-0.11462	0.15359
0.23193	-0.0011388	-0.1448
-0.14762	-0.087344	-0.35342
-0.54364	-0.13138	0.11398
-0.32538	-0.091762	0.19792
0.24779	-0.0032947	-0.35004
-0.37467	-0.098183	0.20362
-0.48502	-0.13036	0.053292
-0.39949	-0.10074	0.20275
0.21852	0.013499	0.041231
-0.54858	-0.14085	0.16734
-0.30741	-0.080733	0.23158
-0.42574	-0.10258	0.16914
-0.31301	-0.077574	0.27328
-0.43318	-0.13118	-0.23858
-0.34602	-0.086511	0.21877
-0.50136	-0.12668	0.073529
-0.47007	-0.11254	0.14353
-0.058209	-0.060718	-0.31948
0.12579	0.0040865	0.071034
0.01973	-0.041012	-0.253
0.24164	0.019728	-0.12181
-0.23721	-0.0978	-0.36342
-0.39607	-0.11729	-0.29194
0.16632	0.013456	-0.19422
-0.55465	-0.12604	0.13987
-0.32731	-0.078476	0.27516
-0.2975	-0.064178	0.22769
0.093257	-0.0025868	0.072641
-0.51773	-0.12172	0.096016
-0.3008	-0.074679	0.18146
-0.32908	-0.073627	0.30043
-0.0031631	-0.010867	0.08291
-0.36017	-0.078911	0.22022
-0.29377	-0.071485	0.18879
-0.44483	-0.098557	0.15813
-0.27404	-0.057312	0.11559
0.24058	0.021345	0.017488
-0.40134	-0.088556	0.22
-0.51539	-0.11493	0.13384
-0.29571	-0.056374	0.28349
0.24927	0.038578	-0.021295
-0.31064	-0.059268	0.32269
0.052357	-0.013154	0.070701
0.12178	-8.3074e-05	-0.21953
-0.48559	-0.10943	0.1113
0.22097	0.0099205	-0.16304
-0.10274	-0.029198	0.11239
-0.46802	-0.11822	0.034987
-0.49531	-0.11457	-0.045928
-0.47154	-0.10667	0.019929
-0.33042	-0.060269	0.32784
-0.37857	-0.11737	-0.31081
0.28115	0.0079823	-0.32376
-0.4801	-0.10026	0.092216
0.30649	0.027213	-0.31006
-0.28002	-0.057064	0.14033
-0.46634	-0.099564	0.13113
-0.48215	-0.097702	0.075153
-0.14127	-0.020712	0.107
-0.48784	-0.11495	-0.025693
-0.42272	-0.08429	0.18506
-0.30936	-0.083657	-0.36039
0.22891	0.043589	0.0097632
0.23475	0.015288	-0.36158
-0.25706	-0.056911	0.098891
-0.47869	-0.10503	0.043848
-0.36225	-0.060086	0.24481
-0.26156	-0.034131	0.22017
0.29602	0.022703	-0.2632
-0.27536	-0.092526	-0.3624
0.044283	-0.0037854	0.080446
0.26033	0.012579	-0.31294
-0.080559	-0.048258	-0.33412
0.14903	0.030397	0.069955
-0.26868	-0.039754	0.15856
-0.040281	0.0093854	0.092129
-0.021736	-0.052917	-0.28229
-0.29056	-0.043163	0.27404
-0.079372	-0.01574	0.082628
0.23158	0.020074	-0.17379
-0.35224	-0.094897	-0.34016
0.092855	-0.010232	-0.23332
0.29817	0.028903	-0.33483
0.2906	0.025818	-0.22363
-0.040499	-0.035297	-0.29519
0.23929	0.019589	-0.14168
-0.28567	-0.038214	0.29479
0.26708	0.028443	-0.17354
0.31543	0.034086	-0.25119
-0.34096	-0.038965	0.35225
0.29711	0.03233	-0.20532
0.1909	0.022251	-0.18861
0.064391	0.014866	0.090634
-0.15519	-0.047434	-0.363
0.22852	0.015555	-0.33808
0.1137	0.038514	0.088115
-0.47708	-0.11972	-0.12638
0.28223	0.019686	-0.34789
-0.40229	-0.059023	0.22304
-0.38327	-0.061509	0.23559
0.26734	0.02936	-0.21081
0.07365	-0.01856	-0.24524
-0.37134	-0.032821	0.28607
0.2753	0.026812	-0.26344
-0.49063	-0.085375	-0.013336
0.25734	0.022374	-0.29854
-0.11258	-0.058044	-0.34748
-0.47694	-0.058271	0.1243
-0.2133	-0.02839	0.095135
-0.48469	-0.09226	-0.17204
0.21535	0.032612	-0.19539
0.2643	0.034746	-0.22513
-0.20846	-0.062745	-0.37117
0.1975	0.042686	0.043052
0.066458	0.0055441	-0.24262
0.23516	0.052046	-0.09887
-0.45478	-0.11421	-0.2207
0.25475	0.04017	-0.13705
0.23759	0.037576	-0.206
0.074582	0.030584	0.093091
-0.27275	-0.020341	0.26391
-0.46902	-0.065504	0.14361
-0.098047	0.0048385	0.085005
-0.44112	-0.063729	0.18241
-0.10298	-0.026365	-0.34656
0.088304	0.020632	-0.24215
-0.33693	-0.021393	0.3605
0.28707	0.046515	-0.17277
-0.16335	0.00049363	0.085825
-0.25412	-0.084052	-0.36363
-0.011151	0.029649	0.086146
-0.48776	-0.064613	0.10563
-0.079153	-0.02732	-0.31215
0.16262	0.042322	0.067611
-0.26224	-0.020979	0.17744
-0.29205	-0.023393	0.31143
0.24225	0.042196	-0.31203
0.32861	0.052557	-0.26818
0.22705	0.056041	-0.018593
-0.48857	-0.096114	-0.1268
-0.3555	-0.028455	0.35326
0.31798	0.058975	-0.22319
-0.49734	-0.065589	0.012595
0.30652	0.058208	-0.18986
0.28208	0.048274	-0.3489
-0.25065	-0.016938	0.11782
0.27513	0.067484	-0.15892
-0.51337	-0.082462	-0.039264
0.20866	0.072778	0.0097355
0.25773	0.043835	-0.36109
-0.50318	-0.057621	0.039148
-0.3567	-0.059265	-0.34718
0.028665	0.029531	0.08895
0.013209	-0.011743	-0.26269
0.2158	0.070486	-0.064322
-0.18236	-0.0042984	0.087956
-0.25576	0.0007848	0.24274
-0.38178	-0.039337	0.25247
-0.12497	0.0096814	0.093393
-0.50677	-0.085134	-0.065157
0.32785	0.073681	-0.24582
0.098386	0.02106	-0.23326
-0.14369	-0.034815	-0.35947
-0.38652	-0.073732	-0.32502
-0.46387	-0.06729	-0.24139
0.25914	0.044207	-0.26508
-0.42916	-0.08285	-0.27767
0.23596	0.063621	-0.11013
0.014471	0.025288	-0.26912
-0.27894	-0.01369	0.27822
0.19594	0.050127	-0.19896
0.19864	0.059675	0.03765
0.23263	0.033935	-0.3498
-0.49285	-0.073614	-0.14638
-0.24172	-0.021847	-0.37461
-0.25874	-0.016331	0.14883
-0.10175	0.035222	0.080388
-0.068884	-2.1457e-05	-0.31282
0.14535	0.054743	0.083389
-0.23851	-0.017201	0.1043
0.24961	0.05336	-0.22947
-0.37979	-0.012732	0.27666
0.31902	0.077393	-0.27692
0.25207	0.071706	-0.25603
0.31441	0.079773	-0.21851
0.042609	0.045551	0.092872
0.25333	0.065724	-0.28494
-0.30296	-0.0065265	0.32325
0.25367	0.051474	-0.35377
-0.2807	-0.037464	-0.37145
0.19027	0.07631	0.061158
0.12546	0.078439	0.091125
0.15639	0.053418	-0.20397
-0.36396	-0.0079591	0.34375
-0.25527	-0.0014073	0.20569
0.20973	0.076239	-0.025719
0.073208	0.069966	0.090617
-0.057367	0.033564	0.088798
0.25415	0.065485	-0.32367
-0.096115	0.0015153	-0.34317
-0.45424	-0.029152	0.17632
0.28392	0.086822	-0.29944
0.25165	0.080591	-0.14009
0.21025	0.087273	0.025114
-0.16465	0.02071	0.08194
0.10747	0.072026	0.090589
0.22844	0.069765	-0.21506
-0.26223	0.0048211	0.15602
-0.49864	-0.056016	-0.14181
-0.38585	-0.0083522	0.25576
-0.51872	-0.061148	-0.050527
-0.50274	-0.047134	0.07633
-0.28032	0.0125	0.26668
0.028068	0.036562	-0.26864
-0.42404	-0.027195	0.2025
-0.23796	0.010443	0.10012
0.15476	0.084761	0.077038
-0.49308	-0.02453	0.11384
-0.42139	-0.01038	0.21575
0.29666	0.096331	-0.19889
-0.13951	-0.0066635	-0.36169
-0.034756	0.02672	-0.29641
-0.25451	0.0082131	0.12215
0.20221	0.077963	-0.20217
0.24175	0.081034	-0.22783
0.26207	0.077831	-0.29288
-0.4931	-0.062424	-0.17014
-0.42675	-0.050691	-0.28741
-0.26662	-0.023775	-0.37121
-0.15996	-0.0037215	-0.36757
0.21056	0.09731	-0.085768
-0.32027	0.012417	0.3316
0.17085	0.087306	-0.1959
0.04877	0.080899	0.087383
0.19277	0.090874	0.052249
-0.47471	-0.037187	0.14715
0.20866	0.087623	-0.042392
-0.13062	0.028792	0.089836
-0.50858	-0.049043	-0.1053
0.20392	0.096146	-0.00081391
-0.40639	-0.0032146	0.22988
-0.48798	-0.050236	-0.20202
-0.50832	-0.032655	-0.010748
-0.051381	0.066936	0.082639
-0.18614	-0.0049914	-0.36846
-0.32246	-0.027839	-0.36216
-0.51497	-0.022088	0.05755
0.13822	0.096676	0.078392
-0.099776	0.051885	0.073962
0.15704	0.10197	0.059837
-0.051197	0.041386	-0.31385
-0.35749	0.036695	0.31444
0.21285	0.099902	-0.11209
0.30351	0.088715	-0.28261
-0.34916	0.016434	0.34525
0.029473	0.052806	-0.26582
-0.27335	0.033503	0.22893
-0.52459	-0.025527	-0.035865
0.25975	0.094565	-0.16441
-0.44503	0.005064	0.19114
-0.028804	0.078101	0.076091
0.017701	0.072621	0.080612
0.20777	0.10084	-0.010333
0.29628	0.10235	-0.24329
0.074913	0.054925	-0.24184
-0.39078	0.0077568	0.23467
-0.39719	-0.045549	-0.32097
-0.50062	-0.032374	-0.1586
-0.50932	-0.02156	0.017027
-0.20134	0.047606	0.07437
-0.24678	0.028689	0.096034
0.26112	0.091741	-0.25914
0.24897	0.099964	-0.21805
0.22406	0.10317	-0.14683
0.20624	0.11461	-0.12948
-0.35846	-0.029625	-0.35043
-0.51361	-0.045307	-0.071752
-0.47906	-0.0063072	0.14606
0.23629	0.11433	-0.027055
-0.0044941	0.042141	-0.27537
0.14737	0.081045	-0.20322
-0.27337	0.022224	0.15328
-0.29553	0.036206	0.25668
0.26924	0.10359	-0.23842
-0.33254	0.03724	0.32448
0.13195	0.11885	0.056916
0.018317	0.092946	0.074371
-0.52581	-0.0095072	-0.053206
-0.51373	-0.018272	0.090039
-0.21373	0.0061812	-0.3736
-0.27649	0.035113	0.11624
-0.4939	-0.00016318	0.13126
-0.11418	0.06836	0.094557
0.22532	0.11492	-0.010995
-0.30043	0.017441	0.30537
0.26165	0.13002	-0.025634
0.21696	0.1021	-0.040147
0.26307	0.11137	-0.20531
-0.16452	0.072138	0.1044
0.24755	0.14746	0.030193
-0.31339	0.045081	0.27892
0.089075	0.09704	0.080395
0.0322	0.073454	-0.2542
-0.20075	0.070278	0.088006
-0.43377	0.018538	0.21931
0.20536	0.095935	-0.18997
-0.076328	0.023954	-0.33199
0.21747	0.10433	-0.18025
-0.077395	0.092017	0.060603
-0.37534	0.032771	0.2289
-0.37685	0.0034189	0.27653
-0.1305	0.063328	0.10666
-0.54817	-0.021932	0.13059
0.2838	0.1369	-0.0074215
-0.55236	-0.014376	0.15849
0.22215	0.12688	-0.042913
-0.22997	0.0564	0.07444
-0.52802	-0.013059	0.10329
-0.031674	0.060473	-0.28985
-0.51289	-0.009496	0.11354
-0.054831	0.090148	0.069061
0.15153	0.12068	0.033311
0.19822	0.12526	0.011838
-0.57041	-0.012596	0.14504
-0.56124	-0.010916	0.10458
-0.11483	0.020994	-0.35171
-0.51325	-0.0076363	0.031261
-0.50148	-0.018167	-0.1384
-0.53298	-0.010041	0.076788
-0.2942	0.019106	-0.36305
0.1995	0.11606	-0.15999
-0.47355	0.021394	0.1564
-0.30201	0.041365	0.13638
-0.50947	-0.0093182	-0.11271
-0.31485	0.049138	0.23221
-0.46928	-0.0046031	-0.23907
0.18173	0.10801	-0.18226
-0.43659	0.029068	0.21055
0.29648	0.15193	0.01361
0.16057	0.1145	-0.19446
-0.39912	-0.015334	-0.32239
0.13172	0.12525	-0.1975
-0.51669	-0.0064413	-0.073573
0.038582	0.11124	0.059943
-0.38582	0.034466	0.21495
0.21378	0.11488	-0.10511
-0.50437	0.010754	0.1415
-0.54256	-0.0035856	0.17486
-0.33993	0.05651	0.2536
-0.36693	0.0032323	-0.34304
0.082382	0.10201	-0.22826
0.23717	0.15545	-0.081092
-0.033267	0.098823	0.060763
-0.60526	0.008032	0.14192
0.16091	0.13228	0.028541
-0.55528	-0.0009443	0.076489
0.18744	0.1446	0.029909
-0.20002	0.046261	-0.3635
-0.4927	-0.00013406	-0.18581
-0.57505	0.00092328	0.17087
-0.36596	0.050532	0.26181
-0.12541	0.10958	0.10098
-0.34244	0.050871	0.30055
0.11195	0.13676	0.050062
-0.31834	0.026613	-0.35767
0.22823	0.14849	-0.1122
-0.53005	0.0032367	0.048886
-0.41411	0.0077915	-0.30051
-0.2524	0.018644	-0.37198
-0.27087	0.054374	0.090079
0.17946	0.13941	-0.17325
-0.35348	0.063582	0.13216
-0.49305	0.024434	0.13903
-0.44816	0.028756	0.17602
0.33637	0.16649	-0.022595
0.31328	0.16029	0.000443
-0.019551	0.10784	0.051029
-0.50265	0.0018582	-0.011575
-0.32452	0.072336	0.086983
0.34654	0.1775	0.0055602
-0.57626	0.01119	0.17735
0.091369	0.13096	0.05715
-0.51495	0.017332	0.1514
-0.56742	0.019988	0.16685
0.28764	0.17049	-0.044403
-0.013701	0.086715	-0.26239
-0.16655	0.045711	-0.36225
-0.51692	0.00090355	-0.025882
0.01581	0.10899	-0.24244
-0.40662	0.045532	0.19605
-0.028497	0.089887	-0.26993
-0.60998	0.026358	0.15345
-0.58551	0.0063872	0.095473
-0.35836	0.058431	0.23063
-0.1147	0.12907	0.081381
0.23037	0.14333	-0.044063
-0.070973	0.11332	0.0526
-0.51355	0.017101	0.036051
-0.49711	0.010639	0.012716
-0.3909	0.011316	-0.32174
0.30714	0.17118	-0.059035
0.27078	0.16497	0.043715
0.3248	0.17335	0.02673
-0.063052	0.074849	-0.31677
0.12358	0.14783	0.035388
-0.099473	0.061426	-0.33819
-0.51828	0.011147	-0.043457
0.082493	0.13901	-0.20747
-0.45335	0.049399	0.14544
0.22311	0.17089	0.052298
0.3253	0.17492	-0.061138
-0.34871	0.060114	0.20248
0.20439	0.15543	-0.15105
0.021417	0.13005	0.047038
-0.36304	0.057183	0.20811
-0.25782	0.08865	0.070168
-0.24535	0.087107	0.082067
-0.27363	0.088208	0.07113
-0.33832	0.06345	0.10639
-0.43459	0.014948	-0.27536
0.2416	0.15807	-0.12848
-0.43314	0.048807	0.17121
-0.33643	0.060163	0.16847
0.50103	0.21855	0.030799
-0.60782	0.01889	0.12804
0.08932	0.15826	0.042387
0.38569	0.20544	-0.013682
-0.53336	0.034454	0.12679
-0.50509	0.023105	-0.080898
0.15336	0.1616	-0.18431
-0.37154	0.035595	-0.32997
-0.2942	0.07676	0.07685
0.25434	0.14946	-0.024507
0.062257	0.15009	0.04738
0.32	0.18878	0.050498
-0.13967	0.086646	-0.34607
0.2599	0.16958	-0.073015
-0.48384	0.012287	-0.2082
-0.48386	0.033546	0.024791
0.49894	0.21892	0.011289
0.46868	0.21535	0.024836
0.27965	0.16589	-0.12497
0.53743	0.23129	0.026179
-0.4961	0.034402	0.041466
0.054258	0.13185	-0.21839
-0.49079	0.047917	0.11094
0.2761	0.16828	-0.13815
-0.49426	0.019112	-0.12488
0.50209	0.22599	0.056772
-0.2993	0.042798	-0.35432
-0.55296	0.027958	0.068381
0.17756	0.16585	-0.17338
-0.35235	0.068994	0.14833
-0.2063	0.1134	0.096798
-0.47918	0.033674	-0.0074909
0.25453	0.1672	-0.149
-0.020478	0.14225	0.015973
0.29514	0.17364	-0.10641
0.26099	0.15894	-0.030591
0.35776	0.20782	0.041794
-0.37494	0.076872	0.17569
0.46186	0.22214	0.045266
-0.36047	0.069761	0.11323
0.53236	0.22994	-0.00039994
-0.23109	0.059981	-0.36315
0.28209	0.20863	0.074449
0.3247	0.19756	-0.11657
0.4833	0.22675	-0.013305
0.36905	0.2006	0.021729
0.31144	0.18601	-0.1242
0.16564	0.16393	0.035982
0.0071492	0.15512	0.016199
-0.49704	0.041111	-0.028524
0.56672	0.24792	0.021517
0.43325	0.22168	0.018421
-0.4573	0.04271	-0.23637
0.58336	0.26222	0.073768
0.38651	0.217	0.036564
0.41173	0.22371	0.051918
-0.36334	0.075641	0.081042
0.46798	0.24671	0.085175
-0.031832	0.11725	-0.24172
-0.26552	0.060039	-0.35983
-0.52411	0.046736	0.069889
-0.54498	0.044674	0.12479
0.22696	0.17124	-0.16531
-0.24751	0.10684	0.082386
0.40462	0.21671	-0.0022063
0.37775	0.2093	-0.051208
0.5193	0.25634	0.095851
-0.41588	0.044767	-0.28595
-0.47741	0.052228	0.062107
-0.08412	0.10392	-0.31596
-0.14699	0.12531	0.10297
-0.38116	0.090237	0.1276
-0.59986	0.037595	0.12617
-0.4634	0.062445	0.10127
0.21211	0.1972	0.058909
-0.56887	0.046014	0.14064
-0.53368	0.069136	0.10853
0.33283	0.22738	0.072786
-0.041578	0.10017	-0.27633
0.27663	0.19168	-0.1533
-0.47638	0.055936	0.096096
-0.50259	0.044753	-0.047911
-0.48719	0.031131	-0.16445
0.25516	0.21719	0.076185
0.55539	0.25334	-0.012246
0.43397	0.23696	0.08246
-0.40534	0.08299	0.14637
0.30965	0.21817	0.077468
-0.083588	0.13594	0.052758
-0.35301	0.10691	0.062512
-0.31419	0.097417	0.065593
-0.47612	0.049668	-0.12037
0.094427	0.16298	-0.18754
0.65685	0.30492	0.26948
0.65271	0.29771	0.25266
0.35605	0.22424	0.073498
0.44226	0.23196	-0.013298
-0.48922	0.053067	-0.079003
0.49638	0.24142	0.077962
-0.50077	0.060305	0.091896
0.67691	0.30083	0.21446
0.5983	0.26956	0.042512
0.57114	0.27519	0.10859
0.67158	0.30476	0.24635
0.59331	0.29478	0.1314
-0.48037	0.0675	-0.03466
0.12998	0.16939	-0.18512
-0.22433	0.094614	-0.35531
-0.3364	0.059	-0.33722
-0.23568	0.11515	0.093586
-0.071452	0.14528	0.026636
0.61967	0.29077	0.083599
0.41583	0.22688	-0.030567
-0.38079	0.096788	0.098209
0.52415	0.24387	-0.024693
-0.45234	0.080024	-0.01884
0.66229	0.32027	0.27983
0.19065	0.18685	-0.1765
-0.52723	0.073299	0.10037
0.10371	0.18419	0.029297
-0.56122	0.067461	0.12887
0.28482	0.21389	-0.15289
0.041655	0.18419	0.0088513
-0.45752	0.065512	-0.001676
-0.57861	0.063122	0.13003
-0.12079	0.16034	0.058131
0.24687	0.1952	-0.16782
-0.055633	0.13612	-0.24764
0.45322	0.25544	-0.038644
-0.41227	0.09587	0.10489
0.39862	0.23689	0.075974
0.14618	0.19673	0.030806
0.33927	0.23992	0.085098
0.61316	0.29185	0.1062
-0.46675	0.063349	-0.20645
0.48744	0.24891	-0.03866
0.015892	0.14344	-0.2122
0.036133	0.16096	-0.19471
0.6949	0.31684	0.17875
0.62142	0.2927	0.049226
-0.015328	0.14874	-0.20617
-0.096169	0.1624	0.034626
0.64365	0.31091	0.17382
-0.37033	0.073004	-0.30825
-0.18679	0.12955	0.098459
0.51291	0.27685	0.11206
0.5326	0.27167	-0.037948
0.36676	0.26028	0.099735
-0.17507	0.089619	-0.35271
-0.15005	0.12685	-0.33038
0.41407	0.2504	0.094868
-0.041935	0.15484	-0.19389
0.070872	0.17541	-0.1786
0.40673	0.25041	-0.076015
-0.44096	0.082947	0.046232
-0.58993	0.043483	0.14574
0.39338	0.22777	-0.064595
-0.17994	0.11807	-0.34297
-0.25775	0.12834	0.080969
-0.37228	0.11484	0.070735
0.35471	0.24019	-0.11895
0.37548	0.23376	-0.10254
-0.29611	0.086671	-0.34297
0.66481	0.31211	0.15424
-0.27147	0.12358	0.06233
0.69384	0.314	0.21938
-0.45984	0.069797	-0.10939
0.68534	0.33065	0.24373
0.57054	0.28999	0.13426
0.62391	0.31565	0.20134
-0.22116	0.13444	0.086251
0.55003	0.28742	0.12261
-0.3279	0.089367	-0.3226
-0.074168	0.16047	0.0046996
0.64381	0.30622	0.067329
0.20737	0.22452	0.063381
0.38583	0.26382	0.094463
-0.40801	0.10094	0.082624
-0.47658	0.074313	-0.054281
-0.29574	0.15321	0.051737
0.66474	0.31163	0.11961
-0.17752	0.15944	0.086185
0.18003	0.2058	0.046929
-0.065068	0.12457	-0.29369
-0.46028	0.077154	-0.17604
-0.41845	0.10906	0.018303
-0.40481	0.091731	-0.26496
-0.086938	0.12936	-0.29657
0.64892	0.31126	0.10918
-0.3855	0.11641	0.068292
-0.2448	0.14416	0.064789
0.31962	0.26027	0.077761
0.33523	0.2671	0.096247
0.71127	0.33131	0.15966
0.62569	0.31828	0.16531
0.63792	0.31007	0.12595
0.61517	0.30135	0.014973
0.23496	0.22525	-0.17165
-0.0025964	0.17954	-0.027839
0.46456	0.27189	0.11361
-0.13996	0.15869	0.079988
0.48531	0.28185	-0.054648
-0.21228	0.11612	-0.34465
-0.025131	0.17101	-0.026991
0.0017384	0.1664	-0.18139
0.48279	0.28482	0.1221
0.64889	0.3145	0.2833
0.31393	0.21941	-0.13547
0.66035	0.32262	0.071935
0.55068	0.30918	0.14747
0.037542	0.1833	-0.16648
-0.061514	0.1434	-0.26772
0.22398	0.25895	0.06928
0.51877	0.29669	0.1399
0.61808	0.31377	0.14131
-0.43015	0.076904	-0.24232
0.13085	0.19851	-0.17737
-0.26841	0.13685	0.056076
0.70698	0.32611	0.12978
0.5761	0.30569	-0.018576
0.72942	0.34255	0.091251
0.40183	0.27839	-0.094924
0.043247	0.19634	-0.15671
0.43159	0.27491	0.11338
0.072011	0.19958	0.013458
0.11763	0.22446	0.01075
-0.058823	0.17744	-0.028943
-0.012367	0.1758	-0.16126
0.2906	0.25106	0.084958
-0.44932	0.10192	-0.077742
-0.21261	0.16748	0.074954
-0.45448	0.077888	-0.14255
0.38712	0.2613	-0.10583
-0.39675	0.12355	0.039513
-0.14153	0.15105	-0.30268
0.49145	0.29957	0.1381
-0.13467	0.17478	-0.26816
0.16175	0.24046	0.038675
0.17151	0.21383	-0.17785
-0.43808	0.10443	-0.093349
0.62418	0.32061	0.24213
0.70366	0.33615	0.19223
0.66124	0.36413	0.28369
-0.06386	0.16673	-0.18808
0.44894	0.30982	0.12359
0.19041	0.25596	0.054431
0.043848	0.21544	-0.026309
-0.16843	0.18626	0.06188
-0.31739	0.16649	0.052519
0.61834	0.34983	0.26939
-0.090354	0.18176	0.0074549
0.56918	0.32535	0.15956
0.60201	0.32858	0.15826
-0.076413	0.16329	-0.259
-8.4889e-05	0.19843	-0.041274
0.69388	0.33668	0.069641
0.60665	0.33674	0.17467
0.27267	0.2495	-0.15617
0.63911	0.34914	0.28814
-0.24077	0.12456	-0.3364
0.021914	0.19485	-0.14164
0.64696	0.32087	0.039489
0.09016	0.20328	-0.16563
0.42672	0.28575	-0.076159
0.61944	0.32418	0.011097
-0.42424	0.11828	-0.0285
-0.027645	0.18953	-0.051632
-0.074098	0.16862	-0.21164
0.34066	0.27895	-0.12238
-0.35063	0.14308	0.05789
0.65989	0.33719	0.05197
-0.10862	0.1878	0.0049978
0.45533	0.2767	-0.050414
-0.36398	0.11031	-0.2899
-0.046717	0.17624	-0.13882
0.74014	0.35739	0.058324
-0.20126	0.15154	-0.31708
-0.23869	0.16633	0.027945
0.68007	0.349	0.054691
-0.45031	0.10896	-0.047695
-0.041858	0.18399	-0.094963
-0.020132	0.19005	-0.11131
0.71714	0.34755	0.14794
0.5257	0.30137	-0.048661
0.36775	0.29301	0.09202
-0.059762	0.18393	-0.069482
0.30788	0.25977	-0.13684
-0.37187	0.14876	0.044244
-0.13283	0.17325	0.05907
0.53827	0.32829	0.15803
0.0010876	0.20026	-0.095947
-0.42007	0.12513	-0.13582
-0.39748	0.11853	-0.24404
-0.065055	0.1828	-0.042918
0.6541	0.35945	0.040089
0.26858	0.2822	0.074746
0.59861	0.35934	0.22714
-0.10667	0.17847	-0.24474
0.69836	0.39435	0.15872
0.050647	0.20506	-0.0049363
-0.30443	0.11588	-0.32259
-0.17942	0.15451	-0.31336
0.40538	0.29638	0.11053
-0.26342	0.17017	0.024355
-0.39116	0.14549	0.02145
-0.42488	0.13916	-0.045179
-0.082807	0.18114	-0.23538
0.73789	0.36487	0.091884
0.031106	0.21543	-0.1162
-0.07409	0.18415	-0.13709
0.47287	0.33066	0.13122
0.44997	0.29648	-0.05718
0.14477	0.25992	0.022138
-0.071896	0.18619	-0.086134
-0.20802	0.18599	0.05892
-0.093081	0.19487	-0.15747
0.093717	0.24389	-0.016316
0.60368	0.369	0.30321
0.59007	0.34644	0.16564
-0.4165	0.13727	-0.18683
0.032557	0.22107	-0.094818
0.55616	0.33205	-0.034244
0.67438	0.36698	0.25364
0.039445	0.22364	-0.060346
0.68293	0.38169	0.21217
0.51767	0.34735	0.15434
0.37489	0.29328	-0.10674
-0.22905	0.1792	0.018258
0.63239	0.37947	0.31609
0.61818	0.35583	0.012326
-0.15885	0.19495	0.042369
-0.4067	0.13659	-0.0088484
0.70352	0.37288	0.039969
0.32443	0.29013	0.067195
0.2937	0.29534	0.070078
-0.3184	0.13188	-0.30398
0.062252	0.22219	-0.13454
0.59981	0.37184	0.25121
-0.36053	0.19105	0.016375
0.48816	0.33348	0.14537
-0.14223	0.19692	0.016825
-0.39813	0.16299	-0.046387
0.6011	0.37342	0.28925
0.59034	0.37195	0.17139
-0.40107	0.1564	-0.12183
-0.095471	0.19814	-0.21044
0.74184	0.37805	0.047074
-0.39626	0.14214	-0.20865
-0.42535	0.14163	-0.062564
-0.40336	0.17721	-0.07336
-0.3446	0.1362	-0.27818
-0.26974	0.17192	-0.29292
-0.11416	0.20913	-0.05406
0.4016	0.31112	-0.075375
-0.20346	0.18937	0.044801
0.50821	0.33032	-0.054437
0.43242	0.32623	0.11569
0.053067	0.2381	-0.09255
0.54842	0.34917	0.15955
0.10979	0.25714	-0.015017
0.18791	0.24839	-0.1688
0.24368	0.27877	-0.15487
-0.30835	0.18698	0.016966
-0.33548	0.17377	0.04023
-0.37875	0.14024	-0.24557
-0.19014	0.18198	-0.27584
0.74459	0.39027	0.067158
0.32301	0.30839	0.052766
0.44774	0.31878	-0.055223
-0.21752	0.19854	0.020047
-0.1706	0.20995	-0.012594
0.1119	0.24857	-0.15451
0.31432	0.28603	-0.12432
0.59461	0.3791	0.19312
-0.41781	0.13763	-0.16383
-0.18174	0.19823	-0.25528
0.36029	0.32119	0.067274
0.18536	0.27798	0.04416
-0.25007	0.18964	0.01487
0.1627	0.27471	-0.15271
0.6201	0.3914	0.30395
-0.41267	0.15893	-0.056557
-0.31703	0.19666	0.012259
-0.24928	0.15411	-0.31599
0.37207	0.31363	-0.093916
0.66694	0.39693	0.24525
0.52197	0.3656	0.14771
0.1391	0.25763	-0.164
0.079333	0.25293	-0.050281
-0.22358	0.20996	0.01805
0.63073	0.37881	0.029001
-0.12243	0.20738	-0.19937
0.74	0.40018	0.042753
0.70155	0.39205	0.037375
0.57404	0.36632	-0.01318
0.57873	0.37404	0.16155
-0.23773	0.17595	-0.2952
0.39263	0.33387	0.090321
0.65999	0.41867	0.25838
0.095391	0.26254	-0.12817
0.22155	0.29141	0.055344
-0.11799	0.22021	-0.15102
0.25729	0.30025	0.060816
-0.12582	0.22188	-0.10357
0.66471	0.38067	0.043654
0.37832	0.33521	-0.058577
0.083644	0.27038	-0.084277
-0.18793	0.22213	-0.015451
0.20179	0.28041	-0.15541
0.59503	0.40157	0.21844
0.65266	0.40355	0.28523
-0.22024	0.21601	0.044243
0.10053	0.27333	-0.043838
0.27662	0.31049	-0.11869
-0.34459	0.1638	-0.25251
0.33835	0.31996	0.042338
0.50309	0.36808	0.11977
-0.1433	0.21854	-0.050017
-0.21523	0.22619	0.072458
-0.38069	0.17217	-0.14956
0.42809	0.33746	-0.043781
-0.15471	0.20324	-0.23658
-0.36696	0.18413	-0.17523
0.68714	0.44043	0.17572
0.54869	0.36514	-0.027556
0.61885	0.4062	0.28519
-0.3079	0.17437	-0.26717
-0.26978	0.20408	0.025683
-0.27439	0.19168	0.016305
0.40288	0.35541	0.078916
0.1374	0.28129	0.005567
0.63855	0.41081	0.28971
-0.36683	0.17056	-0.21452
0.46276	0.36014	0.10632
0.33912	0.32506	-0.082407
0.71508	0.41121	0.10896
0.66375	0.40696	0.050136
-0.25717	0.2235	0.05927
0.08687	0.27153	-0.10007
0.21377	0.31961	0.027418
-0.21107	0.19922	-0.25864
0.11367	0.28592	-0.13237
-0.37957	0.18319	-0.059482
-0.19078	0.24086	0.078061
-0.37675	0.18692	-0.0053158
0.35773	0.33791	0.023019
0.67431	0.43462	0.2127
-0.25033	0.22153	0.10648
0.72604	0.42264	0.085819
0.17991	0.29464	-0.14032
0.7291	0.4249	0.063038
-0.16847	0.22033	-0.20937
-0.15629	0.23441	-0.10386
-0.17205	0.23203	-0.048378
-0.23683	0.22696	0.13415
-0.23378	0.22949	0.088253
0.59051	0.39855	0.16224
0.56316	0.39322	0.14598
0.10364	0.28808	-0.04697
0.29179	0.3248	0.041735
-0.2021	0.21767	-0.2283
-0.14176	0.22282	-0.1688
0.50207	0.37249	-0.036316
-0.38373	0.18926	-0.033191
-0.38522	0.17431	-0.13449
-0.21195	0.23326	0.10975
0.4112	0.36535	0.071218
0.18081	0.30229	0.023658
0.4003	0.36632	0.051089
0.33782	0.33848	0.0047442
-0.23554	0.23366	0.16116
0.40181	0.35361	-0.01584
0.30695	0.32482	-0.088535
0.14753	0.31113	-0.010351
0.26586	0.32683	0.03582
-0.36061	0.23773	-0.020043
-0.34814	0.21504	0.0053385
-0.31905	0.19623	-0.22956
0.71642	0.42353	0.048463
0.6354	0.40151	0.048693
0.61257	0.4172	0.27489
-0.2042	0.24987	0.036312
-0.26364	0.23501	0.17022
-0.20013	0.22603	-0.19484
0.51703	0.38454	0.12343
-0.27658	0.228	0.083165
-0.26195	0.23194	0.075353
-0.38366	0.1892	-0.10224
-0.24207	0.21042	-0.25162
0.61101	0.39752	0.030438
0.38348	0.35575	0.027996
0.70704	0.43449	0.12008
-0.36588	0.1995	-0.086545
-0.31289	0.22004	0.0097411
0.34506	0.34333	-0.040819
-0.19173	0.25195	0.12472
0.45742	0.36139	-0.042372
-0.30911	0.23133	0.054882
-0.18672	0.26843	0.01324
-0.30326	0.23757	0.18495
-0.16771	0.24078	-0.068632
0.37932	0.34767	-0.016861
-0.28207	0.24574	0.19457
-0.36619	0.19598	-0.051392
0.37432	0.34852	0.0034018
0.21389	0.31164	-0.12827
-0.36164	0.20012	-0.15643
-0.17463	0.23321	-0.14682
0.30956	0.33469	0.018259
0.4813	0.38955	0.10087
0.30816	0.344	-0.023448
-0.26278	0.23353	0.14011
0.23478	0.33091	-0.096133
0.59615	0.41257	0.19413
-0.28093	0.20957	-0.24107
0.63577	0.44451	0.27555
0.59811	0.41237	0.1528
0.63647	0.42142	0.080773
0.30517	0.33958	-0.055616
0.27609	0.3423	0.0052752
0.10518	0.30386	-0.069327
0.43409	0.37652	-0.021273
-0.30891	0.24014	0.17119
0.60908	0.41536	0.061105
-0.18576	0.24567	-0.13804
-0.30015	0.23898	0.089133
-0.17385	0.25265	-0.107
-0.30509	0.24005	0.03596
0.52307	0.3996	0.11382
-0.33424	0.20581	-0.18885
-0.20711	0.26958	0.16275
-0.34528	0.21519	-0.094286
-0.20903	0.23666	-0.16108
-0.25555	0.22239	-0.22243
0.67565	0.43485	0.074135
0.11911	0.30752	-0.051606
0.12646	0.3024	-0.13357
0.61157	0.42368	0.12235
0.6546	0.45019	0.2428
-0.19847	0.2704	0.051766
0.60506	0.42721	0.18903
-0.29509	0.21503	-0.21016
-0.33461	0.23732	0.13945
-0.35661	0.2425	0.21793
0.58035	0.41539	0.11655
0.68414	0.44346	0.15305
0.25163	0.34234	-0.063613
0.14096	0.31625	-0.11267
-0.24472	0.23486	-0.17667
0.60274	0.43848	0.22803
-0.26586	0.26624	0.19979
0.62633	0.43872	0.28327
-0.17044	0.26968	0.079374
0.42796	0.39095	0.057087
0.42287	0.38734	0.0068118
0.25689	0.34611	-0.025358
-0.34376	0.22973	-0.080373
-0.25573	0.22929	-0.20086
-0.34127	0.21599	-0.15817
-0.35125	0.24034	0.17505
-0.26507	0.22762	-0.18197
-0.36226	0.23905	0.13581
-0.35741	0.21452	-0.11394
0.70876	0.44268	0.085737
-0.35355	0.23692	-0.037178
-0.29281	0.22667	-0.17887
0.52005	0.39861	-0.010951
0.11137	0.30756	-0.10231
-0.31998	0.22689	-0.14195
-0.18079	0.26264	0.063127
0.1528	0.3337	-0.049382
0.2264	0.34018	-0.004911
-0.33241	0.23806	-0.0064424
-0.37383	0.23561	0.063782
-0.16788	0.27427	-0.067033
-0.34742	0.23943	0.048579
0.61828	0.44549	0.24827
0.6252	0.43452	0.16323
0.67027	0.44045	0.10104
0.13998	0.33022	-0.072552
-0.23781	0.26095	0.18428
-0.31907	0.25957	0.21914
0.19737	0.33596	-0.078366
0.1739	0.32689	-0.094649
-0.16392	0.28332	0.053432
0.18211	0.32931	-0.008138
0.57902	0.41766	0.063236
0.64703	0.44593	0.18617
-0.39087	0.24441	0.18776
-0.38807	0.23952	0.13514
0.51849	0.41251	0.010725
0.6597	0.44979	0.20399
0.42783	0.3975	0.028298
-0.3338	0.23321	-0.13035
-0.33691	0.23593	-0.11857
0.49777	0.40947	0.085372
-0.31684	0.25697	0.026405
0.62005	0.444	0.209
0.52885	0.42006	0.070203
-0.17299	0.27755	-0.031844
0.23243	0.34661	-0.044132
-0.37002	0.24062	0.1002
-0.40657	0.24976	0.23053
0.46254	0.40984	-0.0012484
0.17582	0.33729	-0.054572
-0.39528	0.24313	0.087774
-0.40848	0.252	0.20971
-0.1911	0.2827	0.037548
-0.40923	0.24118	0.15171
-0.28597	0.23982	-0.16115
-0.36724	0.23602	0.076205
0.64404	0.45685	0.23947
-0.4256	0.24217	0.12954
0.4728	0.41446	0.041227
-0.37455	0.26706	0.23684
-0.18085	0.30106	-0.0096376
-0.31859	0.28348	0.22722
-0.22687	0.27561	-0.14266
-0.2433	0.24923	-0.16107
0.49301	0.41873	0.029236
-0.4205	0.24899	0.1047
-0.36337	0.25808	0.042101
-0.2218	0.2994	0.18296
-0.48228	0.23678	0.059069
-0.44756	0.24619	0.12608
-0.20337	0.2946	0.16577
-0.17287	0.29619	0.12522
-0.17668	0.2942	-0.086106
-0.45785	0.2515	0.16553
-0.19213	0.29107	-0.11463
-0.47029	0.25484	0.041198
-0.48796	0.25962	0.18963
-0.46949	0.24033	0.054694
-0.39849	0.27199	0.077231
-0.3192	0.27481	0.022216
-0.18266	0.3161	-0.039582
-0.41787	0.25733	0.095838
-0.25451	0.27588	-0.14567
-0.55875	0.26041	0.075565
-0.1541	0.3186	0.017558
-0.45591	0.24557	0.079476
-0.4337	0.26316	0.21926
-0.3379	0.26545	-0.027925
-0.51563	0.24405	0.076875
-0.50154	0.24229	0.03759
-0.16294	0.30892	0.068243
-0.57326	0.24668	0.13271
-0.2978	0.30845	0.21821
-0.39061	0.26284	0.060172
-0.48557	0.27207	0.21432
-0.5652	0.23711	0.092189
-0.43765	0.26716	0.072677
-0.56762	0.25599	0.11095
-0.27933	0.27908	-0.13844
-0.40452	0.27649	0.2414
-0.19221	0.32362	0.14443
-0.5215	0.24207	0.10776
-0.26692	0.30009	0.20764
-0.58579	0.25613	0.14398
-0.33608	0.27207	-0.042336
-0.18156	0.29766	0.017838
-0.35545	0.30473	0.23795
-0.32516	0.27562	-0.095873
-0.52077	0.25575	0.1745
-0.55457	0.24423	0.12976
-0.17267	0.32367	0.10424
-0.31561	0.29684	0.019758
-0.51917	0.25609	0.064619
-0.52211	0.25772	0.19554
-0.17413	0.32479	-0.01269
-0.56263	0.25707	0.17476
-0.40034	0.30225	0.059859
-0.37903	0.31483	0.23892
-0.52447	0.26842	0.21541
-0.57325	0.26542	0.19672
-0.2366	0.33759	0.18091
-0.17369	0.3339	0.050427
-0.40925	0.28981	0.084609
-0.16156	0.33211	0.017544
-0.32025	0.3064	-0.029497
-0.4908	0.29352	0.22437
-0.43458	0.2806	0.22678
-0.41399	0.31521	0.23405
-0.43127	0.28434	0.075186
-0.58036	0.27884	0.20348
-0.25054	0.30611	-0.12132
-0.50224	0.25549	0.02911
-0.57982	0.27621	0.1724
-0.30939	0.30779	-0.081213
-0.4933	0.2885	0.044225
-0.44721	0.30557	0.070924
-0.35445	0.30361	0.035807
-0.30597	0.3182	0.019208
-0.52313	0.2761	0.062287
-0.46701	0.28397	0.047202
-0.40222	0.31034	0.074994
-0.20756	0.32041	-0.096898
-0.19833	0.34114	-0.031
-0.27203	0.32076	-0.10103
-0.55774	0.28729	0.11359
-0.42345	0.31352	0.090028
-0.26076	0.36838	0.17902
-0.52261	0.29038	0.22519
-0.29886	0.33525	0.21021
-0.23221	0.35563	0.16193
-0.20103	0.35687	0.017955
-0.23237	0.33755	-0.080172
-0.53843	0.29876	0.08808
-0.52122	0.29345	0.07146
-0.57626	0.28445	0.15445
-0.57285	0.2974	0.20389
-0.37333	0.33659	0.23206
-0.30866	0.32279	-0.047296
-0.28983	0.34209	0.024854
-0.40119	0.3359	0.069265
-0.37592	0.324	0.048655
-0.42813	0.32927	0.21767
-0.19362	0.34981	0.075166
-0.49677	0.31049	0.22323
-0.27893	0.34666	0.0032936
-0.54441	0.30244	0.22317
-0.2084	0.35445	0.03472
-0.33358	0.34603	0.2135
-0.22884	0.34523	-0.042843
-0.27753	0.33841	-0.065553
-0.20647	0.35605	0.12727
-0.4153	0.34537	0.10146
-0.25729	0.34004	-0.075634
-0.39885	0.35365	0.20912
-0.47581	0.31097	0.060454
-0.45056	0.32333	0.21677
-0.22062	0.35942	0.052093
-0.27232	0.35745	0.034781
-0.26318	0.34853	-0.033223
-0.54256	0.32315	0.17173
-0.43488	0.33783	0.19567
-0.53858	0.31443	0.13018
-0.21272	0.35981	0.00026887
-0.50192	0.32106	0.087248
-0.25408	0.36278	0.016431
-0.37608	0.35951	0.069796
-0.25588	0.38783	0.16034
-0.53474	0.32425	0.19867
-0.43781	0.33074	0.1028
-0.32829	0.36641	0.2011
-0.47853	0.32842	0.091846
-0.32299	0.35328	0.042447
-0.47924	0.33558	0.20336
-0.51673	0.33363	0.18469
-0.50749	0.32998	0.12548
-0.43573	0.34432	0.16518
-0.42726	0.3478	0.13885
-0.23692	0.37554	0.084353
-0.44518	0.33782	0.11812
-0.26687	0.40043	0.13353
-0.41687	0.35205	0.19767
-0.49026	0.33984	0.18908
-0.483	0.33815	0.13328
-0.37886	0.36829	0.19281
-0.27308	0.4027	0.1083
-0.2647	0.37242	0.055625
-0.31923	0.38471	0.19359
-0.40001	0.3717	0.16378
-0.28502	0.39273	0.17576
-0.39476	0.38159	0.11312
-0.34356	0.3896	0.18816
-0.37818	0.3861	0.1693
-0.28724	0.39725	0.07855
-0.383	0.37931	0.08493
-0.37068	0.39452	0.097759
-0.30957	0.40365	0.081716
-0.34347	0.40333	0.10001
-0.33842	0.39873	0.086622
-0.34779	0.40215	0.15486
-0.37848	0.39762	0.13085
-0.31503	0.41136	0.12173
0.62419	0.36589	0.31785
-0.2927	0.30079	-0.10653
0.27133	-0.0020569	0.0065547
