-0.49867	-0.6451	0.222
-0.47116	-0.64691	0.20043
-0.49032	-0.64143	0.17217
-0.47226	-0.63136	0.23398
-0.53311	-0.63192	0.2091
-0.44177	-0.62265	0.19568
-0.4458	-0.61703	0.21455
-0.44477	-0.61744	0.15805
-0.51784	-0.6364	0.24324
-0.52188	-0.62214	0.25078
-0.43523	-0.58942	0.12105
-0.5495	-0.61834	0.23455
-0.45815	-0.60534	0.23391
-0.555	-0.60898	0.18593
-0.57284	-0.59662	0.24281
-0.49435	-0.61257	0.14541
-0.40416	-0.59185	0.18507
-0.36499	-0.60494	0.12131
-0.33266	-0.59557	0.10332
-0.41188	-0.59955	0.15971
-0.37777	-0.60083	0.071172
-0.41752	-0.59703	0.13176
-0.41462	-0.58528	0.20341
-0.53979	-0.58008	0.15171
-0.40282	-0.59324	0.058985
-0.5813	-0.57093	0.19827
-0.37885	-0.59455	0.03352
-0.34737	-0.59053	0.15962
-0.35312	-0.58706	0.17878
-0.44331	-0.57484	0.22099
-0.33795	-0.58675	0.026647
-0.43411	-0.57628	0.090128
-0.53421	-0.59383	0.25081
-0.50391	-0.57175	0.12567
-0.29642	-0.57814	0.12676
-0.2969	-0.58019	0.079659
-0.39764	-0.57523	0.20291
-0.36237	-0.56429	0.20895
-0.35741	-0.58721	0.016935
-0.2945	-0.56188	0.016079
-0.30705	-0.56849	0.16079
-0.38705	-0.56562	-0.006007
-0.2787	-0.56896	0.058855
-0.57784	-0.57371	0.24161
-0.41303	-0.57568	0.023125
-0.327	-0.55431	-0.017559
-0.5806	-0.56592	0.22394
-0.57123	-0.57113	0.17643
-0.29948	-0.54044	0.18364
-0.56945	-0.55299	0.23568
-0.33776	-0.54371	0.21172
-0.60965	-0.54686	0.22108
-0.2507	-0.55308	0.089814
-0.4144	-0.55179	0.20917
-0.55131	-0.55001	0.13711
-0.26744	-0.54297	0.15007
-0.28516	-0.54058	-0.0046563
-0.42151	-0.55722	0.0096086
-0.44992	-0.5665	0.10753
-0.57888	-0.54535	0.15941
-0.452	-0.54735	0.067633
-0.60128	-0.54328	0.23772
-0.51585	-0.54346	0.22466
-0.48119	-0.56044	0.11293
-0.24487	-0.54113	0.041329
-0.43025	-0.52588	0.20354
-0.36213	-0.53357	0.21509
-0.24072	-0.53132	0.12748
-0.22768	-0.53132	0.070498
-0.60367	-0.53026	0.23803
-0.35935	-0.52316	-0.034261
-0.32488	-0.50753	-0.039481
-0.25681	-0.52634	0.0047702
-0.4689	-0.51958	0.098577
-0.39169	-0.51084	-0.03326
-0.306	-0.51826	0.18947
-0.58762	-0.52121	0.16432
-0.53818	-0.52087	0.22277
-0.45253	-0.51507	0.021109
-0.50179	-0.50526	0.20554
-0.34861	-0.51654	0.187
-0.38384	-0.5275	0.20326
-0.59988	-0.51542	0.20521
-0.46977	-0.49123	0.073018
-0.42702	-0.51812	-0.012506
-0.21923	-0.50346	0.11497
-0.54905	-0.50061	0.21035
-0.58339	-0.50698	0.21429
-0.51423	-0.5059	0.10648
-0.5996	-0.50142	0.18074
-0.24382	-0.49606	0.1513
-0.20062	-0.4754	0.068211
-0.27008	-0.50539	-0.016155
-0.26385	-0.5012	0.16188
-0.22479	-0.50232	0.029961
-0.48033	-0.48132	0.10435
-0.43704	-0.48984	0.00095953
-0.41247	-0.49605	-0.023541
-0.29698	-0.49106	0.15396
-0.22903	-0.48833	0.0023222
-0.54489	-0.49846	0.1201
-0.2117	-0.49294	0.05173
-0.58133	-0.48891	0.14939
-0.60508	-0.48309	0.19488
-0.44512	-0.46671	0.17907
-0.28495	-0.47265	-0.031309
-0.25162	-0.47498	-0.023176
-0.38962	-0.48526	0.17559
-0.46337	-0.46102	0.066812
-0.21527	-0.45726	0.10569
-0.52666	-0.4839	0.11518
-0.19665	-0.47611	0.021631
-0.43109	-0.47419	0.014215
-0.3692	-0.47357	-0.038181
-0.57278	-0.46904	0.15153
-0.23191	-0.46203	0.13582
-0.32115	-0.45008	-0.034129
-0.2629	-0.43825	-0.052641
-0.5328	-0.48018	0.198
-0.27551	-0.45831	0.13481
-0.5641	-0.45965	0.16908
-0.16062	-0.44937	0.019328
-0.50073	-0.46629	0.12561
-0.38984	-0.45894	-0.013867
-0.31249	-0.44121	0.12566
-0.20625	-0.45135	0.083631
-0.54872	-0.46495	0.18248
-0.17144	-0.45373	0.053879
-0.47121	-0.46448	0.096744
-0.16657	-0.44266	-0.024035
-0.21701	-0.44071	-0.05406
-0.15677	-0.43124	0.06296
-0.5086	-0.45969	0.14249
-0.47734	-0.45596	0.1266
-0.25265	-0.45075	0.13976
-0.40992	-0.44387	0.1562
-0.48014	-0.4576	0.16451
-0.43062	-0.42793	0.04675
-0.22111	-0.43099	0.094806
-0.25077	-0.42253	0.12622
-0.4367	-0.43931	0.16505
-0.46388	-0.44721	0.15815
-0.165	-0.4391	-0.04809
-0.17566	-0.43149	-0.071372
-0.34758	-0.43024	-0.019985
-0.14622	-0.42896	-0.049359
-0.32934	-0.41388	0.11539
-0.44583	-0.4224	0.084749
-0.43346	-0.41797	0.14652
-0.12919	-0.41794	-0.02243
-0.22795	-0.42421	-0.085254
-0.3934	-0.41259	0.13985
-0.29151	-0.42642	-0.047115
-0.23539	-0.41118	0.091427
-0.37558	-0.41625	0.0047881
-0.32285	-0.404	-0.029365
-0.29461	-0.41672	0.11571
-0.12579	-0.40493	0.029748
-0.16644	-0.40651	-0.078329
-0.44918	-0.4213	0.13111
-0.2648	-0.41408	-0.079672
-0.39752	-0.39805	0.077768
-0.2989	-0.39971	0.1132
-0.21805	-0.40527	0.080558
-0.35131	-0.38233	0.11782
-0.2751	-0.40281	0.11942
-0.29077	-0.40058	-0.072452
-0.37819	-0.3876	0.11866
-0.12736	-0.38525	-0.052606
-0.34409	-0.38514	0.022459
-0.27531	-0.3899	0.086437
-0.20224	-0.3832	-0.095593
-0.12249	-0.35957	0.047282
-0.29659	-0.38604	0.098361
-0.27346	-0.3776	-0.08249
-0.30191	-0.36746	-0.053786
-0.20262	-0.38799	0.073224
-0.32938	-0.38358	-0.0088078
-0.16429	-0.37718	-0.0962
-0.29271	-0.37676	0.065633
-0.3224	-0.37749	0.044608
-0.32453	-0.38308	0.1066
-0.13242	-0.37071	-0.077638
-0.25924	-0.36982	0.071089
-0.14529	-0.35386	-0.11751
-0.30844	-0.35379	-0.018951
-0.10902	-0.36671	0.0015172
-0.3145	-0.36726	0.015504
-0.13924	-0.39336	0.059005
-0.20405	-0.3641	-0.10764
-0.27046	-0.35399	-0.092916
-0.11333	-0.34115	0.033113
-0.23793	-0.35836	-0.10402
-0.2696	-0.35463	0.062181
-0.17756	-0.36536	-0.12384
-0.29713	-0.34135	0.014881
-0.10501	-0.34156	-0.045181
-0.24775	-0.34108	-0.1243
-0.16287	-0.33617	-0.13871
-0.22939	-0.31064	0.064816
-0.18918	-0.32056	0.067097
-0.2086	-0.3334	-0.14094
-0.29812	-0.32185	-0.056537
-0.28145	-0.34152	0.04357
-0.12657	-0.32493	-0.11535
-0.15778	-0.32931	0.058198
-0.25118	-0.27891	0.058434
-0.23526	-0.30214	-0.14576
-0.29977	-0.32224	-0.01286
-0.1126	-0.33315	-0.096311
-0.094879	-0.2649	-0.019235
-0.17392	-0.31583	-0.1432
-0.10311	-0.31692	-0.077424
-0.2963	-0.30815	-0.087771
-0.14194	-0.30591	-0.13048
-0.29931	-0.29672	-0.015786
-0.097486	-0.27778	-0.061606
-0.27984	-0.27744	0.024903
-0.19816	-0.28678	-0.15516
-0.10729	-0.2643	0.014295
-0.29366	-0.28401	-0.1307
-0.189	-0.29263	0.068061
-0.30413	-0.29084	-0.049741
-0.27477	-0.30456	-0.12482
-0.17027	-0.28163	-0.15174
-0.12533	-0.26748	0.031121
-0.14058	-0.28008	-0.13692
0.27253	-0.27848	-0.15356
0.28995	-0.26851	-0.086579
-0.18371	-0.27442	0.069732
-0.31186	-0.28642	-0.08026
0.27908	-0.27552	-0.1833
0.31604	-0.2719	-0.13426
-0.23632	-0.26981	-0.16779
0.22715	-0.26873	-0.18931
-0.29872	-0.27219	0.0014103
-0.32685	-0.26965	-0.1135
-0.11586	-0.28066	-0.10414
0.21506	-0.27039	-0.14601
0.59426	-0.25981	0.046729
0.2073	-0.25673	-0.11226
0.63102	-0.25426	0.079825
-0.31884	-0.25908	-0.013854
0.54314	-0.24829	0.049042
0.55878	-0.2551	0.067832
0.23417	-0.25236	-0.082033
0.34601	-0.24833	-0.066958
0.66286	-0.25285	0.085128
0.36	-0.25173	-0.14189
0.57197	-0.2285	-0.031233
0.63535	-0.2519	0.038097
0.59825	-0.25009	0.093796
-0.25827	-0.27608	-0.16246
-0.20785	-0.2703	0.071815
-0.15302	-0.237	0.051623
0.25433	-0.25517	-0.21993
-0.15198	-0.25509	-0.17529
0.28888	-0.24942	-0.22717
-0.11499	-0.25546	-0.14588
-0.21607	-0.26075	-0.18331
-0.32229	-0.26447	-0.1424
0.66723	-0.24929	0.10703
0.18832	-0.25236	-0.15772
0.27059	-0.24698	-0.055252
-0.28979	-0.25691	-0.18764
0.32544	-0.25618	-0.1874
-0.099486	-0.25694	-0.10707
0.52335	-0.2376	0.077559
-0.33865	-0.26487	-0.084361
-0.088091	-0.25359	-0.065261
0.3554	-0.25378	-0.11107
0.71105	-0.24594	0.089142
0.21536	-0.25764	-0.20744
0.72056	-0.23432	0.30487
-0.27502	-0.25656	-0.204
0.37268	-0.24459	-0.112
0.72216	-0.23505	0.25335
0.54584	-0.23673	-0.010418
0.73875	-0.23421	0.27486
0.67278	-0.23832	0.13754
0.33042	-0.23879	-0.038195
0.60253	-0.242	0.11209
0.70636	-0.2325	0.31882
0.82196	-0.23746	0.11987
0.55196	-0.23694	0.097876
0.75494	-0.23767	0.25636
0.66972	-0.24172	0.043297
0.81856	-0.2379	0.13536
0.37625	-0.2311	-0.16019
-0.33759	-0.25278	-0.17991
0.4591	-0.21651	-0.010584
-0.25493	-0.23136	0.063757
0.48102	-0.22238	-0.02429
0.73447	-0.22609	0.071396
0.68251	-0.22544	0.26938
-0.21683	-0.24605	-0.23574
-0.20587	-0.22297	0.074915
0.7695	-0.23111	0.22342
-0.18556	-0.24787	-0.20578
0.76227	-0.23257	0.21698
0.84245	-0.22147	0.10824
-0.10844	-0.2376	-0.22173
-0.35519	-0.23729	-0.20361
0.74043	-0.23005	0.14692
0.72201	-0.22637	0.148
0.7305	-0.22874	0.10802
-0.34821	-0.23811	-0.003018
0.79142	-0.23066	0.18977
-0.077825	-0.24162	-0.17777
-0.29671	-0.24313	-0.23879
0.15409	-0.20975	-0.12215
0.22988	-0.24016	-0.23951
0.54696	-0.22615	-0.041767
0.624	-0.23032	-0.0091615
0.67326	-0.22542	0.15295
0.21748	-0.22969	-0.072301
-0.24855	-0.24706	-0.24136
-0.093482	-0.24059	-0.0035527
0.70849	-0.22534	0.22094
0.39293	-0.23553	-0.11522
-0.13985	-0.24007	-0.23281
0.37267	-0.21502	-0.18812
0.17689	-0.23808	-0.16737
0.50638	-0.21661	-0.052638
0.44649	-0.20409	0.009158
-0.36731	-0.24379	-0.17982
0.23603	-0.23502	-0.051944
0.4189	-0.22331	-0.066315
0.63218	-0.22275	0.15401
0.2686	-0.21956	-0.015437
0.68499	-0.2266	0.031914
-0.085513	-0.23892	-0.21594
0.66656	-0.2097	0.27614
0.82088	-0.22027	0.16065
0.84228	-0.21887	0.12684
-0.067053	-0.23021	-0.072034
0.49544	-0.21862	0.075812
-0.10958	-0.22554	0.027724
0.48601	-0.21828	0.061504
0.32551	-0.21888	-0.23058
0.19513	-0.22351	-0.078061
0.38358	-0.23443	-0.065696
0.74891	-0.21728	0.096441
-0.18946	-0.2439	-0.23985
-0.39211	-0.23358	-0.11861
-0.12463	-0.22092	-0.26729
0.68846	-0.21476	0.23059
0.57951	-0.21441	-0.048116
-0.28311	-0.23309	0.048338
0.77046	-0.21686	0.10408
0.53869	-0.21189	0.11465
0.32042	-0.2217	-0.0076744
-0.28019	-0.22713	-0.27103
0.17058	-0.21303	-0.091983
0.39187	-0.21972	-0.038285
0.21569	-0.21385	-0.25819
0.56763	-0.21955	0.12331
0.68797	-0.20874	0.33952
0.73965	-0.20505	0.2961
0.75286	-0.22494	0.27026
-0.066831	-0.22417	-0.24077
-0.32269	-0.23049	0.0081424
0.40798	-0.21541	-0.037716
0.46442	-0.22223	-0.042743
0.43286	-0.21409	-0.11136
0.45255	-0.22173	-0.075638
0.66124	-0.20846	-0.0087526
-0.22941	-0.22434	-0.2836
0.71596	-0.20266	0.33866
0.68751	-0.21069	0.18764
-0.051764	-0.22253	-0.15739
-0.34009	-0.22255	0.011943
-0.080462	-0.22272	-0.25554
0.82153	-0.22298	0.09751
-0.18718	-0.23034	-0.26862
0.15615	-0.22021	-0.18689
-0.08603	-0.21802	0.022373
0.65131	-0.19354	0.186
0.6682	-0.18858	0.23213
0.5746	-0.19813	-0.058308
-0.17993	-0.20884	0.077306
0.19382	-0.22877	-0.22504
-0.33531	-0.21742	-0.26188
-0.42355	-0.21142	-0.10563
0.45667	-0.20593	-0.11091
0.41348	-0.21361	-0.13709
0.25898	-0.20228	-0.2724
-0.040571	-0.21461	-0.10195
0.52936	-0.20002	-0.070513
-0.42731	-0.20045	-0.19951
0.35274	-0.19976	0.008562
0.59522	-0.20131	0.16036
0.13209	-0.2124	-0.21884
-0.14695	-0.20788	0.064759
0.74775	-0.18938	0.060893
0.70478	-0.20101	0.024821
0.14297	-0.21204	-0.15478
-0.31234	-0.21872	0.050233
-0.24155	-0.21893	0.082386
0.12308	-0.21235	-0.18702
-0.052996	-0.21672	-0.20815
0.75558	-0.19466	0.078759
-0.28987	-0.21785	0.079551
-0.075899	-0.22409	-0.0083128
-0.37091	-0.20826	0.026232
0.18114	-0.19883	-0.064641
-0.10742	-0.20509	-0.28137
-0.17362	-0.20372	-0.3029
0.66514	-0.1784	0.30378
0.83851	-0.19014	0.095796
-0.40514	-0.20095	-0.23226
0.71146	-0.17329	0.34415
0.254	-0.18786	0.0011187
0.31068	-0.2	-0.2498
0.14458	-0.20763	-0.2484
0.28309	-0.18289	-0.27468
-0.063802	-0.19571	0.046774
-0.39328	-0.21137	-0.04818
-0.42536	-0.21101	-0.14822
0.14562	-0.19541	-0.12131
0.17915	-0.2006	-0.27552
0.18484	-0.1843	-0.052085
0.85162	-0.17637	0.11824
0.62341	-0.18723	-0.045126
0.39192	-0.19642	-0.010918
-0.29724	-0.19229	0.11199
0.11399	-0.20377	-0.14149
0.68637	-0.17961	0.34209
-0.30075	-0.19382	-0.3046
0.66603	-0.17672	0.20622
-0.018987	-0.19896	-0.065692
0.3373	-0.17686	0.028045
0.54789	-0.18544	0.14147
-0.23465	-0.19243	-0.31565
-0.0016023	-0.19846	-0.14881
0.77849	-0.17853	0.091499
-0.2152	-0.2033	0.082453
0.081826	-0.19844	-0.16989
-0.34463	-0.18782	0.040084
0.5222	-0.1752	0.11539
-0.017818	-0.20001	-0.11476
0.083285	-0.19888	-0.19702
0.4281	-0.18262	0.029417
-0.2696	-0.19364	0.11287
-0.015931	-0.20294	-0.1988
0.39277	-0.18403	-0.18496
0.032725	-0.20067	-0.16457
-0.25584	-0.18834	-0.31483
0.05064	-0.19848	-0.18843
-0.0076282	-0.19811	-0.089367
-0.053004	-0.18531	-0.26316
-0.079594	-0.19238	-0.29242
0.3746	-0.16836	-0.20652
-0.40508	-0.1927	-0.03154
0.43783	-0.18855	-0.13611
0.84262	-0.1465	0.14911
0.064451	-0.1883	-0.14552
0.50337	-0.16063	0.11274
0.11582	-0.18086	-0.097745
0.2355	-0.18266	-0.01336
0.078372	-0.1879	-0.23287
0.1703	-0.18382	-0.29054
0.081217	-0.17935	-0.11858
0.015459	-0.18863	-0.12994
-0.39823	-0.18853	0.017043
-0.32899	-0.17088	0.12219
0.75862	-0.16004	0.078317
0.037465	-0.18813	-0.23202
0.20065	-0.17025	-0.028352
0.29214	-0.18317	0.020222
-0.51125	-0.14557	0.26132
0.088605	-0.17307	-0.26292
0.57283	-0.17744	0.16068
0.54537	-0.175	-0.079532
-0.44293	-0.19841	-0.15871
-0.45807	-0.18707	-0.10501
0.33822	-0.1658	-0.23841
0.44144	-0.15704	0.075791
0.20468	-0.17086	-0.30063
-0.001325	-0.17113	-0.031468
-0.0032826	-0.16188	0.01191
0.15715	-0.17374	-0.085098
-0.15799	-0.17918	0.092046
-0.065902	-0.18364	-0.28998
0.66871	-0.16475	-0.020173
0.67693	-0.16581	0.37728
0.0010802	-0.17932	-0.082078
-0.34273	-0.17691	-0.3066
-0.50734	-0.17894	0.27515
-0.18142	-0.17994	-0.32581
-0.029005	-0.19077	-0.24227
0.70478	-0.15263	0.017401
0.41276	-0.16411	0.037148
0.6076	-0.15839	0.18619
0.64154	-0.15668	0.19439
-0.1883	-0.17127	0.088954
-0.48189	-0.15493	0.29309
-0.46345	-0.17425	0.24257
-0.046362	-0.17118	0.057766
-0.29219	-0.1654	-0.33531
-0.39373	-0.18428	0.053051
0.16882	-0.15116	-0.05998
-0.26252	-0.15728	0.10111
0.503	-0.16507	-0.10565
0.6566	-0.14215	0.27257
0.05331	-0.16877	-0.10546
-0.41226	-0.17298	-0.0032245
-0.027341	-0.16488	-0.28032
-0.28496	-0.171	0.12696
0.70143	-0.14709	0.36271
0.57659	-0.15757	0.17718
-0.090641	-0.16949	0.083943
0.77932	-0.14961	0.096847
-0.38949	-0.16409	-0.28797
0.65098	-0.14999	0.37428
-0.0023108	-0.1718	-0.27563
0.65802	-0.1644	0.29743
0.83987	-0.14905	0.11916
0.64489	-0.12987	-0.035624
-0.50496	-0.15881	0.246
0.0099653	-0.15829	-0.28881
0.37674	-0.16507	0.020557
0.23831	-0.14421	0.00027368
0.55868	-0.1633	0.17182
-0.47758	-0.16642	-0.085698
-0.42691	-0.1647	0.22209
-0.090687	-0.15782	-0.32431
0.80148	-0.12091	0.20846
0.24416	-0.16825	-0.29497
0.33836	-0.14992	0.036618
-0.47063	-0.16037	0.21675
-0.3739	-0.16252	0.064435
-0.41158	-0.16661	0.063793
0.4987	-0.13749	0.11832
0.43132	-0.15934	-0.15192
0.025906	-0.16777	-0.080088
-0.42218	-0.16983	0.021562
0.1504	-0.1552	-0.071715
-0.052592	-0.14787	-0.29701
0.29129	-0.13731	0.030708
0.66109	-0.1512	0.2062
0.53548	-0.1497	-0.085203
-0.46701	-0.15139	-0.22043
0.75655	-0.14372	0.082547
-0.49939	-0.14175	-0.12228
-0.3308	-0.15091	0.15501
0.06293	-0.1385	-0.05842
0.77172	-0.12419	0.11452
0.6486	-0.14456	0.34422
-0.5073	-0.14045	0.29472
-0.20636	-0.1512	0.097688
0.47386	-0.13046	0.10323
0.53413	-0.14276	0.15868
0.41334	-0.13935	0.058099
-0.43063	-0.15679	0.067711
0.66487	-0.13302	0.20035
-0.30106	-0.15275	0.14916
-0.047718	-0.13963	0.083506
0.091842	-0.13825	-0.064726
-0.36044	-0.13687	-0.32976
0.65909	-0.13008	0.31853
-0.42024	-0.15581	-0.27124
-0.021586	-0.12903	-0.32703
0.3485	-0.11656	-0.22548
0.25464	-0.12142	-0.3025
0.66855	-0.14035	0.22627
0.78101	-0.2055	0.22178
-0.0004069	-0.14294	0.033
0.024111	-0.14523	-0.031374
0.081752	-0.13472	-0.30733
0.054438	-0.15946	-0.29273
-0.44003	-0.15127	0.0030902
0.59456	-0.14384	-0.062732
0.30812	-0.133	-0.25717
-0.17811	-0.14916	0.10163
-0.25481	-0.13581	-0.35797
0.1156	-0.1404	-0.2965
-0.14122	-0.15829	0.096879
-0.16022	-0.12761	-0.35565
0.66599	-0.14788	0.38979
0.63694	-0.11861	0.17982
-0.45424	-0.1338	-0.2632
0.15761	-0.1323	-0.056663
-0.46989	-0.13922	0.30664
0.70142	-0.10739	0.34924
0.79891	-0.10329	0.20912
0.27706	-0.11909	-0.28723
-0.48828	-0.14273	0.21487
0.19724	-0.13107	-0.035255
0.61111	-0.11617	0.18253
0.014686	-0.13853	-0.31412
-0.37842	-0.14431	0.10192
0.57871	-0.12417	0.18279
0.55214	-0.10504	0.17373
-0.36629	-0.14316	0.13865
-0.1225	-0.13727	-0.34697
0.67495	-0.13154	0.36756
-0.27182	-0.13316	-0.35586
0.44037	-0.13104	0.082254
0.677	-0.11996	-0.0046007
0.74082	-0.11291	0.30722
-0.41873	-0.13859	0.19507
-0.25015	-0.12104	0.10971
-0.43884	-0.15047	0.035999
0.7663	-0.092775	0.27289
-0.39369	-0.12688	0.22983
0.43276	-0.12963	-0.14599
-0.40147	-0.13342	0.086468
0.36358	-0.13099	0.039089
0.13935	-0.11263	-0.045406
-0.45917	-0.13953	0.03576
-0.43057	-0.12102	0.26442
-0.079888	-0.13533	0.097165
0.42422	-0.10957	0.073287
-0.50204	-0.12942	-0.052827
0.19546	-0.13018	-0.31707
-0.047272	-0.13212	-0.30825
-0.39759	-0.13547	0.21337
0.74893	-0.12052	0.10587
0.81804	-0.11657	0.15275
-0.30414	-0.13523	0.17175
0.71768	-0.11256	0.05572
0.6876	-0.10814	0.18653
-0.22045	-0.11068	0.11448
-0.45247	-0.12723	0.19252
0.52391	-0.10262	-0.075069
-0.29079	-0.12459	0.11933
0.027299	-0.12118	-0.0058442
-0.32923	-0.13918	0.18268
-0.43574	-0.14312	0.079152
-0.45473	-0.12234	0.30598
0.72325	-0.10099	0.12579
0.76445	-0.10606	0.14214
0.38055	-0.10619	0.066573
0.38479	-0.11884	-0.19296
-0.26895	-0.12411	0.21659
-0.38156	-0.12765	0.1806
0.68116	-0.11504	0.34794
0.59183	-0.10722	-0.056103
0.11885	-0.1131	-0.31675
0.45947	-0.11248	-0.11954
-0.31438	-0.11815	-0.35565
0.35081	-0.10823	0.041122
-0.37924	-0.12855	0.20716
0.66434	-0.11442	0.27177
0.0016295	-0.12266	0.042104
-0.49152	-0.12189	-0.20119
0.67016	-0.10837	0.3108
0.69358	-0.090518	0.22918
0.67079	-0.10199	0.16367
-0.43483	-0.11304	0.10209
-0.49164	-0.11512	0.21889
-0.47714	-0.11755	0.075006
0.67531	-0.10897	0.23104
-0.39406	-0.12793	0.11314
-0.48296	-0.12152	-0.0016825
0.0012843	-0.10502	-0.33921
0.79223	-0.098859	0.19897
-0.4213	-0.1104	-0.30826
0.05307	-0.11793	-0.33182
-0.354	-0.11712	0.23651
-0.066682	-0.099587	0.10397
-0.4751	-0.10663	0.09354
0.18274	-0.1153	-0.049117
0.72959	-0.099361	0.15535
0.66104	-0.091015	-0.0031884
-0.25313	-0.10672	0.12449
-0.42092	-0.11932	0.17285
0.49929	-0.10875	0.11261
-0.068984	-0.10926	-0.33231
0.7058	-0.10189	0.17172
-0.12938	-0.11135	0.10723
-0.18692	-0.10229	0.11007
-0.36371	-0.11803	-0.33551
-0.41867	-0.11126	0.2981
-0.26251	-0.11674	0.2437
-0.40021	-0.11493	0.24635
0.71318	-0.093518	0.10073
-0.47563	-0.11333	0.19991
0.62884	-0.093049	-0.035394
0.16706	-0.11617	-0.31582
0.28223	-0.099344	0.022574
0.52643	-0.094292	0.12937
-0.10828	-0.10156	-0.35804
0.68099	-0.083749	0.34276
0.68188	-0.082476	0.25102
-0.38943	-0.124	-0.31577
0.66986	-0.085015	0.27589
-0.49283	-0.10715	0.25586
-0.05512	-0.10224	-0.331
-0.48629	-0.10742	0.052125
0.31206	-0.086914	-0.23416
0.71916	-0.081347	0.23404
0.60711	-0.088018	0.14712
-0.033539	-0.099278	0.088279
-0.29693	-0.10961	0.1391
0.14624	-0.089286	-0.32391
0.16275	-0.098313	-0.043921
-0.43682	-0.10131	0.11648
0.62392	-0.073824	0.13757
0.74188	-0.091842	0.18045
-0.47875	-0.10487	0.27977
0.018625	-0.095808	0.02224
0.69603	-0.098219	0.15128
0.59997	-0.072164	-0.037671
-0.25331	-0.10962	0.22267
0.071049	-0.097958	-0.024041
-0.37897	-0.10583	0.26768
0.39581	-0.094521	-0.15954
-0.44684	-0.095901	-0.2894
-0.34042	-0.10441	0.26026
0.22283	-0.12245	-0.31485
0.67153	-0.074836	0.049524
-0.28554	-0.10778	0.17308
0.04471	-0.10146	0.006012
-0.26913	-0.10006	0.18172
-0.41205	-0.11488	0.15751
0.7252	-0.070399	0.32291
-0.53414	-0.086064	-0.08673
-0.13782	-0.07995	0.10536
-0.080379	-0.078396	0.10654
-0.18331	-0.080033	0.11514
0.26414	-0.074244	-0.004516
0.22874	-0.087383	-0.024014
0.56341	-0.085312	0.13938
0.43722	-0.082521	-0.11282
-0.23495	-0.093153	0.2598
-0.29736	-0.095644	0.27601
0.62567	-0.07111	-0.02021
0.74939	-0.069712	0.28362
0.68594	-0.081087	0.11971
0.74795	-0.074386	0.24788
0.75408	-0.084262	0.22379
-0.36843	-0.087205	-0.34886
-0.45558	-0.094202	0.1753
0.21116	-0.070354	-0.055309
0.065593	-0.067395	-0.34884
-0.46311	-0.0856	-0.28162
0.50418	-0.078846	0.097553
0.66279	-0.077162	0.023129
-0.48803	-0.099096	-0.23904
-0.27325	-0.10207	0.14843
0.067563	-0.082863	0.00015689
-0.25142	-0.080997	-0.37919
-0.43965	-0.098907	0.15682
0.37337	-0.081588	0.062616
0.65381	-0.073273	0.12379
-0.23958	-0.09093	0.27853
0.15056	-0.073518	-0.028436
0.3937	-0.076133	-0.13986
0.24859	-0.054363	-0.28965
0.58195	-0.069291	0.10757
-0.38331	-0.090071	0.27476
-0.29127	-0.087271	-0.37078
-0.20727	-0.072204	0.13384
0.55807	-0.065903	-0.038894
0.10696	-0.086965	-0.025246
0.50833	-0.081449	-0.062196
0.64761	-0.062878	0.06407
0.53477	-0.080146	0.11821
0.22247	-0.06508	-0.3139
-0.25116	-0.082425	0.29811
-0.20971	-0.092042	0.31031
-0.31764	-0.067857	-0.37275
0.01446	-0.079328	-0.34701
0.19528	-0.082671	-0.32317
-0.21918	-0.083884	0.26825
0.35172	-0.068485	0.027253
-0.025205	-0.085412	-0.35382
-0.30948	-0.083809	0.31804
-0.52211	-0.047318	-0.19793
0.00075474	-0.07399	0.041495
-0.52201	-0.08194	-0.16587
0.30853	-0.085749	0.0289
-0.52567	-0.074376	-0.014698
-0.46424	-0.083636	0.19515
-0.44918	-0.084746	0.13429
0.42123	-0.078515	0.060847
-0.51417	-0.094018	-0.011879
-0.50765	-0.078195	0.063581
0.10515	-0.067688	-0.0025474
-0.23792	-0.083757	0.15632
-0.19183	-0.079824	0.34295
0.69582	-0.071513	0.33569
-0.065262	-0.050378	-0.3474
0.25366	-0.030937	-0.26947
-0.10628	-0.074761	-0.35541
-0.49185	-0.091328	0.094038
-0.23602	-0.084371	0.22163
0.64232	-0.063037	0.10527
-0.52747	-0.092742	-0.11196
-0.44882	-0.081218	0.2549
0.68776	-0.066097	0.26996
0.17298	-0.056305	-0.33431
-0.46226	-0.080994	0.22728
0.34861	-0.073653	-0.16952
-0.41241	-0.080859	0.27029
-0.16658	-0.073709	-0.37977
0.49835	-0.065194	0.078423
0.49227	-0.057734	-0.023702
-0.51021	-0.070752	0.08379
0.36353	-0.035688	-0.10115
0.71381	-0.057452	0.28054
0.43908	-0.072965	0.059566
-0.044791	-0.056923	-0.34497
-0.040584	-0.068409	0.097432
-0.21049	-0.072831	0.35924
-0.39393	-0.066066	-0.33826
-0.4357	-0.053764	-0.321
-0.18094	-0.060549	0.41024
0.3788	-0.061745	0.046195
-0.34313	-0.075395	0.28951
-0.54217	-0.054643	-0.12919
0.20387	-0.059958	-0.32695
0.10217	-0.043421	-0.34531
-0.18566	-0.068984	0.28248
-0.22378	-0.071099	0.18812
-0.21458	-0.076194	0.23334
0.61492	-0.056543	0.097002
0.34966	-0.063825	-0.14818
-0.018545	-0.050054	-0.35041
0.014092	-0.04682	-0.35699
0.44574	-0.057683	-0.054354
0.32127	-0.063089	-0.1641
-0.51008	-0.077253	-0.19726
0.37292	-0.054491	-0.12586
-0.16981	-0.061841	0.3923
0.61328	-0.05223	0.034513
-0.21209	-0.068388	0.20719
0.38641	-0.049943	0.0046406
0.60974	-0.053738	-0.00099729
0.32991	-0.058171	-0.10554
-0.16245	-0.062599	0.36107
0.19007	-0.05213	-0.029137
0.59694	-0.054447	0.0638
0.35324	-0.051487	-0.12317
0.22972	-0.053463	-0.050879
-0.2453	-0.05975	0.32982
0.31589	-0.057087	-0.1368
-0.47765	-0.054012	-0.28166
0.055135	-0.057027	0.030005
0.48561	-0.056538	0.050903
0.52956	-0.045409	0.0067653
0.55869	-0.045787	0.030198
-0.19236	-0.060982	0.40429
-0.45667	-0.071078	0.20698
-0.29682	-0.073691	0.32796
0.15601	-0.05291	-0.010452
-0.3334	-0.057062	0.30499
-0.1777	-0.065447	0.2625
0.074601	-0.047196	0.020359
0.44841	-0.053933	0.014627
0.15345	-0.029888	-0.34492
0.22595	-0.043322	-0.04613
0.56681	-0.048219	-0.010879
-0.40715	-0.060907	0.26555
-0.039474	-0.04339	0.091349
-0.36212	-0.048825	-0.36119
-0.13087	-0.052722	0.096181
-0.074407	-0.040087	0.098894
-0.43668	-0.061747	0.24016
0.28203	-0.052501	-0.2379
0.50437	-0.048855	0.017671
-0.27136	-0.048918	0.33553
0.27522	-0.043461	-0.035857
-0.25152	-0.03413	0.35037
0.29942	-0.050961	-0.17441
-0.45805	-0.064818	0.17611
-0.53902	-0.055343	-0.035004
0.42165	-0.04785	-0.010115
-0.15342	-0.058461	0.10849
-0.12829	-0.051324	-0.36241
0.33175	-0.035348	-0.080841
-0.41707	-0.047403	0.25246
0.39517	-0.037089	-0.052656
0.22556	-0.048284	-0.34866
0.32925	-0.047404	0.004767
0.27885	-0.02059	-0.1584
-0.15534	-0.047372	0.31127
0.24859	-0.039511	-0.29264
0.35575	-0.038453	-0.0191
0.26511	-0.045322	-0.48053
-0.27616	-0.049517	-0.38409
-0.47692	-0.057488	0.11752
-0.18822	-0.046235	-0.38562
-0.16043	-0.042124	-0.36285
0.26151	-0.043191	-0.3605
0.26728	-0.045697	-0.3926
0.23307	-0.03802	-0.39718
0.22659	-0.043161	-0.37093
0.24985	-0.042105	-0.4438
0.25368	-0.03972	-0.33579
0.19812	-0.033938	-0.58057
-0.13897	-0.038769	0.2737
0.19667	-0.033634	-0.36449
0.21667	-0.039704	-0.57354
-0.52312	-0.037468	0.059359
-0.18036	-0.042427	0.20559
0.28737	-0.0378	-0.45137
-0.0022691	-0.014283	0.052401
0.066135	-0.022226	-0.35149
-0.02439	-0.024063	0.059725
-0.14448	-0.035371	0.3478
0.2739	-0.035083	-0.51638
0.24173	-0.03816	-0.5208
-0.15023	-0.034121	0.32487
-0.52193	-0.030751	0.10118
0.29154	-0.029139	-0.39953
0.20883	-0.021916	-0.59238
-0.20232	-0.053579	0.16321
0.22838	-0.023249	-0.037281
0.24215	-0.035384	-0.5631
0.26814	-0.028342	-0.084514
-0.53837	-0.030314	-0.010267
-0.45824	-0.037979	0.1999
0.13017	-0.01204	0.0086801
0.30209	-0.033651	-0.053136
-0.18986	-0.017558	0.43224
0.33989	-0.030241	-0.057238
-0.46958	-0.047916	0.14795
0.22675	-0.026412	-0.48365
0.30272	-0.030311	-0.10142
-0.18682	-0.034454	0.16025
-0.33427	-0.028068	-0.3724
-0.20802	-0.026482	0.41328
0.0038916	-0.026628	-0.34933
-0.2926	-0.039417	0.3304
0.27502	-0.020238	-0.10153
-0.54943	-0.031495	-0.09567
0.30754	-0.01481	-0.45378
0.21327	-0.020809	-0.52126
0.13284	-0.013792	-0.34595
0.25858	-0.018101	-0.2445
0.18087	-0.019651	-0.015039
-0.10171	-0.018771	0.09074
0.29709	-0.058596	-0.20842
0.22677	-0.016099	-0.45534
-0.37791	-0.016311	-0.35267
-0.1698	-0.041655	0.41403
-0.54879	-0.031978	-0.05088
0.25698	0.0056431	-0.065453
-0.36237	-0.030581	0.29915
0.29542	-0.01676	-0.49344
0.29725	-0.014683	-0.38668
0.27097	-0.015563	-0.11077
-0.26497	-0.0065127	-0.38833
-0.48158	-0.013856	-0.28437
0.26728	-0.007526	-0.54977
0.26599	-0.027227	-0.33568
-0.50046	-0.026013	-0.25713
-0.43387	-0.037184	0.24491
-0.16967	-0.018225	0.196
-0.16655	-0.036905	0.23426
0.19701	-0.014188	-0.37565
0.22465	-0.014678	-0.41367
-0.12809	-0.019916	0.28397
-0.14863	-0.012556	0.2351
0.033514	-0.0055577	0.045054
0.19487	-0.021896	-0.59089
-0.39558	0.013341	0.28453
-0.19904	-0.015887	-0.38154
0.25176	0.0048922	-0.19803
0.30392	0.0036334	-0.46946
-0.52751	0.0056105	-0.20167
-0.46225	0.0031161	0.21792
0.29004	0.014501	-0.49674
-0.40181	-0.019823	-0.34515
-0.14041	-0.016452	0.11475
0.20757	-0.00441	-0.52927
0.16484	0.0058138	-0.35577
0.042351	0.0025926	-0.35282
-0.47888	-0.0069751	0.17753
-0.060278	0.014098	-0.35785
-0.32206	-0.024418	0.31497
-0.17267	-0.0082952	0.15091
-0.23465	-0.0118	0.38287
-0.49185	-0.018543	0.12822
-0.55232	-0.0033175	-0.093984
-0.044437	-0.010477	0.074685
-0.54829	-0.011738	-0.049204
0.27676	-0.002523	-0.3466
0.060502	0.0034291	0.02835
-0.52868	0.0044185	0.073947
-0.4753	0.023096	-0.29034
-0.28917	-0.0029622	0.33602
-0.25748	-0.0092696	0.35655
-0.17918	-0.0070079	-0.36932
0.26987	0.0080198	-0.13246
0.032375	-0.016172	-0.35825
-0.20633	0.0046316	0.42781
-0.53384	0.0021688	-0.17483
-0.074869	0.0031783	0.08098
0.10791	0.0095765	0.011084
-0.13657	-0.024897	0.32507
0.18903	0.012366	-0.37109
0.21674	0.0083873	-0.40796
0.21606	-0.0049287	-0.48327
-0.12476	0.010628	0.28201
0.25426	0.0076357	-0.56008
-0.43363	0.01515	-0.32673
0.29938	0.0037275	-0.38985
-0.42016	0.022411	0.26246
-0.29694	-0.0077694	-0.37879
-0.17655	0.022053	0.15926
-0.04485	0.014579	0.074879
-0.093251	0.02755	-0.36209
-0.21655	0.027974	-0.39035
-0.1718	0.013002	0.18799
-0.36932	0.015348	-0.36055
0.30168	0.011664	-0.42458
-0.016207	0.013577	-0.36349
0.27118	0.024889	-0.15141
0.26421	0.0023724	-0.16974
0.2509	0.0097825	-0.29458
0.204	0.008105	-0.56073
-0.12889	0.025691	-0.36944
0.21956	0.01893	-0.026158
0.2219	0.015346	-0.4762
0.24471	0.019705	-0.26825
-0.44887	0.018585	0.2434
0.2894	0.025373	-0.38664
-0.23977	0.0048457	0.37384
-0.26841	0.017235	0.34408
-0.139	0.011891	0.33658
-0.32738	0.002198	0.31801
0.22569	0.013681	-0.44011
0.14445	0.027093	-0.34636
0.24374	0.019594	-0.55141
-0.21777	-0.0049127	-0.39201
-0.55046	0.010528	-0.12921
0.18304	0.014344	-0.011844
-0.02673	0.015846	0.056101
-0.13697	0.036844	0.10193
-0.52253	0.020256	0.10884
0.26805	0.029504	-0.10034
0.026354	0.042204	0.03962
-0.18371	0.037023	0.42316
0.21645	0.026208	-0.39142
0.27168	0.022596	-0.51466
-0.38406	0.025313	-0.34948
-0.50393	0.0066825	-0.25334
0.2682	0.020678	-0.34917
0.23144	0.049005	-0.05613
-0.49528	0.013854	0.13269
0.29564	0.024046	-0.45973
0.11456	0.031516	-0.34402
0.13871	0.034628	-0.0012606
0.23023	0.049406	-0.29242
0.24258	0.031261	-0.51764
-0.54407	0.01508	-0.021742
-0.47989	0.03553	0.17214
-0.17211	0.017375	0.42937
-0.14464	0.019881	0.32639
-0.47433	0.032226	0.19891
0.25112	0.044166	-0.06837
-0.11674	0.030185	0.088807
-0.14794	-0.0043465	0.38897
0.0077128	0.040314	-0.35137
-0.17179	0.040558	0.1329
0.2342	0.042118	-0.31813
-0.24182	0.049547	0.33514
0.23757	0.034085	-0.43768
-0.1366	0.032018	0.27697
-0.39302	0.050543	0.28509
-0.18866	0.041757	0.19892
-0.027363	0.049598	-0.35523
-0.017396	0.043272	0.042996
0.20636	0.040395	-0.027229
0.22864	0.039481	-0.38712
-0.041585	0.046631	0.096393
-0.53111	0.055651	-0.15806
-0.20641	0.048628	0.39295
-0.32585	0.043044	-0.37398
0.25747	0.038867	-0.20255
0.26728	0.040016	-0.4699
0.67827	0.059845	0.32847
-0.15615	0.021266	0.24048
-0.15633	0.041518	0.3777
-0.151	0.041167	-0.38455
0.26555	0.047958	-0.40118
0.24413	0.031868	-0.23704
0.24034	0.032825	-0.48762
-0.15893	0.048766	0.35528
0.31213	0.038799	-0.091589
-0.33428	0.036389	0.31621
0.05452	0.029847	-0.35339
-0.46364	0.040889	0.24675
-0.072262	0.051566	0.10321
0.34411	0.044629	-0.0574
0.71139	0.046805	0.29132
-0.15464	0.039771	0.32886
0.54639	0.047603	0.02599
0.25319	0.042263	-0.36039
0.58949	0.04758	0.037201
0.2539	0.04417	-0.42855
0.54724	0.046615	0.0046581
-0.29969	0.041172	0.33905
0.71388	0.055548	0.25665
0.060827	0.047313	0.019418
-0.073771	0.060042	-0.34549
0.55111	0.055817	0.064393
0.60116	0.054897	-0.0041186
0.32062	0.040483	-0.056765
0.2412	0.046791	-0.26184
0.67651	0.057513	0.29403
-0.55103	0.046666	-0.097665
0.21869	0.045135	-0.34447
0.51687	0.052996	0.0011029
0.3776	0.049735	-0.076842
0.18651	0.062589	-0.036959
0.59469	0.052218	0.064209
0.53155	0.053059	0.047973
0.32538	0.057976	-0.097429
0.68769	0.070473	0.34037
0.10969	0.059583	-0.004733
0.3858	0.053792	-0.046239
-0.16563	0.042149	0.30653
-0.25816	0.052026	0.32577
0.18361	0.03872	-0.3491
0.75039	0.064236	0.25574
0.34394	0.060751	-0.0088003
-0.47943	0.04906	0.21023
-0.25752	0.03621	-0.38796
0.36007	0.051135	-0.094691
-0.42784	0.048717	0.27225
0.70273	0.057454	0.31625
0.20247	0.05653	-0.32726
-0.20345	0.052761	0.18747
0.68836	0.067888	0.24591
-0.17679	0.050677	0.25908
0.28735	0.093798	-0.25552
0.64042	0.061507	0.079324
0.64396	0.062875	0.051943
0.62689	0.068237	0.1113
-0.46926	0.055607	-0.28897
-0.16478	0.052538	0.28002
-0.36265	0.036591	0.30446
-0.32222	0.044039	0.33181
0.67007	0.067411	0.312
-0.2743	0.063651	-0.38106
0.17248	0.056166	-0.33833
-0.51931	0.055184	0.098916
0.26348	0.039716	-0.16551
-0.53605	0.053475	-0.0096705
-0.44841	0.061536	0.2912
0.50942	0.064264	0.051421
0.7339	0.06888	0.29672
0.52327	0.063645	-0.018364
-0.17907	0.058673	0.33937
0.5674	0.073518	0.10283
0.29024	0.059945	-0.029015
0.41507	0.068138	-0.047095
-0.49892	0.059438	0.12242
0.37516	0.057545	-0.022711
0.22625	0.065399	-0.29323
-0.42413	0.07025	-0.31888
0.48891	0.06426	0.0093749
-0.11014	0.053238	-0.3686
0.56535	0.063598	-0.028887
-0.48543	0.051126	0.13451
0.14857	0.0767	-0.030738
-0.027784	0.061057	0.088237
-0.34186	0.064817	0.30157
0.2668	0.069923	-0.16528
-0.18942	0.062039	0.38401
0.73995	0.07428	0.21636
-0.519	0.065201	-0.18703
0.22441	0.062963	-0.055881
-0.48277	0.068072	0.20079
-0.47469	0.06214	0.28893
-0.0010476	0.076246	-0.34084
-0.36982	0.075992	-0.34875
0.047171	0.065114	-0.34605
0.53653	0.075132	0.085479
-0.38551	0.08052	0.28309
0.37418	0.076033	-0.14197
-0.41667	0.0629	0.28313
-0.1549	0.067943	0.10209
-0.27201	0.065731	0.31212
0.4154	0.077482	-0.095382
0.46103	0.069553	0.044643
0.64467	0.07271	0.011419
0.70474	0.075729	0.22694
0.61448	0.080388	-0.028587
0.6738	0.074299	0.1087
-0.5006	0.060494	-0.24447
-0.015751	0.069251	0.056178
0.40771	0.070134	-0.011072
0.43738	0.077512	0.029419
-0.54278	0.072705	-0.058782
0.48091	0.075131	-0.018471
-0.19074	0.061986	0.29801
0.20766	0.08517	-0.31559
0.66742	0.084956	0.2537
0.77717	0.085715	0.20256
-0.19291	0.088754	-0.37912
0.44536	0.073986	-0.00041067
0.52186	0.07583	-0.03503
-0.55284	0.031567	-0.058517
0.45125	0.077284	-0.032482
0.35754	0.080809	-0.1494
0.33512	0.076042	-0.12172
0.43209	0.088207	0.057544
0.60713	0.078007	0.12173
0.64746	0.08165	0.14934
-0.51215	0.07993	0.26673
-0.46224	0.071255	0.15385
0.29865	0.095578	-0.14578
0.67516	0.098106	0.32447
0.55772	0.085635	-0.050216
0.0056548	0.082829	0.020006
0.7078	0.088413	0.082428
0.0483	0.066307	0.017664
0.50071	0.086452	-0.036703
0.28113	0.08375	-0.16145
0.37439	0.077948	0.016925
0.69588	0.098763	0.34
0.79402	0.10223	0.20264
-0.29573	0.098935	-0.36426
0.25309	0.086307	-0.27976
-0.51316	0.072943	0.094102
0.56758	0.089327	0.11474
0.65906	0.088435	0.0069743
0.50391	0.083619	0.089378
0.47197	0.089871	0.087481
0.74603	0.088044	0.159
0.70638	0.097245	0.056347
0.28633	0.083677	0.0043453
-0.47177	0.077808	0.18807
-0.21762	0.071284	0.34197
-0.20293	0.075888	0.32794
0.2554	0.084834	-0.011891
0.31487	0.077615	-0.12506
-0.38959	0.075984	-0.33295
0.080867	0.087689	-0.021171
-0.033239	0.10456	0.093686
-0.16578	0.078749	-0.37689
0.12792	0.084282	-0.33245
-0.44198	0.076935	-0.30157
-0.2053	0.067337	0.15165
0.68298	0.089468	0.15741
0.62531	0.088877	0.15743
-0.22272	0.0762	0.28197
0.39285	0.090387	0.063101
0.67765	0.094732	0.22104
-0.0081548	0.10906	-0.32157
-0.22643	0.069052	0.32215
0.54958	0.10215	0.12762
-0.5088	0.092154	0.30237
0.68226	0.097036	0.33599
-0.24559	0.093262	-0.37677
-0.030275	0.09989	-0.33275
0.71442	0.090615	0.12659
0.47209	0.094029	-0.065836
-0.5238	0.075793	0.03672
0.29284	0.086907	-0.22918
-0.22727	0.080042	0.29885
0.35816	0.096879	0.035667
0.056324	0.08072	-0.0041543
0.17924	0.10119	-0.32842
0.60348	0.093175	0.14071
-0.20378	0.09621	0.12729
0.70259	0.090184	0.17396
-0.49382	0.092892	0.098484
0.35808	0.08954	-0.18198
0.1566	0.11233	-0.072074
-0.2225	0.079764	0.2661
0.5248	0.10514	0.12203
0.58655	0.1002	-0.05009
-0.06464	0.092548	-0.32679
0.31867	0.096229	-0.14526
0.74196	0.10547	0.10758
-0.10987	0.09676	0.11245
-0.12601	0.095616	-0.36849
0.77015	0.093062	0.24744
-0.22645	0.091765	0.14498
0.14536	0.10907	-0.047488
-0.4083	0.083306	0.28208
0.36369	0.09367	-0.20802
0.19721	0.074359	-0.066565
-0.24475	0.087302	0.28524
0.8033	0.10377	0.14566
-0.31731	0.063356	0.33094
-0.25382	0.08804	0.20114
0.65873	0.11539	0.27402
0.57449	0.1008	0.15072
-0.42998	0.088187	0.29657
0.38079	0.096725	-0.18646
0.4229	0.11892	0.081098
-0.51169	0.094847	0.0028836
-0.49555	0.082564	-0.2301
0.44549	0.10258	0.085452
0.31303	0.09642	-0.20329
-0.4634	0.1019	-0.26674
-0.31979	0.10501	-0.35773
0.66499	0.10745	0.30694
0.35501	0.097994	-0.22249
-0.45768	0.084888	0.12297
0.40201	0.10663	-0.1821
0.67035	0.11214	0.19074
0.61834	0.10296	0.16553
0.11526	0.10991	-0.04023
0.32968	0.10035	-0.2419
-0.45499	0.081401	0.17127
0.47193	0.11168	0.10858
-0.32304	0.083594	0.29327
0.73005	0.11719	0.056876
-0.52186	0.10878	-0.050109
-0.16766	0.081886	0.11007
0.39024	0.10988	0.075715
-0.51452	0.11174	0.2337
0.67912	0.10723	0.011113
0.82275	0.1164	0.153
0.10704	0.12489	-0.314
0.65333	0.13724	0.26471
-0.51969	0.094698	0.25828
-0.27456	0.11153	0.26331
0.63035	0.11462	0.18421
0.67075	0.12538	0.36363
0.42298	0.10497	-0.13634
-0.26481	0.11535	0.24042
-0.28145	0.10265	0.18265
0.49554	0.11194	-0.074197
0.64071	0.12486	-0.026281
0.04662	0.12548	-0.047252
0.16579	0.12016	-0.076838
-0.4163	0.10525	0.1718
0.067855	0.12141	-0.31836
-0.18689	0.11692	0.11308
0.30204	0.12597	0.035662
-0.47535	0.09739	0.20094
-0.26279	0.1005	0.16683
-0.41498	0.097795	0.25478
-0.50154	0.11286	-0.174
-0.2406	0.1221	0.13042
0.54537	0.113	0.14683
0.75031	0.12815	0.08434
0.79794	0.1164	0.11247
0.52727	0.11818	-0.059526
-0.53363	0.098097	-0.10155
0.4242	0.1193	-0.16253
-0.48922	0.11241	0.057513
0.36257	0.12035	0.067891
-0.35708	0.10512	-0.34272
0.073567	0.072473	-0.34235
0.45755	0.13558	0.10925
0.65914	0.12824	0.36001
0.70904	0.13151	0.34581
-0.44358	0.10283	0.11182
0.34932	0.12074	0.044629
0.58137	0.12482	0.16906
0.14365	0.10743	-0.33078
0.75656	0.11256	0.26523
-0.14764	0.13085	0.12489
-0.02306	0.11307	0.076293
-0.011707	0.12782	0.041797
-0.070248	0.09939	0.10941
0.6666	0.12077	0.21049
-0.4871	0.10691	0.090297
0.25437	0.12922	0.010892
0.8259	0.12262	0.12414
0.59937	0.1414	-0.055865
0.56004	0.12542	-0.064127
-0.080325	0.10101	-0.33059
0.28043	0.12555	-0.27929
-0.53826	0.12217	0.29615
-0.38982	0.11002	0.23559
-0.4161	0.10495	0.19017
0.32983	0.13435	-0.25933
0.46272	0.12425	-0.13801
-0.49399	0.11118	-0.20719
0.4767	0.12842	-0.10885
0.18338	0.16333	-0.31377
-0.46025	0.10373	0.30493
0.65172	0.13255	0.19586
0.23119	0.11875	-0.30594
-0.39652	0.11042	-0.31741
0.4937	0.13967	0.12562
0.010825	0.11891	-0.0074942
-0.42323	0.10527	0.14513
-0.4396	0.10687	0.20398
-0.41717	0.11184	0.21414
-0.31365	0.12468	0.24241
-0.28645	0.12772	0.20603
-0.42586	0.12317	-0.28575
0.23317	0.12667	-0.0083361
0.68033	0.14897	0.0022349
-0.097436	0.16254	-0.31106
-0.40576	0.11317	0.23714
-0.28619	0.11815	0.1541
-0.47031	0.14896	0.25015
-0.070659	0.13472	0.10466
-0.23564	0.12236	-0.37244
0.7238	0.13393	0.32799
0.8315	0.13823	0.13098
-0.52077	0.12223	-0.083042
0.59739	0.12798	0.18109
-0.061882	0.12148	-0.30423
0.29362	0.13012	-0.27696
0.023865	0.15213	-0.2813
0.051835	0.1145	-0.32187
0.52949	0.12938	0.14154
0.071423	0.12737	-0.054247
-0.50566	0.13237	-0.13159
0.19303	0.13653	-0.044229
0.3861	0.13886	0.079475
0.65963	0.15268	0.22143
0.13795	0.13698	-0.078683
-0.37765	0.12466	0.19449
-0.37344	0.12076	0.21848
-0.48538	0.12102	0.31608
0.78522	0.11934	0.21957
0.16535	0.14149	-0.08071
0.36729	0.13006	-0.22702
-0.4656	0.12495	0.27805
0.79733	0.15907	0.0912
0.56636	0.1494	-0.064527
0.65074	0.14407	0.31463
0.0075791	0.14757	-0.04227
0.36925	0.14887	0.064664
0.084926	0.14382	-0.29703
0.81056	0.17917	0.18419
-0.26255	0.15119	0.12593
-0.46519	0.10771	0.10531
-0.51403	0.13816	0.32471
0.20275	0.16289	-0.031838
-0.016512	0.13442	-0.29567
0.41281	0.16086	0.078722
0.82045	0.15118	0.11113
-0.23801	0.15538	-0.35512
0.62527	0.15708	0.19175
0.5054	0.15499	-0.098111
-0.11786	0.1327	-0.35
0.69517	0.16864	0.35718
-0.44306	0.13882	0.089315
0.74515	0.15321	0.28223
0.72326	0.18193	0.33158
0.35563	0.14935	0.048475
-0.45432	0.13678	-0.23784
-0.45833	0.14122	0.25874
0.47795	0.15234	-0.13448
-0.3127	0.14429	0.18916
-0.073681	0.15821	-0.27563
-0.4604	0.13461	0.075942
0.10527	0.15807	-0.088665
0.11772	0.14765	-0.31024
0.40699	0.14253	-0.19
0.55659	0.15433	0.16785
-0.1703	0.14692	0.11973
0.48702	0.16316	-0.11953
-0.39202	0.14599	0.10987
-0.15998	0.14356	-0.34968
0.70715	0.16123	0.031732
0.22368	0.18662	-0.013965
0.297	0.18119	0.0303
-0.43711	0.14253	0.24385
0.43144	0.1587	0.094702
-0.39982	0.14492	-0.28934
0.04242	0.15848	-0.10044
-0.40293	0.1513	0.091725
-0.46541	0.154	-0.1943
-0.34759	0.13239	0.21384
-0.4923	0.14844	-0.060241
0.67722	0.16943	0.35139
0.53156	0.15628	0.14484
-0.29208	0.1449	0.17234
0.53133	0.17877	-0.06558
0.21537	0.15599	-0.31138
-0.29478	0.1561	-0.34543
-0.2194	0.16317	0.11689
-0.34009	0.15652	-0.32562
-0.017402	0.16305	-0.00019679
-0.053752	0.15503	-0.26183
0.51099	0.16856	0.12848
-0.049363	0.16272	0.075447
-0.040391	0.16749	0.05657
-0.38291	0.14428	0.13187
-0.34763	0.15646	0.14392
0.64733	0.1691	-0.025088
-0.1257	0.15303	0.11238
0.24638	0.19397	-0.28714
-0.021377	0.16267	-0.24591
-0.19205	0.1474	0.11182
0.65774	0.17506	0.28768
0.75081	0.16454	0.075411
0.28032	0.16669	-0.28134
-0.28024	0.16911	0.14717
-0.34041	0.14534	0.17769
0.66313	0.16933	0.32483
-0.45401	0.14266	0.045409
0.371	0.17514	-0.22404
0.14958	0.16513	-0.09295
0.41162	0.18785	-0.17803
-0.2782	0.14993	-0.35119
-0.0097496	0.15369	-0.02158
-0.29891	0.16588	0.155
0.65427	0.16272	0.20222
0.2518	0.16251	0.010798
0.78091	0.17849	0.22729
-0.51003	0.17247	0.27882
0.0035983	0.17455	-0.094777
-0.42499	0.17239	0.019642
-0.15087	0.17568	0.11331
0.45412	0.1903	-0.14352
0.65962	0.19585	0.27689
0.074548	0.15869	-0.28739
0.33385	0.1934	-0.24701
-0.46843	0.13519	-0.0031856
-0.42332	0.16311	0.072906
0.48026	0.16836	0.12027
0.021486	0.17434	-0.10969
0.64301	0.18884	0.188
-0.48874	0.15914	0.27886
0.45164	0.19002	0.092696
-0.19577	0.16533	-0.34046
-0.40492	0.17393	-0.25134
0.18618	0.18454	-0.048546
-0.021382	0.17415	-0.20865
0.77125	0.19345	0.094097
0.17483	0.18891	-0.064804
0.49322	0.18514	-0.096469
-0.45841	0.17336	-0.056334
-0.33393	0.17392	0.1264
0.67211	0.18306	0.00093952
0.59117	0.17614	-0.054467
-0.016249	0.18187	-0.039152
-0.1216	0.19339	0.09517
0.66379	0.19219	0.20323
0.14786	0.16246	-0.30806
-0.047109	0.17522	-0.2173
-0.5256	0.15682	0.31285
0.043899	0.17215	-0.25576
-0.24645	0.1872	-0.32512
-0.46254	0.17914	-0.13492
-0.18545	0.17532	0.10413
0.10501	0.19123	-0.12751
0.66378	0.20582	0.34485
-0.38686	0.17844	-0.27341
-0.11628	0.18385	-0.3028
-0.37615	0.18671	0.069282
0.5821	0.18333	0.15914
0.62038	0.19874	-0.031809
0.075893	0.18855	-0.25634
0.81539	0.19453	0.16836
0.36383	0.17663	0.04141
0.13659	0.19597	-0.11538
0.67403	0.20119	0.36249
0.80371	0.19279	0.11684
0.086748	0.18529	-0.12338
0.71129	0.19905	0.052408
0.3288	0.19083	0.033405
-0.0074097	0.18028	-0.16196
0.56204	0.21355	-0.046413
0.55099	0.2229	0.11923
-0.27612	0.19397	0.13865
-0.32436	0.19345	-0.30131
0.024085	0.18276	-0.13284
-0.017476	0.18463	-0.11093
-0.20038	0.19355	-0.31084
0.66978	0.19776	0.23616
-0.48289	0.1668	-0.095191
-0.037133	0.17973	-0.18889
0.15741	0.20173	-0.10161
0.42228	0.19834	0.051866
-0.53742	0.15418	0.30994
-0.41773	0.18345	-0.014329
0.034046	0.18222	-0.21878
-0.031694	0.18687	-0.14511
0.24466	0.19497	-0.0024525
-0.064466	0.19337	-0.20249
-0.22897	0.18928	-0.32554
0.68853	0.21141	0.20021
0.46722	0.20563	-0.11658
0.75943	0.21479	0.27526
0.51301	0.20689	-0.050567
-0.041492	0.19267	-0.01041
-0.28776	0.20851	-0.30305
0.66668	0.20917	0.012928
0.74087	0.19384	0.081704
0.044382	0.19017	-0.18118
-0.055862	0.20653	0.015225
-0.43569	0.20791	-0.085587
0.34563	0.22071	0.016154
0.10755	0.19373	-0.26487
0.39448	0.20936	0.017299
0.65993	0.21229	0.16697
-0.43125	0.18942	-0.19308
-0.10211	0.20548	0.073322
0.72731	0.21129	0.092704
-0.22312	0.20741	0.11551
0.60846	0.22117	-0.022842
0.69622	0.21312	0.35841
0.063736	0.19287	-0.14805
0.074395	0.20564	-0.20661
-0.073055	0.22477	-0.14254
0.18833	0.20213	-0.29604
0.14114	0.20294	-0.2817
-0.38519	0.20859	0.04924
-0.10041	0.21327	-0.2517
0.79101	0.21221	0.14795
0.50684	0.2018	0.10966
-0.16584	0.19889	0.11254
-0.36142	0.20702	0.05759
0.41341	0.21053	-0.15815
0.78629	0.21847	0.21835
-0.029644	0.1925	-0.058782
0.088734	0.20896	-0.18583
0.095484	0.20489	-0.2318
-0.092438	0.2185	0.04947
-0.43624	0.20245	-0.068496
0.72092	0.22441	0.33642
-0.13218	0.22727	-0.246
0.38103	0.21712	-0.1948
0.70866	0.22028	0.1709
-0.057795	0.21575	-0.023115
0.68002	0.22087	0.34634
0.67758	0.22284	0.14331
0.80761	0.20633	0.17754
-0.39784	0.20939	-0.019881
0.47022	0.22047	-0.069247
0.69236	0.2186	0.2425
-0.28307	0.22249	0.11437
0.32049	0.2143	-0.24311
0.67034	0.21972	0.28679
-0.39448	0.22112	-0.04273
0.17841	0.22438	-0.076018
0.29072	0.2262	-0.0010249
-0.31621	0.22568	-0.2697
-0.058441	0.22113	-0.095231
0.61019	0.218	0.14904
-0.096152	0.23087	-0.19998
0.47102	0.23015	0.05791
0.7284	0.22047	0.13554
0.74338	0.22524	0.16782
0.70052	0.22354	0.12463
0.18562	0.2337	-0.27615
0.7255	0.22482	0.18768
0.72838	0.22514	0.24564
0.75877	0.22213	0.25733
0.68093	0.22265	0.049705
0.44077	0.22362	0.0076772
0.5018	0.21854	-0.035812
0.45436	0.22297	-0.096252
0.14714	0.22759	-0.13482
0.73931	0.2281	0.29795
-0.3824	0.22508	0.031223
0.20176	0.22363	-0.056822
0.57122	0.23483	-0.024757
-0.18701	0.23522	0.1015
-0.35946	0.22024	-0.23877
0.69955	0.22761	0.094533
0.30624	0.24163	-0.22945
0.22011	0.24876	-0.061828
0.42385	0.22729	-0.011915
0.566	0.23775	0.1114
0.45782	0.22768	0.024257
-0.41029	0.22291	-0.13379
0.50322	0.24334	0.071892
-0.38677	0.23419	-0.17389
0.37122	0.23537	-0.18345
0.52252	0.24821	-0.010368
0.41171	0.23619	-0.10694
0.45831	0.22888	-0.033719
-0.38533	0.23983	-0.11108
0.47977	0.22812	-0.013781
0.70613	0.23415	0.28574
-0.32878	0.20608	0.0996
0.11712	0.23074	-0.18915
0.40231	0.24594	-0.063506
0.61769	0.23977	0.0043568
0.11639	0.22717	-0.22452
-0.22642	0.23294	-0.2662
0.14382	0.23263	-0.24946
0.67495	0.23867	0.10221
0.61318	0.24861	0.11029
0.2248	0.22228	-0.26929
0.26558	0.24236	-0.024961
0.36483	0.24189	-0.013734
0.13793	0.24801	-0.20357
0.15728	0.2433	-0.12245
0.39144	0.23937	-0.025902
-0.23292	0.23251	0.10654
-0.36157	0.24203	0.028779
-0.10941	0.25452	0.027011
-0.084305	0.23663	-0.023147
-0.15126	0.2155	0.1064
-0.12891	0.24498	0.059917
0.32961	0.24862	-0.018109
-0.088779	0.23186	0.012387
-0.30994	0.23511	0.081887
-0.36378	0.24601	-0.031759
-0.25259	0.2365	-0.25915
-0.090899	0.24228	-0.14838
-0.19246	0.23999	-0.25414
0.52705	0.26252	0.021863
-0.085116	0.24303	-0.067402
-0.16203	0.26099	0.082696
0.61956	0.25572	0.075456
0.62913	0.24972	0.036251
-0.34794	0.23369	0.036109
-0.36803	0.24692	-0.0088741
-0.1133	0.24499	-0.18909
-0.33508	0.23941	0.058008
-0.30674	0.23958	0.042658
0.2977	0.26318	-0.20674
-0.36546	0.25347	-0.10245
0.26977	0.25496	-0.22602
0.57536	0.26303	0.068108
0.39239	0.24521	-0.12654
-0.29155	0.23919	0.072606
-0.35996	0.25842	-0.14311
0.21731	0.25986	-0.2372
0.52621	0.26251	0.044009
0.35924	0.26454	-0.096865
0.34105	0.2611	-0.17107
0.34989	0.2639	-0.059474
0.181	0.27649	-0.23255
-0.28034	0.25403	0.041901
0.14571	0.25137	-0.16023
-0.15713	0.2487	-0.22233
-0.24627	0.25233	0.081263
-0.32038	0.24854	0.02386
0.16417	0.25773	-0.24221
-0.25027	0.25533	-0.24009
-0.33941	0.24809	-0.20836
-0.10785	0.25756	-0.11061
-0.34357	0.26046	-0.068519
0.56884	0.26608	0.014639
-0.1581	0.25653	-0.18253
-0.20496	0.25335	0.097681
0.56273	0.26781	0.033097
-0.20849	0.2615	-0.21937
0.15841	0.27388	-0.20027
0.32109	0.2796	-0.12446
-0.29086	0.25788	-0.23317
-0.10747	0.26746	-0.0054122
0.28325	0.26457	-0.047662
0.30722	0.27693	-0.078195
-0.14884	0.2627	-0.15028
-0.33493	0.26228	-0.020694
-0.12958	0.27291	0.045281
-0.15703	0.27946	0.058627
-0.2009	0.26467	-0.18802
0.15694	0.26941	-0.1615
0.23323	0.27898	-0.094068
-0.33911	0.26806	-0.12153
0.24058	0.28064	-0.18432
-0.21598	0.26883	0.075375
0.18382	0.26753	-0.11948
-0.25955	0.26964	0.052454
-0.10505	0.26918	-0.058562
-0.23729	0.26797	-0.20778
0.1742	0.28286	-0.18425
0.28038	0.28519	-0.15693
0.30209	0.27751	-0.15168
0.28906	0.28118	-0.09272
-0.18783	0.275	-0.14862
-0.22325	0.27301	-0.16329
-0.30389	0.26094	-0.007303
-0.17602	0.27063	0.075703
-0.30133	0.26977	0.0065602
-0.13682	0.27267	-0.13113
-0.31194	0.27371	-0.16307
-0.25743	0.27556	-0.18055
-0.29403	0.2778	-0.096149
-0.30524	0.26482	-0.063162
-0.10725	0.28902	-0.02323
-0.29004	0.27889	0.031471
-0.22338	0.28918	0.063533
0.25299	0.28675	-0.12349
0.20078	0.28856	-0.1413
0.21082	0.29027	-0.17546
-0.27374	0.28255	-0.13103
-0.24549	0.29241	-0.12934
-0.11511	0.28655	-0.08186
-0.11923	0.28684	0.029344
-0.17836	0.29372	0.063707
-0.27645	0.2951	-0.11179
-0.25051	0.29204	0.057193
-0.13939	0.31772	0.061585
-0.20314	0.29547	-0.13723
-0.12381	0.30678	-0.093503
-0.14831	0.31197	-0.11799
-0.31173	0.3163	-0.061571
-0.11136	0.32892	-0.057976
-0.19836	0.32648	-0.12925
-0.31816	0.30612	-0.020962
-0.2927	0.32166	-0.094322
-0.11283	0.3322	0.023084
-0.10932	0.34257	-0.022685
-0.2617	0.32223	-0.11799
-0.23204	0.32563	-0.12829
-0.28717	0.35558	-0.089939
-0.16918	0.33373	0.059836
-0.32528	0.34403	0.0074049
-0.22518	0.36057	0.0711
-0.13058	0.35358	0.059511
-0.14331	0.34412	-0.10347
-0.12248	0.35336	-0.067815
-0.22039	0.35367	-0.11681
-0.33236	0.34132	0.080889
-0.31085	0.34734	0.048202
-0.3545	0.34394	0.054154
-0.33107	0.35078	0.017459
-0.18935	0.36478	0.064559
-0.31317	0.35014	-0.064817
-0.14681	0.35387	0.070394
-0.37811	0.34979	0.075154
-0.18105	0.34448	-0.11578
-0.35186	0.3491	0.10583
-0.32981	0.35357	-0.032331
-0.12437	0.3708	0.038803
-0.26006	0.35934	0.072593
-0.26689	0.37004	0.088498
-0.29449	0.3526	0.060087
-0.36512	0.35992	0.12249
-0.2853	0.35901	0.099171
-0.40921	0.36458	0.11099
-0.19747	0.37877	-0.097915
-0.32009	0.37392	-0.06345
-0.14908	0.38259	0.065678
-0.37321	0.36124	0.026189
-0.40828	0.3754	0.054817
-0.3519	0.36692	-0.0040336
-0.13056	0.39423	0.00083743
-0.33163	0.37692	-0.029601
-0.22259	0.39662	0.074879
-0.40072	0.37418	0.14874
-0.33013	0.38347	0.11531
-0.25897	0.3766	-0.098246
-0.27219	0.37693	0.10646
-0.16055	0.38744	-0.068756
-0.1364	0.38327	-0.044561
-0.3933	0.38455	0.15731
-0.37432	0.39315	0.14302
-0.38264	0.38842	-0.0034913
-0.43184	0.38722	0.074456
-0.25123	0.39578	0.11337
-0.31306	0.3973	-0.048169
-0.28773	0.39691	-0.089353
-0.43797	0.39948	0.16738
-0.1352	0.39047	0.046564
-0.41833	0.40616	0.18518
-0.4488	0.39823	0.11026
-0.41408	0.40053	0.023852
-0.29428	0.4051	-0.063639
-0.19524	0.40382	-0.080672
-0.27838	0.40903	0.11012
-0.23265	0.40759	-0.091174
-0.19749	0.40579	0.062005
-0.14851	0.41066	0.043623
-0.39141	0.41071	0.15963
-0.26828	0.40803	-0.091808
-0.15508	0.43429	-0.011456
-0.46282	0.4201	0.087089
-0.18973	0.43258	-0.059408
-0.24718	0.43311	-0.064433
-0.20709	0.42387	0.059855
-0.19062	0.42542	0.036432
-0.21779	0.42973	0.091919
-0.38096	0.42259	-0.022964
-0.21446	0.4327	-0.077336
-0.4701	0.43308	0.17465
-0.29268	0.42955	-0.051854
-0.47636	0.43109	0.1385
-0.16426	0.42602	0.024991
-0.20455	0.45167	0.062826
-0.45208	0.44451	0.19573
-0.23564	0.41488	0.111
-0.54825	0.43264	0.1989
-0.58042	0.44465	0.16015
-0.44153	0.41936	0.043738
-0.20356	0.44841	0.024074
-0.47173	0.44205	0.094751
-0.58916	0.43141	0.20348
-0.43622	0.44599	0.02164
-0.5401	0.42723	0.18621
-0.19273	0.44104	-0.0063051
-0.20123	0.44423	-0.034843
-0.41642	0.4381	0.18893
-0.51964	0.43212	0.17215
-0.49142	0.43281	0.15342
-0.52043	0.43519	0.14824
-0.49306	0.43494	0.18569
-0.24096	0.45987	0.12906
-0.23418	0.44951	-0.04713
-0.48496	0.45591	0.20067
-0.54565	0.45382	0.13297
-0.39521	0.46788	-0.030076
-0.2903	0.46012	-0.041776
-0.4853	0.4537	0.1151
-0.46779	0.45994	0.060664
-0.43281	0.46455	0.20492
-0.22973	0.4639	0.1193
-0.35454	0.44362	-0.040285
-0.21349	0.47084	0.081848
-0.54828	0.47364	0.22072
-0.58084	0.45964	0.15485
-0.45977	0.47119	0.029534
-0.5864	0.48202	0.16946
-0.34997	0.49808	-0.035574
-0.45105	0.48121	0.019465
-0.2619	0.47754	-0.028725
-0.51173	0.47936	0.1131
-0.23359	0.49569	0.10637
-0.58291	0.46671	0.20931
-0.37833	0.51534	0.20753
-0.55618	0.47897	0.13011
-0.22099	0.47006	-0.0071759
-0.48021	0.48017	0.10018
-0.26955	0.48977	0.15376
-0.28455	0.47361	0.15009
-0.21487	0.48197	0.027937
-0.59219	0.48777	0.21292
-0.26666	0.50507	-0.0098708
-0.57839	0.49199	0.22873
-0.59229	0.48857	0.19057
-0.416	0.49268	-0.012256
-0.38078	0.48874	-0.03422
-0.41756	0.51149	0.2138
-0.22663	0.50441	0.053995
-0.46438	0.50144	0.074362
-0.46327	0.50423	0.21629
-0.45378	0.50425	0.03376
-0.2426	0.51129	0.018414
-0.30169	0.50169	0.1767
-0.26558	0.5115	0.13755
-0.46953	0.52025	0.10948
-0.5956	0.51518	0.1762
-0.56049	0.51241	0.13653
-0.57898	0.52164	0.2425
-0.60727	0.50779	0.23751
-0.32618	0.53535	-0.014782
-0.5146	0.52192	0.22563
-0.24796	0.5226	0.078392
-0.44609	0.54053	0.095682
-0.52339	0.50022	0.11667
-0.27636	0.53542	0.11812
-0.27718	0.52828	0.015578
-0.2614	0.53387	0.049527
-0.38787	0.51865	-0.01655
-0.60254	0.53428	0.22065
-0.36186	0.54769	0.21493
-0.28119	0.54519	0.096767
-0.51691	0.54966	0.13288
-0.49486	0.54094	0.22909
-0.39509	0.55788	0.2109
-0.57356	0.54605	0.1688
-0.43218	0.54698	0.047875
-0.38013	0.5482	0.0078882
-0.55419	0.54978	0.24264
-0.28778	0.54683	0.056102
-0.33329	0.5537	0.18314
-0.5899	0.55165	0.23444
-0.31877	0.55425	0.010482
-0.43892	0.56344	0.12157
-0.34327	0.56239	0.017089
-0.42841	0.55654	0.21597
-0.45726	0.57345	0.13454
-0.31947	0.56422	0.090878
-0.42157	0.56122	0.099137
-0.5862	0.56042	0.20372
-0.47487	0.57557	0.23079
-0.34899	0.57742	0.15354
-0.41196	0.56349	0.06361
-0.42327	0.57267	0.20165
-0.3626	0.56919	0.18779
-0.3429	0.57079	0.09911
-0.38782	0.57249	0.049283
-0.42574	0.58115	0.15595
-0.5319	0.59822	0.2497
-0.36155	0.57258	0.049152
-0.55232	0.54711	0.15264
-0.57634	0.54883	0.24408
-0.37877	0.57656	0.10494
-0.37361	0.58404	0.13086
-0.4039	0.57591	0.17084
-0.53762	0.5749	0.15322
-0.39764	0.57747	0.13954
-0.59375	0.58195	0.23221
-0.56691	0.58321	0.25211
-0.46868	0.60341	0.22369
-0.42878	0.58752	0.17656
-0.56914	0.5924	0.19981
-0.49557	0.60771	0.1545
-0.55311	0.59761	0.24788
-0.59364	0.58429	0.26625
-0.56418	0.60728	0.21715
-0.47286	0.60651	0.1551
-0.487	0.62808	0.18023
-0.53687	0.62991	0.1964
-0.50951	0.62242	0.24305
-0.55528	0.6317	0.24291
-0.54575	0.6277	0.25888
-0.51403	0.642	0.19728
-0.49232	0.63875	0.20622
-0.53643	0.64358	0.24856
-0.5976	0.44122	0.19278
-0.17015	-0.027615	0.13582
-0.36168	0.4967	0.19464
