3	1277	1174	1332
3	1267	1401	1377
3	1332	1174	1366
3	1286	1332	1373
3	1674	1673	1697
3	287	307	303
3	314	369	377
3	619	632	657
3	664	670	700
3	555	622	649
3	863	837	865
3	984	1022	1096
3	1052	997	1090
3	1246	1229	1230
3	1096	1022	1117
3	1282	1178	1305
3	1305	1178	1316
3	1266	1320	1242
3	1401	1335	1464
3	1350	1396	1447
3	1335	1350	1447
3	1464	1335	1447
3	1396	1430	1447
3	1447	1430	1511
3	1464	1447	1540
3	1447	1511	1540
3	1473	1464	1553
3	1464	1540	1553
3	1600	1473	1553
3	1553	1540	1629
3	1377	1401	1464
3	1473	1377	1464
3	1280	1242	1320
3	1305	1316	1382
3	1316	1280	1320
3	1144	1373	1410
3	1373	1414	1410
3	1248	1144	1410
3	1248	1410	1424
3	1248	1424	1564
3	1365	1248	1564
3	1424	1410	1512
3	1530	1424	1512
3	1424	1530	1564
3	1530	1512	1499
3	1394	1547	1543
3	1547	1518	1599
3	1617	1547	1599
3	1543	1547	1617
3	1518	1578	1599
3	1578	1588	1599
3	1599	1588	1632
3	1632	1633	1599
3	1632	1613	1633
3	1634	1588	1650
3	1588	1634	1632
3	1613	1632	1616
3	1616	1632	1634
3	1673	1634	1650
3	1540	1511	1629
3	1511	1571	1585
3	1629	1511	1585
3	1585	1571	1616
3	1616	1571	1613
3	1634	1673	1616
3	1629	1585	1674
3	1585	1616	1674
3	1616	1673	1674
3	1553	1629	1654
3	1654	1629	1674
3	1564	1530	1499
3	307	287	333
3	287	334	333
3	297	285	276
3	297	276	299
3	299	276	318
3	299	307	297
3	303	307	299
3	304	303	318
3	303	299	318
3	285	297	566
3	304	318	369
3	276	294	346
3	318	276	346
3	297	307	333
3	566	297	333
3	566	333	527
3	527	333	455
3	285	566	359
3	600	566	604
3	369	318	346
3	346	294	378
3	378	294	332
3	346	378	429
3	369	346	429
3	377	369	429
3	378	332	504
3	493	377	494
3	494	377	429
3	378	504	565
3	429	378	565
3	540	429	565
3	494	429	540
3	494	540	580
3	540	555	580
3	493	494	589
3	540	565	555
3	455	585	527
3	585	455	619
3	585	619	657
3	604	566	527
3	604	527	585
3	632	700	657
3	657	700	732
3	670	622	692
3	700	670	692
3	585	657	729
3	700	692	732
3	731	657	732
3	729	657	731
3	732	692	731
3	589	494	580
3	555	565	653
3	648	555	653
3	565	644	653
3	565	504	644
3	555	648	622
3	653	644	685
3	622	648	692
3	648	653	685
3	692	648	685
3	692	685	792
3	762	782	806
3	809	782	832
3	782	809	806
3	809	832	826
3	806	809	844
3	826	832	902
3	905	832	878
3	902	832	905
3	902	905	993
3	902	993	1056
3	1056	993	1023
3	837	806	865
3	865	806	844
3	865	844	924
3	863	865	926
3	926	865	985
3	865	975	985
3	984	926	985
3	975	865	924
3	975	924	989
3	985	975	1021
3	1021	975	989
3	984	985	1022
3	985	1021	1022
3	1217	1194	1312
3	1194	1281	1312
3	1119	1097	1165
3	1165	1097	1182
3	1119	1165	1194
3	1119	1217	1274
3	1165	1182	1262
3	1217	1119	1194
3	1225	1165	1262
3	1165	1225	1194
3	1262	1182	1244
3	1274	1217	1411
3	1182	1097	1128
3	1182	1128	1244
3	1128	1193	1244
3	1193	1284	1314
3	1262	1244	1299
3	1262	1299	1240
3	1299	1244	1357
3	1077	1056	1023
3	1023	1052	1082
3	1082	1052	1090
3	1023	1082	1077
3	989	1036	1071
3	1090	1148	1082
3	1071	1036	1164
3	1077	1082	1164
3	1164	1082	1230
3	1082	1148	1230
3	1071	1164	1229
3	1164	1230	1229
3	1022	1021	1060
3	1071	1021	989
3	1021	1071	1060
3	1060	1071	1229
3	1246	1060	1229
3	1411	1217	1421
3	1421	1217	1312
3	1411	1421	1498
3	1421	1312	1543
3	1274	1411	1352
3	1352	1411	1498
3	1244	1193	1357
3	1193	1314	1357
3	1299	1357	1374
3	1357	1314	1406
3	1317	1299	1374
3	1357	1406	1374
3	1374	1406	1496
3	1430	1374	1496
3	1430	1496	1511
3	1314	1504	1406
3	1511	1496	1527
3	1496	1406	1559
3	1406	1504	1559
3	1527	1496	1559
3	1421	1543	1617
3	1498	1421	1604
3	1604	1421	1617
3	1604	1617	1599
3	1573	1498	1604
3	1613	1620	1637
3	1571	1620	1613
3	1636	1613	1637
3	1604	1599	1633
3	1638	1604	1633
3	1636	1637	1638
3	1636	1638	1633
3	1633	1613	1636
3	1527	1559	1571
3	1511	1527	1571
3	1620	1559	1623
3	1571	1559	1620
3	273	276	278
3	285	278	276
3	273	278	358
3	278	285	359
3	358	278	359
3	276	273	282
3	276	282	294
3	294	282	332
3	282	357	332
3	368	273	358
3	359	566	358
3	358	566	600
3	639	569	659
3	570	590	659
3	569	570	659
3	569	639	576
3	696	814	793
3	765	696	793
3	639	659	696
3	680	696	765
3	615	680	765
3	680	639	696
3	576	639	680
3	615	576	680
3	765	793	813
3	513	410	581
3	410	389	542
3	487	382	513
3	382	410	513
3	428	382	487
3	382	302	410
3	309	302	382
3	428	499	447
3	447	367	428
3	367	352	428
3	352	382	428
3	352	309	382
3	316	352	367
3	407	433	489
3	433	367	447
3	407	367	433
3	345	374	407
3	374	367	407
3	374	295	367
3	526	489	595
3	483	451	526
3	406	489	526
3	451	406	526
3	406	407	489
3	406	345	407
3	450	483	538
3	316	309	352
3	295	316	367
3	343	295	374
3	345	343	374
3	1155	1238	1384
3	1376	1457	1470
3	1343	1376	1470
3	1155	1384	1376
3	1343	1233	1376
3	1532	1468	1576
3	1493	1468	1532
3	1429	1493	1532
3	1218	1468	1493
3	1392	1493	1429
3	1218	1294	1468
3	1392	1218	1493
3	1468	1343	1470
3	1294	1343	1468
3	1250	1218	1392
3	1429	1532	1514
3	1451	1429	1514
3	1392	1429	1451
3	1195	1250	1392
3	1236	1195	1392
3	1432	1392	1451
3	1273	1392	1432
3	1099	1273	1432
3	1273	1236	1392
3	1155	1134	1238
3	983	1134	1155
3	999	983	1155
3	1039	999	1155
3	966	999	1039
3	1233	1155	1376
3	1294	1171	1343
3	1171	1233	1343
3	1072	1171	1294
3	1039	1233	1171
3	1008	1039	1171
3	1039	1155	1233
3	1008	1171	1072
3	1218	1072	1294
3	1139	1218	1250
3	1139	1122	1218
3	1122	1072	1218
3	1122	1002	1072
3	945	1002	1122
3	1236	1006	1195
3	1195	1006	1250
3	1006	1122	1250
3	1122	1139	1250
3	1078	1006	1236
3	1028	1006	1078
3	1015	1028	1078
3	1006	945	1122
3	1273	1078	1236
3	1099	1157	1273
3	1157	1078	1273
3	1015	1078	1157
3	1005	1015	1157
3	1061	1068	1094
3	1081	1061	1094
3	1081	1017	1061
3	1037	1068	1061
3	995	1037	1061
3	1025	995	1061
3	1074	1094	1079
3	1074	1081	1094
3	1079	1044	1074
3	1044	965	1074
3	965	1038	1074
3	1009	1044	1079
3	808	983	999
3	808	946	983
3	966	808	999
3	839	946	808
3	709	737	839
3	808	709	839
3	1008	937	1039
3	937	966	1039
3	923	1008	1072
3	937	1008	923
3	857	937	923
3	923	763	857
3	857	807	937
3	937	807	966
3	807	808	966
3	1002	923	1072
3	945	882	1002
3	882	923	1002
3	753	763	923
3	882	753	923
3	960	1028	1015
3	986	960	1015
3	1006	1028	945
3	884	945	1028
3	884	1028	960
3	885	960	986
3	885	986	1015
3	884	960	885
3	884	882	945
3	884	743	882
3	797	743	884
3	1005	885	1015
3	871	885	1005
3	871	1005	972
3	797	884	885
3	871	797	885
3	1017	1025	1061
3	954	995	1025
3	1017	936	1025
3	936	954	1025
3	996	936	1017
3	920	936	996
3	930	920	996
3	936	888	954
3	920	890	936
3	890	888	936
3	881	888	890
3	1009	962	1044
3	962	965	1044
3	929	962	1009
3	907	929	1009
3	962	942	965
3	929	942	962
3	929	898	942
3	898	903	942
3	898	929	907
3	881	903	898
3	887	881	898
3	733	807	857
3	763	733	857
3	807	658	808
3	733	673	807
3	673	686	807
3	686	658	807
3	641	673	733
3	559	673	641
3	513	658	686
3	673	559	686
3	559	513	686
3	743	753	882
3	763	641	733
3	597	753	743
3	753	641	763
3	597	641	753
3	641	499	559
3	597	499	641
3	499	487	559
3	575	743	797
3	575	597	743
3	578	575	797
3	489	575	578
3	786	797	871
3	683	797	786
3	683	578	797
3	487	513	559
3	575	447	597
3	447	499	597
3	433	447	575
3	499	428	487
3	489	578	595
3	489	433	575
3	1048	1014	1081
3	1014	1048	1027
3	1048	1081	1074
3	1038	1048	1074
3	1038	1027	1048
3	1014	1017	1081
3	968	996	1017
3	1014	968	1017
3	968	930	996
3	892	930	968
3	892	895	930
3	895	920	930
3	904	890	920
3	904	920	895
3	998	1027	1038
3	965	947	1038
3	947	998	1038
3	947	908	998
3	965	942	947
3	911	908	947
3	947	903	911
3	942	903	947
3	904	881	890
3	904	895	911
3	881	911	903
3	881	904	911
3	1027	908	1014
3	908	958	1014
3	958	968	1014
3	958	892	968
3	892	908	895
3	908	892	958
3	998	908	1027
3	911	895	908
3	152	144	155
3	116	144	152
3	117	105	152
3	105	116	152
3	116	113	144
3	105	71	116
3	71	113	116
3	160	117	152
3	143	130	150
3	106	105	117
3	106	117	130
3	129	99	130
3	106	92	105
3	99	106	130
3	145	143	158
3	142	143	145
3	121	145	149
3	121	129	145
3	142	130	143
3	129	142	145
3	130	142	129
3	84	78	96
3	57	60	78
3	74	84	97
3	84	57	78
3	74	41	84
3	70	41	74
3	41	57	84
3	45	41	70
3	38	41	45
3	71	74	113
3	92	71	105
3	71	70	74
3	72	56	92
3	56	71	92
3	45	70	71
3	45	71	56
3	39	45	56
3	92	106	99
3	72	92	99
3	41	44	57
3	38	26	41
3	26	44	41
3	39	30	45
3	30	38	45
3	1792	1819	1839
3	1805	1819	1792
3	1852	1856	1861
3	1848	1852	1861
3	1852	1839	1845
3	1848	1829	1852
3	1829	1839	1852
3	1818	1799	1848
3	1799	1829	1848
3	1829	1792	1839
3	1799	1791	1829
3	1791	1792	1829
3	1787	1805	1792
3	1790	1792	1791
3	1818	1848	1846
3	1808	1799	1818
3	1797	1808	1818
3	1787	1783	1805
3	1764	1783	1787
3	1764	1765	1783
3	1762	1745	1764
3	1745	1726	1764
3	1762	1710	1745
3	1726	1765	1764
3	1790	1777	1792
3	1792	1777	1787
3	1780	1790	1791
3	1780	1773	1790
3	1773	1777	1790
3	1777	1764	1787
3	1773	1772	1777
3	1772	1764	1777
3	1762	1764	1772
3	1757	1772	1773
3	1757	1763	1772
3	1785	1799	1808
3	1797	1782	1808
3	1782	1785	1808
3	1785	1791	1799
3	1797	1781	1782
3	1785	1780	1791
3	1756	1785	1782
3	1785	1756	1780
3	1761	1756	1782
3	1761	1782	1781
3	1756	1773	1780
3	1756	1757	1773
3	1756	1742	1757
3	1738	1742	1756
3	1738	1756	1761
3	1738	1728	1742
3	1752	1770	1771
3	1752	1748	1770
3	1716	1732	1752
3	1716	1752	1771
3	1743	1748	1752
3	1732	1743	1752
3	1746	1716	1771
3	1746	1711	1716
3	1704	1746	1753
3	1706	1711	1746
3	1581	1624	1705
3	1710	1656	1663
3	1624	1581	1609
3	1533	1581	1663
3	1656	1533	1663
3	1581	1521	1609
3	1560	1521	1581
3	1560	1581	1533
3	1705	1726	1745
3	1705	1745	1710
3	1663	1705	1710
3	1705	1624	1690
3	1726	1705	1690
3	1581	1705	1663
3	1738	1725	1728
3	1761	1725	1738
3	1701	1728	1725
3	1692	1701	1725
3	1594	1692	1725
3	1630	1701	1692
3	1695	1628	1594
3	1594	1630	1692
3	1567	1594	1628
3	1594	1569	1630
3	1594	1561	1569
3	1557	1567	1628
3	1567	1561	1594
3	1517	1551	1579
3	1670	1607	1667
3	1607	1606	1667
3	1606	1535	1643
3	1548	1535	1606
3	1592	1606	1593
3	1579	1592	1593
3	1592	1548	1606
3	1593	1566	1579
3	1556	1592	1579
3	1551	1556	1579
3	1566	1517	1579
3	1716	1722	1732
3	1732	1678	1743
3	1678	1718	1743
3	1722	1678	1732
3	1667	1718	1678
3	1678	1670	1667
3	1606	1643	1667
3	1667	1643	1718
3	1704	1706	1746
3	1651	1675	1706
3	1714	1704	1753
3	1714	1659	1704
3	1704	1651	1706
3	1659	1651	1704
3	1659	1612	1651
3	1612	1622	1651
3	1612	1506	1622
3	1612	1490	1506
3	1492	1490	1612
3	1462	1521	1560
3	1462	1507	1521
3	1395	1462	1560
3	1403	1560	1533
3	1403	1395	1560
3	1339	1395	1403
3	1395	1307	1462
3	1339	1307	1395
3	1339	1189	1307
3	1556	1551	1557
3	1551	1561	1567
3	1557	1551	1567
3	1517	1561	1551
3	1490	1368	1506
3	1446	1413	1490
3	1413	1368	1490
3	1302	1368	1413
3	1296	1302	1413
3	1492	1446	1490
3	1298	1413	1446
3	1298	1296	1413
3	1198	1143	1189
3	1049	1143	1198
3	1198	979	1049
3	977	1198	1105
3	977	979	1198
3	1105	1189	1339
3	1189	1105	1198
3	1029	977	1105
3	1207	1214	1292
3	1214	1163	1255
3	1080	1130	1255
3	1163	1073	1255
3	1073	1080	1255
3	1142	1073	1163
3	961	1073	1142
3	1073	961	1080
3	1142	1012	961
3	1278	1296	1298
3	1292	1302	1296
3	1296	1278	1292
3	1255	1302	1292
3	1255	1130	1302
3	1278	1270	1292
3	1264	1278	1287
3	1214	1255	1292
3	1287	1278	1298
3	939	913	979
3	977	928	979
3	928	939	979
3	868	913	939
3	718	868	939
3	928	718	939
3	718	774	868
3	987	877	1012
3	935	961	1012
3	877	935	1012
3	866	935	877
3	935	932	961
3	935	861	932
3	823	935	866
3	718	614	774
3	544	718	790
3	544	614	718
3	524	614	544
3	795	935	823
3	691	785	861
3	935	691	861
3	691	935	795
3	708	634	691
3	634	563	691
3	563	573	691
3	563	476	573
3	452	563	634
3	534	452	634
3	475	524	544
3	417	524	475
3	524	417	453
3	475	383	417
3	383	475	418
3	306	417	383
3	344	306	383
3	150	117	160
3	130	117	150
3	1658	1656	1710
3	1607	1593	1606
3	1672	1678	1722
3	1706	1675	1711
3	1517	1529	1561
3	1368	1398	1506
3	1080	1103	1130
3	790	718	928
3	961	1018	1080
3	1418	1458	1500
3	1418	1324	1458
3	1444	1491	1545
3	1444	1535	1548
3	1444	1407	1491
3	1402	1444	1548
3	1458	1402	1548
3	1324	1402	1458
3	1444	1276	1407
3	1301	1276	1444
3	1412	1519	1562
3	1491	1412	1562
3	1407	1412	1491
3	1325	1412	1407
3	1407	1265	1325
3	731	692	802
3	685	644	687
3	692	792	802
3	809	826	938
3	938	826	902
3	1128	1104	1193
3	1036	1077	1164
3	1314	1483	1504
3	282	273	368
3	368	358	411
3	411	358	600
3	332	357	408
3	357	427	408
3	357	411	427
3	332	408	516
3	504	332	516
3	408	427	514
3	514	427	485
3	408	514	516
3	516	514	548
3	516	560	504
3	560	516	548
3	717	600	729
3	604	585	729
3	600	604	729
3	717	729	802
3	729	731	802
3	504	560	647
3	504	647	644
3	560	637	647
3	509	600	584
3	584	600	717
3	644	647	687
3	647	637	684
3	687	647	684
3	687	792	685
3	687	684	792
3	792	684	783
3	717	802	783
3	792	783	802
3	844	809	917
3	844	917	924
3	809	938	917
3	938	902	1056
3	917	938	1051
3	1051	938	1056
3	989	917	1036
3	917	1051	1036
3	924	917	989
3	1089	1119	1146
3	1089	1097	1119
3	1089	1146	1125
3	1146	1119	1274
3	1146	1274	1352
3	1125	1075	1089
3	1089	1075	1104
3	1089	1104	1128
3	1097	1089	1128
3	1104	1075	1138
3	1104	1138	1193
3	1113	1125	1146
3	1138	1075	1208
3	1113	1146	1216
3	1193	1138	1284
3	1138	1208	1295
3	1138	1295	1284
3	1216	1146	1347
3	1051	1056	1077
3	1036	1051	1077
3	1146	1352	1393
3	1393	1352	1435
3	1436	1393	1435
3	1435	1352	1498
3	1393	1436	1347
3	1436	1435	1498
3	1436	1498	1573
3	1295	1208	1346
3	1347	1146	1393
3	1295	1346	1417
3	1284	1295	1417
3	1284	1417	1314
3	1483	1417	1488
3	1417	1346	1488
3	1314	1417	1483
3	1346	1463	1488
3	1488	1463	1536
3	1463	1546	1536
3	1483	1488	1536
3	1573	1604	1638
3	1436	1573	1610
3	1610	1573	1644
3	1573	1638	1644
3	1644	1638	1665
3	1638	1637	1665
3	1620	1665	1637
3	1610	1644	1665
3	1483	1536	1504
3	1559	1504	1623
3	1504	1536	1623
3	1536	1615	1623
3	1623	1615	1665
3	1620	1623	1665
3	1615	1610	1665
3	1088	1112	1201
3	282	368	357
3	368	411	357
3	485	427	411
3	509	485	411
3	579	485	509
3	485	579	514
3	579	509	596
3	509	411	600
3	509	584	596
3	560	514	596
3	548	514	560
3	560	596	637
3	596	584	637
3	637	584	684
3	684	584	783
3	783	584	717
3	514	579	596
3	1113	1075	1125
3	1075	1113	1208
3	1249	1113	1216
3	1208	1113	1249
3	1318	1249	1216
3	1249	1318	1346
3	1318	1216	1347
3	1249	1346	1208
3	1318	1347	1433
3	1346	1433	1463
3	1347	1436	1433
3	1463	1433	1546
3	1346	1318	1433
3	1591	1436	1610
3	1546	1433	1591
3	1433	1436	1591
3	1536	1546	1615
3	1546	1591	1615
3	1615	1591	1610
3	1446	1492	1503
3	1440	1446	1503
3	1369	1340	1440
3	1340	1446	1440
3	1371	1369	1440
3	1340	1298	1446
3	1371	1319	1369
3	1319	1340	1369
3	1319	1298	1340
3	1440	1503	1449
3	1143	1141	1254
3	1143	1254	1289
3	982	1141	1143
3	1049	982	1143
3	1265	1279	1325
3	1207	1142	1214
3	1142	1163	1214
3	1232	1142	1207
3	1011	1142	1232
3	1034	1083	1102
3	1207	1292	1270
3	1201	1207	1270
3	1232	1207	1201
3	1264	1200	1270
3	1200	1201	1270
3	1175	1264	1287
3	1175	1200	1264
3	1175	1201	1200
3	1175	1123	1201
3	1201	1112	1232
3	1123	1088	1201
3	1108	1123	1175
3	1112	1011	1232
3	1279	1265	1109
3	1083	1011	1112
3	1319	1287	1298
3	1319	1175	1287
3	1179	1175	1319
3	913	982	1049
3	979	913	1049
3	896	982	913
3	896	913	774
3	774	913	868
3	774	779	896
3	774	778	779
3	1034	987	1011
3	987	1012	1011
3	940	944	1034
3	944	987	1034
3	940	927	944
3	944	877	987
3	944	927	877
3	927	921	877
3	838	866	877
3	831	921	872
3	801	835	872
3	825	835	801
3	831	872	835
3	831	838	877
3	823	866	838
3	831	877	921
3	819	831	835
3	831	819	838
3	819	823	838
3	825	819	835
3	778	690	779
3	614	778	774
3	778	655	690
3	614	655	778
3	614	524	655
3	571	610	655
3	524	571	655
3	603	610	571
3	558	458	609
3	458	537	609
3	819	795	823
3	825	749	819
3	749	795	819
3	749	708	795
3	801	725	825
3	725	749	825
3	725	708	749
3	640	708	725
3	640	606	708
3	606	634	708
3	541	534	606
3	534	634	606
3	524	506	571
3	571	536	603
3	506	536	571
3	506	464	536
3	453	464	506
3	306	404	464
3	453	306	464
3	306	371	404
3	417	306	453
3	335	387	430
3	387	335	370
3	317	335	403
3	535	546	568
3	535	505	546
3	479	535	568
3	479	486	535
3	486	505	535
3	463	505	486
3	479	430	486
3	430	449	486
3	449	463	486
3	449	440	463
3	430	440	449
3	430	387	440
3	505	558	546
3	505	462	558
3	462	458	558
3	505	456	462
3	458	419	537
3	426	458	462
3	426	419	458
3	537	501	582
3	537	481	501
3	481	421	501
3	419	481	537
3	481	405	421
3	310	481	419
3	396	310	419
3	353	405	481
3	310	353	481
3	353	340	405
3	454	445	534
3	454	534	503
3	385	445	454
3	384	364	454
3	364	385	454
3	385	321	445
3	288	321	385
3	364	319	385
3	242	361	371
3	306	242	371
3	268	242	306
3	268	230	242
3	230	222	242
3	235	215	217
3	222	235	242
3	222	215	235
3	213	202	222
3	202	215	222
3	202	208	215
3	269	266	335
3	210	269	317
3	317	269	335
3	216	266	269
3	216	237	266
3	210	216	269
3	212	237	216
3	212	209	237
3	196	216	210
3	196	212	216
3	310	240	353
3	240	340	353
3	262	240	310
3	240	315	340
3	322	262	310
3	240	245	315
3	238	240	262
3	240	238	245
3	238	228	245
3	227	228	238
3	228	227	232
3	227	231	232
3	319	275	288
3	275	248	288
3	248	265	288
3	270	248	275
3	248	232	265
3	246	232	270
3	232	248	270
3	228	232	246
3	232	231	265
3	319	288	385
3	215	208	195
3	202	185	208
3	175	185	202
3	185	195	208
3	187	195	185
3	185	177	187
3	177	169	187
3	175	177	185
3	175	155	177
3	166	155	175
3	155	169	177
3	154	169	155
3	196	182	209
3	186	168	196
3	182	184	209
3	168	182	196
3	178	184	182
3	149	168	186
3	158	178	182
3	158	171	178
3	168	158	182
3	209	212	196
3	112	108	137
3	96	108	112
3	144	123	154
3	112	137	154
3	123	112	154
3	113	123	144
3	123	96	112
3	113	96	123
3	97	96	113
3	152	155	166
3	144	154	155
3	160	152	166
3	149	145	168
3	145	158	168
3	96	78	108
3	74	97	113
3	84	96	97
3	1189	1143	1307
3	1012	1142	1011
3	1278	1264	1270
3	708	691	795
3	453	506	524
3	335	266	370
3	463	456	505
3	437	426	462
3	288	265	321
3	190	175	202
3	174	166	175
3	195	179	203
3	187	179	195
3	179	193	203
3	187	180	179
3	179	183	193
3	169	180	187
3	164	181	180
3	181	179	180
3	181	173	179
3	170	183	179
3	170	163	183
3	173	170	179
3	170	153	163
3	183	199	206
3	183	206	193
3	199	183	200
3	183	176	200
3	163	176	183
3	163	125	176
3	125	188	176
3	191	186	210
3	188	172	205
3	200	176	205
3	176	188	205
3	172	186	191
3	188	157	172
3	172	157	186
3	95	110	122
3	100	114	110
3	102	114	100
3	161	147	159
3	147	133	159
3	108	147	137
3	108	128	147
3	128	133	147
3	128	95	133
3	108	83	128
3	95	122	133
3	78	83	108
3	88	110	95
3	83	95	128
3	91	131	125
3	91	127	131
3	111	121	127
3	91	101	127
3	101	111	127
3	101	94	111
3	94	99	111
3	157	149	186
3	131	157	188
3	125	131	188
3	121	149	157
3	131	127	157
3	127	121	157
3	121	111	129
3	88	100	110
3	88	54	100
3	100	54	102
3	33	54	88
3	63	33	88
3	33	23	54
3	83	73	95
3	95	73	88
3	73	63	88
3	78	73	83
3	60	73	78
3	58	63	73
3	60	31	73
3	31	58	73
3	57	44	60
3	58	10	63
3	44	31	60
3	39	56	72
3	64	39	72
3	34	42	52
3	68	94	101
3	94	72	99
3	64	72	94
3	68	64	94
3	52	64	68
3	42	39	64
3	52	42	64
3	10	33	63
3	31	21	58
3	24	31	44
3	21	31	24
3	20	21	24
3	26	24	44
3	30	20	38
3	20	26	38
3	20	24	26
3	17	20	18
3	20	17	21
3	42	35	39
3	34	35	42
3	35	30	39
3	18	35	34
3	18	30	35
3	18	20	30
3	1940	1948	1949
3	1940	1923	1948
3	1932	1956	1954
3	1932	1949	1956
3	1914	1932	1954
3	1938	1914	1954
3	1932	1940	1949
3	1932	1900	1940
3	1902	1932	1914
3	1900	1918	1940
3	1940	1917	1923
3	1918	1917	1940
3	1917	1901	1923
3	1888	1917	1918
3	1894	1888	1918
3	1888	1901	1917
3	1888	1875	1901
3	1875	1898	1901
3	1844	1871	1875
3	1902	1889	1932
3	1889	1900	1932
3	1900	1894	1918
3	1894	1900	1889
3	1889	1863	1894
3	1863	1838	1894
3	1894	1860	1888
3	1838	1860	1894
3	1908	1902	1914
3	1885	1902	1908
3	1878	1885	1908
3	1885	1889	1902
3	1877	1878	1908
3	1856	1889	1885
3	1856	1863	1889
3	1878	1861	1885
3	1861	1856	1885
3	1845	1863	1856
3	1855	1861	1878
3	1853	1855	1878
3	1860	1875	1888
3	1860	1844	1875
3	1835	1844	1860
3	1835	1821	1844
3	1823	1821	1835
3	1825	1860	1838
3	1845	1838	1863
3	1825	1835	1860
3	1839	1819	1845
3	1819	1838	1845
3	1825	1823	1835
3	1819	1825	1838
3	1819	1810	1825
3	1794	1823	1825
3	1803	1821	1823
3	1794	1803	1823
3	1805	1810	1819
3	1810	1794	1825
3	1846	1861	1855
3	1853	1831	1855
3	1846	1855	1831
3	1824	1832	1853
3	1853	1832	1831
3	1831	1818	1846
3	1798	1831	1832
3	1797	1818	1831
3	1824	1789	1832
3	1789	1798	1832
3	1798	1797	1831
3	1786	1794	1810
3	1805	1783	1810
3	1783	1786	1810
3	1786	1760	1794
3	1765	1786	1783
3	1765	1758	1786
3	1758	1760	1786
3	1765	1739	1758
3	1726	1739	1765
3	1781	1797	1798
3	1784	1781	1798
3	1789	1784	1798
3	1789	1766	1784
3	1784	1774	1781
3	1750	1774	1784
3	1774	1761	1781
3	1766	1750	1784
3	1750	1725	1774
3	1735	1750	1766
3	1744	1770	1748
3	1770	1744	1771
3	1744	1769	1771
3	1753	1746	1769
3	1744	1755	1769
3	1755	1753	1769
3	1755	1754	1753
3	1737	1733	1755
3	1733	1754	1755
3	1737	1713	1733
3	1714	1753	1754
3	1733	1714	1754
3	1700	1645	1682
3	1690	1618	1700
3	1618	1645	1700
3	1618	1690	1624
3	1618	1597	1645
3	1565	1618	1624
3	1521	1565	1624
3	1501	1597	1618
3	1565	1501	1618
3	1758	1717	1760
3	1726	1690	1739
3	1682	1758	1739
3	1690	1700	1739
3	1721	1758	1682
3	1700	1682	1739
3	1699	1721	1682
3	1750	1695	1725
3	1735	1684	1750
3	1684	1695	1750
3	1684	1628	1695
3	1614	1628	1684
3	1614	1605	1628
3	1557	1628	1605
3	1500	1557	1605
3	1525	1500	1605
3	1743	1679	1748
3	1652	1744	1748
3	1679	1625	1748
3	1718	1643	1679
3	1625	1652	1748
3	1625	1646	1652
3	1679	1562	1625
3	1562	1679	1643
3	1545	1562	1643
3	1562	1519	1625
3	1545	1491	1562
3	1713	1708	1733
3	1733	1708	1714
3	1708	1659	1714
3	1603	1659	1708
3	1661	1603	1708
3	1603	1612	1659
3	1642	1572	1661
3	1572	1603	1661
3	1603	1492	1612
3	1503	1603	1572
3	1449	1503	1572
3	1503	1492	1603
3	1520	1449	1572
3	1507	1489	1501
3	1507	1443	1489
3	1507	1289	1443
3	1289	1507	1462
3	1307	1289	1462
3	1254	1341	1289
3	1521	1507	1565
3	1507	1501	1565
3	1500	1510	1557
3	1556	1510	1548
3	1494	1500	1525
3	1494	1418	1500
3	1500	1458	1510
3	1535	1444	1545
3	1510	1458	1548
3	1307	1143	1289
3	186	196	210
3	111	99	129
3	1852	1845	1856
3	1848	1861	1846
3	1774	1725	1761
3	1769	1746	1771
3	1609	1521	1624
3	1695	1594	1725
3	1510	1556	1557
3	1535	1545	1643
3	1556	1548	1592
3	1718	1679	1743
3	1016	1042	1067
3	1046	1067	1109
3	1030	1016	1067
3	1030	1067	1046
3	1150	1227	1231
3	1167	1054	1231
3	1054	1150	1231
3	1054	1102	1150
3	1042	1054	1167
3	1042	940	1054
3	1016	940	1042
3	1102	1120	1150
3	1127	1239	1275
3	1419	1427	1563
3	1380	1330	1390
3	1694	1712	1730
3	1655	1631	1712
3	1911	1925	1999
3	1995	1994	1996
3	1990	1992	1994
3	964	950	1019
3	1202	1224	1291
3	1288	1202	1291
3	1224	1267	1304
3	1243	1202	1288
3	1309	1243	1288
3	1064	1007	1003
3	1076	1007	1064
3	1076	1064	1129
3	1064	1003	1127
3	1127	1003	1239
3	1129	1064	1266
3	1064	1127	1283
3	1266	1064	1283
3	1283	1321	1266
3	1283	1127	1331
3	873	959	1001
3	964	1019	1086
3	1086	1019	1001
3	964	1121	1053
3	964	1086	1121
3	1001	959	1124
3	1086	1001	1124
3	1144	1086	1124
3	1144	1169	1086
3	1086	1169	1205
3	1121	1086	1205
3	1121	1205	1315
3	1205	1169	1248
3	1168	1121	1315
3	1205	1248	1365
3	1271	1306	1336
3	1226	1311	1306
3	1306	1311	1386
3	1336	1306	1484
3	1484	1306	1452
3	1306	1386	1452
3	1452	1523	1549
3	1484	1452	1549
3	1578	1484	1549
3	1518	1484	1578
3	1549	1523	1577
3	1345	1224	1304
3	1224	1345	1291
3	1304	1267	1377
3	1304	1377	1345
3	1291	1345	1288
3	1288	1345	1456
3	1345	1377	1509
3	1377	1473	1509
3	1456	1345	1509
3	1456	1509	1513
3	1427	1456	1513
3	1509	1473	1600
3	1513	1509	1600
3	1342	1243	1309
3	1309	1288	1405
3	1342	1309	1405
3	1419	1342	1405
3	1405	1288	1427
3	1427	1288	1456
3	1419	1405	1427
3	1321	1283	1331
3	1266	1321	1320
3	1321	1383	1320
3	1316	1320	1382
3	1382	1320	1441
3	1320	1383	1441
3	1383	1321	1465
3	1461	1382	1441
3	1383	1465	1441
3	1174	1305	1382
3	1388	1332	1366
3	1174	1382	1366
3	1366	1382	1409
3	1367	1381	1366
3	1408	1367	1366
3	1366	1381	1388
3	1408	1366	1409
3	1409	1382	1461
3	1409	1461	1487
3	1408	1409	1487
3	1461	1441	1487
3	1286	1277	1332
3	1373	1332	1414
3	1332	1388	1439
3	1414	1332	1439
3	1439	1388	1455
3	1381	1380	1455
3	1455	1380	1390
3	1410	1414	1512
3	1390	1330	1499
3	1388	1381	1455
3	1512	1414	1439
3	1439	1455	1390
3	1512	1439	1390
3	1512	1390	1499
3	1168	1315	1310
3	1205	1365	1315
3	1310	1315	1365
3	1330	1310	1499
3	1310	1365	1564
3	1310	1564	1499
3	1549	1577	1639
3	1578	1549	1588
3	1588	1549	1639
3	1588	1639	1650
3	1639	1577	1698
3	1577	1669	1698
3	1650	1639	1673
3	1673	1639	1698
3	1697	1673	1698
3	1707	1674	1697
3	1697	1698	1727
3	1707	1697	1727
3	1707	1727	1730
3	1553	1654	1657
3	1654	1674	1707
3	1657	1654	1707
3	1657	1707	1712
3	1712	1707	1730
3	1563	1427	1513
3	1563	1513	1631
3	1600	1553	1657
3	1513	1600	1657
3	1631	1513	1657
3	1631	1657	1712
3	1892	1879	1906
3	1892	1906	1919
3	1906	1879	1999
3	1867	1892	1922
3	1886	1867	1922
3	1892	1919	1922
3	1896	1886	1922
3	1905	1896	1915
3	1913	1915	1931
3	1915	1896	1930
3	1931	1915	1930
3	1925	1910	1942
3	1999	1925	1906
3	1906	1925	1942
3	1906	1946	1919
3	1919	1946	1957
3	1906	1942	1946
3	1942	1952	1966
3	1946	1942	1966
3	1957	1946	1965
3	1896	1922	1933
3	1933	1922	1945
3	1945	1922	1962
3	1922	1919	1957
3	1922	1957	1962
3	1962	1957	1981
3	1981	1957	1965
3	1930	1896	1933
3	1930	1933	1950
3	1930	1950	1973
3	1933	1945	1950
3	1950	1945	1962
3	1973	1950	1980
3	1970	1950	1962
3	1950	1970	1980
3	1986	1973	1980
3	1980	1970	1985
3	1931	1930	1973
3	1941	1931	1953
3	1931	1973	1953
3	1941	1953	1961
3	1953	1973	1986
3	1961	1953	1979
3	1979	1953	1986
3	1962	1981	1991
3	1965	1995	1981
3	1981	1995	1991
3	1996	1991	1995
3	1979	1986	1987
3	1980	1985	1987
3	1986	1980	1987
3	1970	1962	1991
3	1985	1970	1993
3	1970	1991	1993
3	1985	1993	1992
3	1987	1985	1992
3	1993	1991	1996
3	1994	1992	1996
3	1992	1993	1996
3	1120	1088	1153
3	1088	1115	1153
3	1088	1108	1115
3	1108	1088	1123
3	1088	1083	1112
3	1102	1088	1120
3	1083	1088	1102
3	1253	1179	1319
3	1199	1179	1253
3	1213	1199	1253
3	1151	1179	1199
3	1151	1108	1179
3	1115	1151	1187
3	1151	1115	1108
3	1213	1322	1338
3	1197	1213	1209
3	982	906	1033
3	896	906	982
3	896	800	906
3	906	976	1043
3	906	787	976
3	787	883	976
3	800	787	906
3	779	800	896
3	957	840	981
3	840	850	981
3	840	742	850
3	992	915	1046
3	915	1030	1046
3	981	850	992
3	850	915	992
3	780	847	915
3	850	780	915
3	910	1030	933
3	910	1016	1030
3	915	933	1030
3	847	933	915
3	833	910	933
3	833	853	910
3	847	833	933
3	833	735	853
3	847	748	833
3	735	836	853
3	1016	910	940
3	921	912	916
3	853	940	910
3	853	836	940
3	912	864	916
3	876	918	916
3	864	876	916
3	836	864	912
3	864	722	876
3	722	773	876
3	836	722	864
3	874	801	918
3	872	921	916
3	872	916	801
3	801	916	918
3	880	874	918
3	876	880	918
3	869	874	880
3	822	874	869
3	822	801	874
3	787	650	883
3	779	787	800
3	650	698	883
3	662	650	787
3	779	690	787
3	690	662	787
3	690	652	662
3	690	610	652
3	662	629	650
3	652	629	662
3	603	652	610
3	603	629	652
3	603	554	629
3	650	607	698
3	629	607	650
3	607	591	654
3	629	532	607
3	607	531	591
3	532	531	607
3	554	532	629
3	536	554	603
3	702	840	771
3	714	742	840
3	702	714	840
3	627	714	702
3	714	706	742
3	627	706	714
3	627	546	706
3	645	627	702
3	568	546	627
3	627	480	568
3	567	627	645
3	567	480	627
3	847	756	748
3	780	756	847
3	742	780	850
3	742	706	780
3	706	756	780
3	609	748	756
3	609	697	748
3	609	582	697
3	706	546	756
3	558	609	756
3	546	558	756
3	748	735	833
3	723	836	735
3	697	735	748
3	697	663	735
3	663	723	735
3	582	663	697
3	588	681	723
3	588	522	681
3	582	501	663
3	501	588	663
3	588	501	468
3	723	722	836
3	725	801	822
3	757	725	822
3	625	725	757
3	625	640	725
3	799	757	822
3	755	625	757
3	638	625	755
3	704	638	755
3	541	625	638
3	625	541	640
3	541	606	640
3	572	541	638
3	536	532	554
3	536	464	532
3	531	438	591
3	500	531	532
3	500	438	531
3	464	500	532
3	404	500	464
3	500	404	438
3	438	465	591
3	438	397	465
3	404	371	438
3	397	402	465
3	465	402	425
3	371	361	438
3	361	397	438
3	291	398	402
3	397	348	402
3	348	291	402
3	361	348	397
3	291	296	398
3	393	376	416
3	393	337	376
3	380	254	393
3	254	337	393
3	229	254	380
3	498	480	567
3	416	480	498
3	480	430	479
3	403	480	416
3	403	430	480
3	416	376	403
3	317	376	337
3	317	403	376
3	480	479	568
3	468	522	588
3	421	468	501
3	468	459	522
3	405	340	421
3	315	468	421
3	468	326	459
3	326	412	459
3	340	315	421
3	315	326	468
3	326	329	412
3	280	354	351
3	351	354	390
3	354	341	362
3	341	327	362
3	365	364	384
3	365	384	323
3	363	290	327
3	365	327	364
3	327	365	363
3	473	541	572
3	473	503	541
3	473	454	503
3	379	388	473
3	384	454	473
3	388	384	473
3	312	388	379
3	323	384	388
3	347	312	379
3	312	323	388
3	423	473	572
3	423	379	473
3	361	235	348
3	217	291	348
3	235	217	348
3	215	195	217
3	217	203	206
3	195	203	217
3	206	296	291
3	296	229	380
3	253	229	296
3	217	206	291
3	206	253	296
3	221	229	253
3	206	199	253
3	199	221	253
3	199	200	221
3	193	206	203
3	219	317	337
3	225	219	337
3	254	225	337
3	229	221	254
3	221	225	254
3	221	205	225
3	205	172	225
3	191	219	225
3	191	210	219
3	172	191	225
3	200	205	221
3	317	219	210
3	329	263	351
3	263	280	351
3	263	329	326
3	228	280	263
3	245	263	326
3	246	341	354
3	275	319	327
3	275	327	341
3	280	246	354
3	246	275	341
3	270	275	246
3	228	246	280
3	319	364	327
3	169	164	180
3	169	167	164
3	169	161	167
3	137	161	169
3	137	147	161
3	940	1034	1054
3	1108	1175	1179
3	912	927	940
3	912	921	927
3	655	610	690
3	537	582	609
3	403	335	430
3	503	534	541
3	242	235	361
3	315	245	326
3	245	228	263
3	169	154	137
3	370	308	400
3	266	308	370
3	446	456	463
3	440	434	463
3	434	446	463
3	434	444	446
3	444	448	446
3	387	434	440
3	434	370	444
3	370	400	444
3	387	370	434
3	456	437	462
3	456	446	437
3	446	448	437
3	441	448	460
3	448	441	437
3	426	437	441
3	399	426	441
3	392	399	441
3	399	396	426
3	396	419	426
3	396	399	392
3	392	375	396
3	414	381	392
3	381	375	392
3	375	322	396
3	322	310	396
3	452	476	563
3	339	413	476
3	445	321	339
3	452	339	476
3	445	452	534
3	445	339	452
3	344	268	306
3	236	268	344
3	236	230	268
3	220	236	260
3	220	230	236
3	220	213	230
3	213	222	230
3	207	220	252
3	207	233	218
3	207	223	220
3	213	220	223
3	207	197	223
3	226	224	256
3	258	226	256
3	211	224	226
3	237	214	226
3	204	214	237
3	209	204	237
3	214	211	226
3	211	218	224
3	211	207	218
3	266	258	308
3	258	301	308
3	258	256	301
3	266	226	258
3	237	226	266
3	381	322	375
3	262	322	381
3	272	262	381
3	234	238	262
3	272	381	311
3	255	311	386
3	257	255	386
3	272	234	262
3	255	272	311
3	255	234	272
3	231	234	255
3	231	255	257
3	227	238	234
3	231	227	234
3	321	265	339
3	265	257	339
3	231	257	265
3	190	202	213
3	190	213	223
3	197	190	223
3	201	197	207
3	194	197	201
3	194	192	197
3	192	190	197
3	194	189	192
3	174	175	190
3	192	174	190
3	171	192	189
3	192	160	174
3	171	150	192
3	150	160	192
3	143	150	171
3	160	166	174
3	201	207	211
3	198	211	214
3	204	198	214
3	198	201	211
3	184	198	204
3	209	184	204
3	198	194	201
3	184	194	198
3	184	178	194
3	194	178	189
3	178	171	189
3	158	143	171
3	1763	1734	1762
3	1772	1763	1762
3	1757	1751	1763
3	1751	1734	1763
3	1723	1734	1751
3	1724	1762	1734
3	1742	1751	1757
3	1742	1731	1751
3	1586	1533	1658
3	1533	1656	1658
3	1724	1710	1762
3	1649	1724	1734
3	1658	1710	1724
3	1649	1658	1724
3	1649	1586	1658
3	1731	1723	1751
3	1728	1731	1742
3	1728	1719	1731
3	1701	1719	1728
3	1693	1723	1731
3	1719	1693	1731
3	1611	1693	1719
3	1611	1558	1693
3	1701	1611	1719
3	1630	1598	1701
3	1598	1611	1701
3	1630	1569	1598
3	1569	1387	1598
3	1542	1593	1607
3	1583	1542	1607
3	1542	1566	1593
3	1542	1531	1566
3	1716	1635	1722
3	1635	1672	1722
3	1670	1678	1672
3	1635	1596	1672
3	1583	1607	1670
3	1672	1583	1670
3	1595	1596	1635
3	1596	1583	1672
3	1528	1596	1595
3	1635	1716	1711
3	1675	1635	1711
3	1675	1595	1635
3	1651	1480	1675
3	1480	1595	1675
3	1622	1480	1651
3	1372	1595	1480
3	1485	1480	1622
3	1506	1485	1622
3	1460	1403	1533
3	1333	1403	1460
3	1370	1333	1460
3	1339	1403	1333
3	1460	1533	1586
3	1442	1387	1569
3	1561	1529	1569
3	1529	1442	1569
3	1529	1472	1442
3	1481	1517	1566
3	1531	1481	1566
3	1517	1472	1529
3	1481	1472	1517
3	1399	1481	1531
3	1481	1426	1472
3	1399	1426	1481
3	1505	1531	1542
3	1505	1542	1583
3	1505	1399	1531
3	1400	1399	1505
3	1445	1420	1505
3	1420	1327	1505
3	1327	1400	1505
3	1528	1583	1596
3	1372	1528	1595
3	1528	1505	1583
3	1445	1505	1528
3	1467	1372	1480
3	1364	1375	1485
3	1375	1467	1480
3	1485	1375	1480
3	1192	1259	1375
3	1219	1192	1375
3	1364	1219	1375
3	1506	1398	1485
3	1398	1364	1485
3	1368	1302	1398
3	1130	1364	1398
3	1302	1130	1398
3	1130	1219	1364
3	1333	1166	1339
3	1166	1333	1370
3	1070	1105	1339
3	1166	1070	1339
3	963	1070	1166
3	1029	1105	1070
3	990	1029	1070
3	990	1070	963
3	1154	1192	1219
3	1154	1126	1192
3	1103	1219	1130
3	1047	1154	1219
3	1154	1047	1126
3	1103	1047	1219
3	1047	1059	1126
3	1080	1018	1103
3	1018	1047	1103
3	1047	1013	1059
3	1018	1013	1047
3	1013	1041	1059
3	812	977	1029
3	990	770	1029
3	770	812	1029
3	812	928	977
3	963	770	990
3	812	790	928
3	824	812	770
3	824	772	812
3	785	1013	1018
3	1013	980	1041
3	961	932	1018
3	932	785	1018
3	879	980	1013
3	785	879	1013
3	879	948	980
3	932	861	785
3	879	891	948
3	750	879	785
3	879	760	891
3	760	813	875
3	750	760	879
3	772	544	812
3	544	790	812
3	646	772	824
3	646	544	772
3	542	544	646
3	760	765	813
3	750	564	760
3	760	711	765
3	564	711	760
3	586	564	750
3	415	564	586
3	691	750	785
3	691	586	750
3	691	573	586
3	474	544	542
3	389	474	542
3	474	475	544
3	474	418	475
3	471	569	576
3	392	441	460
3	355	311	381
3	711	478	615
3	528	478	711
3	564	528	711
3	573	415	586
3	476	413	573
3	413	415	573
3	339	386	413
3	252	220	264
3	233	207	252
3	218	233	259
3	1515	1460	1586
3	1372	1445	1528
3	1375	1259	1467
3	760	875	891
3	711	615	765
3	661	557	694
3	612	557	661
3	567	645	694
3	557	567	694
3	557	498	567
3	722	681	773
3	539	773	681
3	539	642	773
3	539	529	642
3	522	539	681
3	777	803	810
3	745	777	810
3	767	745	810
3	642	745	767
3	773	642	767
3	642	633	745
3	608	633	642
3	642	529	608
3	608	553	633
3	529	521	608
3	521	492	608
3	271	293	305
3	305	293	342
3	435	401	466
3	512	466	543
3	439	432	457
3	457	432	552
3	631	618	677
3	766	726	817
3	675	726	747
3	710	675	727
3	674	611	707
3	630	674	796
3	674	752	796
3	956	1007	1076
3	752	941	855
3	1124	959	1063
3	1176	1124	1063
3	283	373	300
3	287	283	300
3	334	287	300
3	373	283	349
3	279	271	305
3	279	305	314
3	287	303	283
3	283	303	349
3	305	304	314
3	304	305	303
3	303	305	342
3	303	342	349
3	279	261	271
3	251	261	279
3	251	279	281
3	281	279	328
3	314	304	369
3	281	328	356
3	300	373	409
3	373	349	435
3	422	334	300
3	409	373	435
3	333	334	455
3	300	409	422
3	334	422	455
3	409	435	512
3	422	409	517
3	435	466	512
3	422	517	455
3	517	409	512
3	512	547	517
3	349	342	401
3	349	401	435
3	328	279	377
3	377	279	314
3	328	377	391
3	391	377	493
3	356	328	391
3	432	356	391
3	350	356	432
3	350	432	439
3	432	391	472
3	472	391	510
3	510	391	493
3	472	523	432
3	523	472	510
3	432	523	552
3	523	510	592
3	552	523	593
3	523	592	593
3	457	552	533
3	583	488	496
3	455	517	619
3	517	547	619
3	619	547	632
3	512	543	618
3	547	512	618
3	632	547	618
3	618	631	664
3	632	618	664
3	632	664	700
3	664	631	703
3	670	664	703
3	631	677	730
3	703	631	730
3	555	649	580
3	649	622	670
3	589	580	699
3	649	670	703
3	589	699	693
3	703	746	649
3	703	730	746
3	580	649	746
3	580	746	699
3	699	746	789
3	751	699	818
3	751	693	699
3	699	789	818
3	510	493	592
3	592	493	589
3	533	552	668
3	552	593	668
3	593	592	589
3	668	593	682
3	593	589	693
3	593	693	724
3	682	593	724
3	682	724	759
3	751	724	693
3	759	724	751
3	782	762	832
3	766	762	747
3	762	815	878
3	832	762	878
3	762	766	815
3	815	766	849
3	766	817	849
3	727	675	747
3	727	747	761
3	726	766	747
3	727	761	769
3	747	762	761
3	762	806	761
3	769	761	846
3	761	806	837
3	846	761	863
3	710	727	769
3	752	707	811
3	707	710	811
3	710	769	811
3	811	769	848
3	583	630	549
3	583	496	674
3	630	583	674
3	674	496	611
3	549	630	701
3	549	488	583
3	905	893	955
3	993	905	955
3	893	956	955
3	893	952	956
3	993	955	997
3	955	956	997
3	993	997	1023
3	997	956	1076
3	815	849	878
3	878	849	893
3	893	849	952
3	878	893	905
3	761	837	863
3	846	863	926
3	973	926	984
3	973	984	1024
3	752	811	848
3	941	752	848
3	848	769	846
3	848	846	973
3	846	926	973
3	941	848	973
3	855	941	959
3	941	973	1024
3	1225	1271	1281
3	1281	1271	1337
3	1281	1337	1360
3	1240	1184	1252
3	1184	1211	1252
3	1225	1262	1252
3	1194	1225	1281
3	1262	1240	1252
3	1225	1252	1271
3	1252	1211	1271
3	1131	1184	1133
3	1184	1240	1133
3	1133	1204	1203
3	1204	1133	1240
3	1203	1204	1241
3	1203	1241	1260
3	1260	1241	1300
3	1241	1204	1300
3	1204	1240	1299
3	1300	1204	1299
3	1300	1299	1317
3	1203	1260	1221
3	1221	1260	1285
3	1247	1221	1285
3	1260	1300	1285
3	1285	1300	1350
3	1267	1247	1335
3	1023	997	1052
3	997	1076	1062
3	997	1062	1090
3	1062	1076	1129
3	1090	1062	1116
3	1116	1062	1135
3	1135	1062	1129
3	1090	1116	1148
3	1148	1116	1135
3	1191	1135	1129
3	1148	1135	1191
3	1191	1129	1266
3	1148	1191	1230
3	1230	1191	1256
3	1242	1191	1266
3	1191	1242	1256
3	1246	1230	1256
3	1117	1022	1060
3	1096	1117	1178
3	1282	1096	1178
3	1117	1060	1246
3	1178	1117	1280
3	1117	1246	1256
3	1117	1256	1280
3	1178	1280	1316
3	1256	1242	1280
3	1024	984	1096
3	1024	1096	1084
3	941	1024	1136
3	959	941	1136
3	1084	1096	1137
3	1024	1084	1136
3	1063	959	1136
3	1136	1084	1162
3	1136	1162	1174
3	1084	1137	1162
3	1137	1096	1282
3	1137	1282	1162
3	1063	1136	1174
3	1305	1162	1282
3	1174	1162	1305
3	1063	1174	1277
3	1124	1176	1144
3	1169	1144	1248
3	1176	1063	1277
3	1144	1286	1373
3	1144	1176	1286
3	1176	1277	1286
3	1312	1281	1360
3	1312	1360	1394
3	1360	1337	1415
3	1337	1336	1415
3	1360	1415	1428
3	1394	1360	1428
3	1415	1336	1484
3	1312	1394	1543
3	1547	1428	1415
3	1394	1428	1547
3	1415	1484	1518
3	1415	1518	1547
3	1337	1271	1336
3	1317	1374	1396
3	1396	1374	1430
3	1247	1285	1335
3	1350	1300	1317
3	1350	1317	1396
3	1335	1285	1350
3	1267	1335	1401
3	679	704	728
3	665	728	739
3	665	679	728
3	638	704	679
3	599	679	665
3	518	638	679
3	599	518	679
3	518	572	638
3	599	484	518
3	425	508	556
3	545	465	556
3	465	425	556
3	508	443	502
3	402	398	443
3	436	550	623
3	502	436	623
3	436	495	550
3	443	436	502
3	495	380	482
3	380	495	436
3	296	380	436
3	398	436	443
3	398	296	436
3	482	511	577
3	482	393	511
3	393	416	511
3	380	393	482
3	511	557	612
3	511	498	557
3	511	416	498
3	539	469	529
3	412	539	522
3	412	469	539
3	469	431	529
3	469	351	431
3	351	390	431
3	329	351	469
3	492	553	608
3	431	521	529
3	521	442	492
3	424	442	521
3	431	390	521
3	390	424	521
3	390	354	424
3	424	324	442
3	324	338	442
3	362	324	424
3	362	290	324
3	363	292	290
3	484	423	518
3	347	379	423
3	366	347	423
3	366	423	484
3	313	347	366
3	491	484	599
3	491	395	484
3	395	366	484
3	290	267	324
3	249	312	347
3	323	277	292
3	312	277	323
3	249	277	312
3	243	292	277
3	243	290	292
3	243	267	290
3	249	239	277
3	239	243	277
3	330	313	366
3	313	249	347
3	286	313	330
3	250	249	313
3	286	250	313
3	167	148	164
3	162	173	181
3	146	181	164
3	146	162	181
3	162	165	173
3	165	170	173
3	165	153	170
3	103	126	120
3	114	103	120
3	102	89	103
3	132	114	120
3	126	136	120
3	120	136	132
3	122	110	132
3	110	114	132
3	103	118	126
3	102	103	114
3	103	87	118
3	87	86	118
3	167	159	148
3	148	140	151
3	141	148	159
3	141	140	148
3	140	135	151
3	104	140	141
3	133	136	141
3	136	133	132
3	136	104	141
3	122	132	133
3	104	135	140
3	126	104	136
3	118	104	126
3	104	107	135
3	79	104	118
3	148	151	164
3	151	146	164
3	135	146	151
3	107	146	135
3	107	124	146
3	107	98	124
3	80	98	107
3	146	156	162
3	162	134	165
3	139	153	165
3	156	134	162
3	134	139	165
3	146	124	156
3	124	119	156
3	119	134	156
3	124	98	119
3	119	93	134
3	93	115	134
3	93	90	115
3	98	93	119
3	138	125	163
3	153	138	163
3	139	138	153
3	134	115	139
3	139	109	138
3	139	115	109
3	125	138	109
3	115	85	109
3	90	85	115
3	102	76	89
3	103	82	87
3	89	82	103
3	82	69	87
3	76	82	89
3	76	51	82
3	51	69	82
3	59	51	76
3	47	25	59
3	25	51	59
3	46	51	25
3	25	43	46
3	86	79	118
3	77	79	86
3	54	76	102
3	54	59	76
3	54	47	59
3	23	47	54
3	104	65	107
3	79	65	104
3	65	81	107
3	81	80	107
3	80	93	98
3	48	90	93
3	55	67	90
3	48	55	90
3	55	34	67
3	34	52	67
3	40	55	48
3	40	34	55
3	85	91	109
3	90	67	85
3	85	68	91
3	67	68	85
3	52	68	67
3	25	14	43
3	23	13	47
3	13	25	47
3	33	15	23
3	13	14	25
3	15	13	23
3	13	11	14
3	2	13	15
3	4	11	13
3	2	4	13
3	2	0	4
3	21	7	10
3	19	7	21
3	5	19	16
3	7	19	5
3	10	2	15
3	7	2	10
3	5	1	7
3	1	2	7
3	0	2	1
3	28	27	40
3	16	28	36
3	16	19	28
3	17	18	27
3	28	19	27
3	19	17	27
3	17	19	21
3	27	34	40
3	27	18	34
3	1927	1955	1935
3	1936	1944	1927
3	1948	1923	1921
3	1927	1935	1921
3	1971	1968	1974
3	1967	1971	1974
3	1964	1974	1968
3	1964	1960	1974
3	1960	1955	1974
3	1968	1948	1964
3	1949	1948	1968
3	1935	1955	1960
3	1948	1960	1964
3	1948	1935	1960
3	1948	1921	1935
3	1956	1968	1971
3	1949	1968	1956
3	1967	1959	1971
3	1959	1956	1971
3	1951	1956	1959
3	1951	1954	1956
3	1943	1951	1959
3	1927	1909	1936
3	645	771	805
3	771	645	702
3	723	681	722
3	757	799	755
3	425	402	443
3	459	412	522
3	329	469	412
3	354	362	424
3	327	290	362
3	323	292	363
3	518	423	572
3	161	159	167
3	133	141	159
3	109	91	125
3	91	68	101
3	15	33	10
3	58	21	10
3	1524	1552	1541
3	1523	1541	1577
3	1367	1380	1381
3	1303	1330	1380
3	1348	1297	1379
3	1297	1326	1379
3	1367	1303	1380
3	1476	1477	1522
3	1379	1476	1450
3	1408	1487	1477
3	1476	1326	1477
3	1379	1326	1476
3	1367	1408	1477
3	1326	1367	1477
3	1348	1379	1450
3	1477	1495	1522
3	1487	1495	1477
3	1495	1465	1486
3	1441	1465	1495
3	1487	1441	1495
3	1465	1389	1486
3	1389	1422	1486
3	1321	1389	1465
3	1331	1334	1389
3	1321	1331	1389
3	1482	1448	1534
3	1469	1482	1534
3	1469	1328	1482
3	1422	1334	1469
3	1328	1448	1482
3	1334	1328	1469
3	1334	1422	1389
3	1334	1261	1328
3	1331	1275	1334
3	1448	1502	1534
3	1502	1479	1526
3	1479	1391	1526
3	1448	1353	1502
3	1353	1479	1502
3	1356	1391	1479
3	1353	1356	1479
3	1328	1353	1448
3	1353	1272	1356
3	1328	1308	1353
3	1526	1391	1474
3	1474	1355	1475
3	1354	1355	1474
3	1235	1474	1391
3	1235	1354	1474
3	1497	1359	1454
3	1385	1359	1497
3	1329	1437	1454
3	1359	1329	1454
3	1349	1437	1329
3	1231	1227	1359
3	1329	1359	1227
3	1454	1437	1550
3	1437	1544	1550
3	1544	1437	1563
3	1437	1419	1563
3	1342	1419	1437
3	1349	1342	1437
3	1257	1349	1329
3	1523	1478	1541
3	1478	1524	1541
3	1478	1361	1524
3	1323	1361	1478
3	1386	1323	1478
3	1386	1311	1323
3	1386	1478	1523
3	1452	1386	1523
3	1303	1228	1330
3	1228	1310	1330
3	1326	1303	1367
3	1206	1326	1297
3	1206	1303	1326
3	1310	1228	1168
3	1159	1206	1297
3	1206	1228	1303
3	1050	1228	1206
3	1159	1050	1206
3	1050	1168	1228
3	1168	1053	1121
3	1050	1053	1168
3	1043	1159	1152
3	1043	1050	1159
3	1050	971	1053
3	1127	1275	1331
3	1261	1308	1328
3	1334	1275	1261
3	1275	1239	1261
3	1058	1308	1261
3	1239	1058	1261
3	1058	1177	1308
3	1003	1058	1239
3	1003	974	1058
3	1308	1272	1353
3	1177	1272	1308
3	1055	1087	1272
3	1177	1055	1272
3	1058	1032	1177
3	1032	1055	1177
3	1058	974	1032
3	1356	1235	1391
3	1186	1210	1354
3	1069	1235	1356
3	1272	1087	1356
3	1087	1069	1356
3	1235	1161	1354
3	1161	1186	1354
3	1069	1161	1235
3	1161	1031	1186
3	1031	1066	1186
3	1069	1031	1161
3	1004	1031	1069
3	1055	991	1087
3	991	1069	1087
3	991	1004	1069
3	1035	957	981
3	1227	1257	1329
3	1120	1257	1227
3	1257	1342	1349
3	1257	1243	1342
3	1215	1243	1257
3	1243	1188	1202
3	1215	1188	1243
3	1187	1196	1215
3	1120	1215	1257
3	1120	1153	1215
3	1153	1187	1215
3	1188	1180	1202
3	1196	1188	1215
3	1190	1196	1199
3	1187	1199	1196
3	1156	1196	1190
3	1156	1188	1196
3	1156	1180	1188
3	1156	1107	1180
3	1107	1145	1180
3	1213	1147	1190
3	1147	1213	1197
3	1147	1156	1190
3	1158	1147	1197
3	1158	1197	1209
3	1147	1107	1156
3	1095	1147	1158
3	1107	1111	1145
3	1095	1107	1147
3	1107	1091	1111
3	1091	1107	1095
3	1095	1093	1091
3	1101	1095	1158
3	1093	1095	1101
3	1323	1183	1361
3	1183	1268	1361
3	1311	1183	1323
3	1222	1183	1311
3	1222	1181	1183
3	1183	1209	1268
3	1101	1158	1209
3	1183	1101	1209
3	1181	1101	1183
3	1132	1101	1181
3	1043	976	1050
3	976	971	1050
3	971	964	1053
3	976	919	971
3	914	964	971
3	867	914	971
3	919	867	971
3	883	919	976
3	867	845	914
3	883	776	919
3	776	867	919
3	698	776	883
3	776	734	867
3	867	775	845
3	922	1998	974
3	922	754	1998
3	909	754	922
3	754	721	1998
3	934	991	1055
3	1032	967	1055
3	974	967	1032
3	967	934	1055
3	974	1998	967
3	858	934	967
3	870	858	967
3	1998	870	967
3	858	859	934
3	721	870	1998
3	858	719	859
3	719	858	870
3	719	720	859
3	721	672	870
3	1004	991	978
3	901	1031	1004
3	901	899	1031
3	978	901	1004
3	934	859	991
3	859	978	991
3	856	901	978
3	859	856	978
3	856	771	901
3	805	856	859
3	720	805	859
3	805	771	856
3	1031	899	1035
3	899	957	1035
3	899	840	957
3	771	899	901
3	829	869	880
3	876	829	880
3	829	810	869
3	767	810	829
3	767	829	876
3	851	841	862
3	851	799	869
3	799	822	869
3	810	851	869
3	843	854	842
3	799	862	842
3	842	841	843
3	862	841	842
3	799	851	862
3	704	854	830
3	854	755	842
3	704	755	854
3	827	830	854
3	827	854	843
3	734	775	867
3	776	744	734
3	776	716	744
3	667	734	744
3	734	678	775
3	716	667	744
3	667	678	734
3	624	678	667
3	601	624	667
3	601	530	624
3	716	776	698
3	698	654	716
3	667	716	636
3	636	643	667
3	716	594	636
3	643	601	667
3	591	594	716
3	591	716	654
3	636	594	628
3	594	545	628
3	591	465	594
3	715	741	781
3	715	713	741
3	713	695	741
3	695	666	741
3	620	695	713
3	695	626	666
3	626	602	666
3	695	556	626
3	620	556	695
3	502	602	626
3	556	508	626
3	545	620	628
3	508	502	626
3	545	556	620
3	781	754	909
3	781	666	754
3	741	666	781
3	602	623	666
3	623	754	666
3	623	721	754
3	721	623	672
3	623	550	672
3	550	574	672
3	602	502	623
3	672	719	870
3	671	719	672
3	671	661	720
3	719	671	720
3	612	661	671
3	577	671	672
3	577	612	671
3	574	577	672
3	577	511	612
3	720	661	805
3	694	645	805
3	661	694	805
3	773	767	876
3	803	841	851
3	803	851	810
3	755	799	842
3	712	739	830
3	739	728	830
3	728	704	830
3	465	545	594
3	550	495	574
3	495	482	574
3	574	482	577
3	1459	1522	1539
3	1476	1522	1459
3	1450	1476	1459
3	1231	1359	1385
3	1035	1066	1031
3	1150	1120	1227
3	1153	1115	1187
3	1190	1199	1213
3	1199	1187	1151
3	771	840	899
3	607	654	698
3	1938	1954	1951
3	1934	1939	1951
3	1934	1951	1943
3	1939	1938	1951
3	1939	1924	1938
3	1920	1924	1939
3	1924	1914	1938
3	1934	1920	1939
3	1936	1907	1929
3	1887	1907	1936
3	1903	1887	1936
3	1923	1891	1921
3	1909	1903	1936
3	1898	1891	1923
3	1921	1909	1927
3	1891	1909	1921
3	1890	1903	1909
3	1873	1890	1909
3	1890	1887	1903
3	1873	1909	1891
3	1882	1887	1890
3	1891	1854	1873
3	1873	1864	1890
3	1871	1891	1875
3	1871	1854	1891
3	1904	1920	1934
3	1908	1914	1924
3	1912	1924	1920
3	1912	1908	1924
3	1866	1912	1920
3	1895	1866	1920
3	1552	1574	1641
3	1641	1662	1664
3	1474	1475	1608
3	1587	1608	1686
3	1686	1741	1696
3	1720	1681	1747
3	1539	1522	1666
3	1689	1621	1709
3	1696	1741	1759
3	1837	1813	1826
3	1859	1857	1866
3	1895	1920	1904
3	1955	1927	1958
3	1927	1944	1958
3	1944	1936	1929
3	36	28	37
3	16	36	22
3	0	8	4
3	1568	1497	1454
3	1495	1486	1554
3	1577	1541	1590
3	1541	1552	1590
3	1577	1590	1669
3	1590	1552	1647
3	1590	1647	1669
3	1669	1647	1727
3	1698	1669	1727
3	1552	1641	1660
3	1552	1660	1647
3	1647	1660	1727
3	1641	1664	1660
3	1664	1694	1660
3	1727	1660	1694
3	1727	1694	1730
3	1563	1631	1655
3	1584	1563	1640
3	1640	1563	1655
3	1584	1640	1653
3	1653	1640	1662
3	1664	1640	1655
3	1640	1664	1662
3	1664	1655	1694
3	1694	1655	1712
3	1544	1563	1584
3	1582	1550	1544
3	1582	1544	1584
3	1584	1653	1680
3	1582	1584	1677
3	1677	1584	1680
3	1582	1677	1687
3	1454	1550	1582
3	1626	1454	1582
3	1568	1454	1626
3	1626	1582	1687
3	1474	1608	1587
3	1526	1474	1587
3	1534	1502	1601
3	1502	1526	1685
3	1601	1502	1685
3	1526	1587	1686
3	1648	1601	1685
3	1526	1686	1696
3	1685	1526	1696
3	1648	1685	1696
3	1422	1469	1589
3	1469	1534	1589
3	1486	1422	1589
3	1534	1601	1648
3	1589	1534	1648
3	1554	1486	1589
3	1554	1589	1681
3	1554	1681	1621
3	1681	1589	1729
3	1589	1648	1729
3	1621	1681	1720
3	1729	1648	1696
3	1709	1621	1720
3	1681	1729	1747
3	1747	1729	1759
3	1729	1696	1759
3	1495	1554	1621
3	1522	1495	1621
3	1666	1522	1621
3	1813	1837	1830
3	1837	1826	1868
3	1868	1826	1859
3	1830	1837	1847
3	1826	1857	1859
3	1847	1837	1868
3	1815	1809	1816
3	1815	1816	1828
3	1828	1816	1830
3	1830	1816	1813
3	1828	1830	1847
3	1809	1815	1817
3	1817	1815	1827
3	1817	1827	1840
3	1827	1815	1833
3	1834	1815	1828
3	1833	1815	1834
3	1817	1840	1843
3	1842	1827	1833
3	1840	1827	1842
3	1833	1834	1851
3	1833	1851	1842
3	1834	1879	1851
3	1843	1840	1864
3	1864	1840	1862
3	1862	1840	1867
3	1840	1842	1867
3	1884	1868	1893
3	1868	1859	1893
3	1893	1859	1895
3	1847	1868	1884
3	1893	1895	1904
3	1910	1884	1893
3	1893	1904	1926
3	1910	1893	1926
3	1828	1847	1911
3	1834	1828	1879
3	1828	1911	1879
3	1911	1847	1884
3	1879	1911	1999
3	1911	1884	1910
3	1925	1911	1910
3	1842	1851	1879
3	1867	1842	1879
3	1886	1862	1867
3	1881	1864	1862
3	1881	1862	1883
3	1881	1883	1880
3	1881	1880	1882
3	1864	1881	1890
3	1883	1862	1886
3	1890	1881	1882
3	1867	1879	1892
3	1869	1883	1886
3	1869	1874	1876
3	1880	1876	1882
3	1869	1876	1880
3	1876	1874	1882
3	1874	1870	1882
3	1882	1870	1887
3	1869	1880	1883
3	1870	1997	1897
3	1874	1869	1896
3	1887	1870	1897
3	1869	1886	1896
3	1897	1997	1899
3	1997	1874	1905
3	1874	1896	1905
3	1907	1887	1897
3	1997	1905	1916
3	1899	1997	1916
3	1907	1897	1899
3	1916	1905	1913
3	1913	1905	1915
3	1899	1916	1928
3	1907	1899	1929
3	1874	1997	1870
3	1916	1913	1928
3	1926	1904	1937
3	1937	1904	1934
3	1937	1934	1943
3	1942	1910	1926
3	1952	1942	1926
3	1952	1926	1937
3	1952	1937	1963
3	1937	1943	1963
3	1966	1952	1963
3	1943	1959	1967
3	1963	1943	1967
3	1975	1963	1967
3	1946	1966	1976
3	1978	1955	1969
3	1974	1955	1978
3	1946	1976	1965
3	1966	1963	1976
3	1975	1967	1974
3	1974	1978	1975
3	1965	1976	1982
3	1978	1969	1976
3	1976	1969	1982
3	1978	1963	1975
3	1963	1978	1976
3	1969	1955	1958
3	1944	1984	1958
3	1944	1977	1984
3	1929	1899	1928
3	1929	1928	1947
3	1928	1941	1961
3	1944	1929	1972
3	1929	1947	1972
3	1928	1961	1947
3	1944	1972	1977
3	1947	1961	1983
3	1972	1947	1977
3	1913	1931	1928
3	1928	1931	1941
3	1965	1982	1995
3	1969	1958	1988
3	1958	1984	1988
3	1982	1969	1989
3	1969	1988	1989
3	1982	1989	1995
3	1988	1984	1989
3	1984	1990	1994
3	1984	1994	1989
3	1989	1994	1995
3	1983	1961	1979
3	1947	1983	1977
3	1983	1979	1987
3	1983	1987	1990
3	1977	1983	1990
3	1984	1977	1990
3	1990	1987	1992
3	3	0	1
3	3	1	6
3	1	5	6
3	3	6	12
3	3	12	9
3	6	22	12
3	6	5	16
3	6	16	22
3	32	9	12
3	12	22	29
3	8	0	3
3	8	3	9
3	4	8	11
3	11	8	9
3	11	9	32
3	14	11	32
3	1866	1872	1912
3	1872	1908	1912
3	1859	1866	1895
3	1857	1872	1866
3	1858	1877	1872
3	1858	1865	1877
3	1865	1853	1877
3	1873	1854	1864
3	1854	1843	1864
3	1836	1843	1854
3	1836	1854	1871
3	1844	1836	1871
3	1822	1836	1844
3	1836	1817	1843
3	1821	1822	1844
3	1822	1817	1836
3	1821	1807	1822
3	1802	1807	1821
3	1807	1817	1822
3	1807	1809	1817
3	1800	1809	1807
3	1802	1800	1807
3	1803	1802	1821
3	1816	1814	1813
3	1816	1800	1814
3	1803	1800	1802
3	1814	1800	1801
3	1800	1816	1809
3	1801	1800	1803
3	1814	1778	1812
3	1794	1801	1803
3	1857	1858	1872
3	1857	1849	1858
3	1826	1849	1857
3	1804	1849	1826
3	1813	1795	1826
3	1812	1795	1813
3	1813	1814	1812
3	1795	1804	1826
3	1865	1850	1853
3	1850	1824	1853
3	1858	1850	1865
3	1849	1850	1858
3	1841	1824	1850
3	1820	1850	1849
3	1820	1841	1850
3	1804	1820	1849
3	1811	1824	1841
3	1796	1841	1820
3	1796	1811	1841
3	1804	1806	1820
3	1811	1789	1824
3	1820	1806	1796
3	1796	1788	1811
3	1788	1789	1811
3	1793	1806	1804
3	1767	1814	1801
3	1760	1801	1794
3	1760	1767	1801
3	1760	1717	1767
3	1795	1776	1804
3	1776	1793	1804
3	1768	1795	1812
3	1778	1768	1812
3	1768	1776	1795
3	1749	1778	1814
3	1767	1749	1814
3	1749	1768	1778
3	1767	1717	1749
3	1747	1759	1768
3	1749	1747	1768
3	1720	1747	1749
3	1779	1796	1806
3	1779	1806	1793
3	1779	1740	1796
3	1740	1788	1796
3	1776	1779	1793
3	1740	1775	1788
3	1775	1766	1788
3	1741	1779	1776
3	1741	1740	1779
3	1768	1759	1776
3	1759	1741	1776
3	1735	1766	1775
3	1683	1735	1775
3	1740	1683	1775
3	1741	1686	1740
3	1766	1789	1788
3	1755	1736	1737
3	1744	1736	1755
3	1597	1682	1645
3	1597	1602	1682
3	1597	1539	1602
3	1508	1539	1597
3	1721	1703	1758
3	1758	1703	1717
3	1699	1702	1721
3	1702	1703	1721
3	1703	1709	1717
3	1709	1703	1702
3	1709	1702	1689
3	1602	1702	1699
3	1682	1602	1699
3	1666	1689	1702
3	1602	1666	1702
3	1666	1621	1689
3	1539	1666	1602
3	1717	1709	1720
3	1717	1720	1749
3	1686	1683	1740
3	1608	1688	1683
3	1608	1683	1686
3	1683	1684	1735
3	1688	1684	1683
3	1614	1684	1688
3	1608	1580	1688
3	1580	1614	1688
3	1580	1575	1614
3	1608	1475	1580
3	1471	1575	1580
3	1471	1525	1575
3	1453	1652	1646
3	1625	1516	1646
3	1516	1453	1646
3	1676	1736	1744
3	1652	1676	1744
3	1687	1737	1736
3	1676	1687	1736
3	1626	1687	1676
3	1453	1676	1652
3	1568	1626	1676
3	1453	1568	1676
3	1737	1715	1713
3	1687	1715	1737
3	1668	1713	1715
3	1680	1668	1715
3	1677	1715	1687
3	1677	1680	1715
3	1668	1708	1713
3	1668	1661	1708
3	1680	1653	1668
3	1668	1642	1661
3	1653	1662	1668
3	1619	1642	1668
3	1662	1619	1668
3	1641	1619	1662
3	1619	1572	1642
3	1574	1619	1641
3	1520	1572	1619
3	1574	1552	1466
3	1574	1520	1619
3	1520	1574	1466
3	1489	1443	1508
3	1348	1434	1443
3	1341	1358	1443
3	1423	1348	1443
3	1358	1423	1443
3	1297	1348	1423
3	1358	1263	1423
3	1263	1297	1423
3	1341	1263	1358
3	1501	1508	1597
3	1459	1539	1508
3	1489	1508	1501
3	1434	1459	1508
3	1443	1434	1508
3	1434	1348	1459
3	1348	1450	1459
3	1475	1471	1580
3	1475	1355	1471
3	1471	1494	1525
3	1471	1378	1494
3	1378	1418	1494
3	1355	1378	1471
3	1378	1324	1418
3	1378	1258	1324
3	1355	1210	1378
3	1354	1210	1355
3	1210	1258	1378
3	1516	1425	1453
3	1453	1497	1568
3	1453	1385	1497
3	1404	1516	1519
3	1404	1425	1516
3	1425	1385	1453
3	1404	1385	1425
3	1279	1404	1325
3	1279	1231	1385
3	1279	1385	1404
3	1276	1109	1265
3	1253	1319	1322
3	1524	1466	1552
3	1431	1520	1466
3	1416	1466	1524
3	1449	1520	1431
3	1416	1362	1466
3	1338	1431	1466
3	1362	1338	1466
3	1431	1371	1449
3	1322	1371	1431
3	1338	1322	1431
3	1362	1209	1338
3	1209	1213	1338
3	1361	1416	1524
3	1361	1362	1416
3	1361	1268	1362
3	1268	1209	1362
3	982	1033	1141
3	1220	1263	1341
3	1254	1220	1341
3	1220	1152	1263
3	1263	1159	1297
3	1141	1220	1254
3	1152	1159	1263
3	1141	1152	1220
3	1033	1152	1141
3	1033	1043	1152
3	1212	1234	1258
3	1210	1212	1258
3	1186	1066	1210
3	1035	1212	1210
3	1066	1035	1210
3	1035	1098	1212
3	981	1098	1035
3	1258	1234	1324
3	1234	1402	1324
3	1234	1301	1402
3	1301	1160	1276
3	1234	1160	1301
3	1212	1114	1234
3	1212	1046	1114
3	1114	1160	1234
3	1114	1109	1160
3	1098	1046	1212
3	1098	992	1046
3	1046	1109	1114
3	981	992	1098
3	1167	1231	1279
3	1160	1109	1276
3	1042	1279	1109
3	1067	1042	1109
3	1213	1253	1322
3	1033	906	1043
3	1898	1923	1901
3	1872	1877	1908
3	1877	1853	1878
3	1575	1605	1614
3	1575	1525	1605
3	1625	1519	1516
3	1289	1341	1443
3	1402	1301	1444
3	1276	1265	1407
3	1412	1404	1519
3	1412	1325	1404
3	1322	1319	1371
3	1371	1440	1449
3	1224	1223	1267
3	1202	1145	1224
3	1224	1145	1223
3	1145	1173	1223
3	1202	1180	1145
3	1173	1247	1267
3	1223	1173	1267
3	1173	1221	1247
3	1149	1203	1221
3	1149	1133	1203
3	1173	1149	1221
3	1145	1100	1173
3	1100	1149	1173
3	1111	1100	1145
3	1100	1133	1149
3	1100	1110	1133
3	1091	1100	1111
3	1100	1093	1110
3	1093	1100	1091
3	1132	1181	1226
3	1211	1132	1226
3	1184	1131	1211
3	1131	1132	1211
3	1110	1131	1133
3	1131	1110	1132
3	1110	1093	1132
3	1093	1101	1132
3	1226	1306	1271
3	1211	1226	1271
3	1226	1222	1311
3	1226	1181	1222
3	950	1001	1019
3	950	873	1001
3	914	950	964
3	855	959	873
3	860	873	950
3	914	860	950
3	845	860	914
3	860	855	873
3	845	794	860
3	796	752	855
3	974	1003	1007
3	951	974	1007
3	956	951	1007
3	952	951	956
3	951	922	974
3	952	897	951
3	897	922	951
3	897	816	922
3	816	909	922
3	897	828	816
3	817	897	952
3	817	828	897
3	849	817	952
3	816	781	909
3	788	828	817
3	827	834	818
3	834	751	818
3	651	470	688
3	688	549	701
3	470	549	688
3	651	519	470
3	587	519	651
3	791	855	860
3	794	791	860
3	791	796	855
3	701	796	791
3	775	794	845
3	701	630	796
3	688	791	794
3	688	701	791
3	688	794	775
3	651	688	775
3	611	676	707
3	611	605	676
3	497	605	611
3	605	525	617
3	530	587	624
3	497	525	605
3	674	707	752
3	707	660	710
3	605	660	707
3	676	605	707
3	605	617	660
3	660	675	710
3	617	643	660
3	660	628	675
3	628	643	636
3	643	628	660
3	617	601	643
3	617	525	601
3	726	705	788
3	713	715	788
3	635	713	788
3	705	635	788
3	635	705	726
3	675	635	726
3	635	620	713
3	628	635	675
3	628	620	635
3	788	816	828
3	715	781	816
3	788	715	816
3	726	788	817
3	633	777	745
3	633	613	777
3	553	613	633
3	803	798	841
3	803	738	798
3	777	613	803
3	682	759	738
3	613	738	803
3	668	682	738
3	613	668	738
3	598	668	613
3	598	551	668
3	551	533	668
3	553	598	613
3	553	477	598
3	759	843	841
3	798	759	841
3	843	751	834
3	738	759	798
3	759	751	843
3	818	758	827
3	789	758	818
3	827	758	712
3	789	746	758
3	730	677	746
3	677	758	746
3	677	712	758
3	712	621	739
3	621	665	739
3	677	618	712
3	618	621	712
3	621	599	665
3	543	621	618
3	543	599	621
3	543	491	599
3	530	519	587
3	488	470	519
3	549	470	488
3	488	519	530
3	488	497	496
3	496	497	611
3	525	530	601
3	525	497	530
3	497	488	530
3	457	533	551
3	477	551	598
3	477	457	551
3	492	477	553
3	336	457	477
3	442	338	477
3	350	439	457
3	336	350	457
3	338	336	477
3	267	350	336
3	466	491	543
3	394	491	466
3	394	395	491
3	401	394	466
3	293	395	394
3	342	394	401
3	330	395	293
3	342	293	394
3	330	366	395
3	267	336	338
3	324	267	338
3	284	356	350
3	267	284	350
3	284	281	356
3	251	281	284
3	267	243	284
3	243	244	284
3	244	251	284
3	244	241	251
3	243	239	244
3	239	241	244
3	261	247	271
3	247	250	286
3	239	249	250
3	250	247	241
3	241	247	251
3	247	261	251
3	241	239	250
3	293	286	330
3	271	286	293
3	271	247	286
3	69	86	87
3	69	77	86
3	61	69	51
3	51	46	61
3	46	49	61
3	46	43	49
3	79	62	65
3	69	62	77
3	49	69	61
3	69	49	62
3	14	49	43
3	29	65	62
3	29	36	53
3	29	53	65
3	22	36	29
3	32	29	62
3	66	75	80
3	66	80	81
3	65	53	81
3	50	75	66
3	53	66	81
3	50	48	75
3	37	50	66
3	53	37	66
3	53	36	37
3	28	48	50
3	37	28	50
3	28	40	48
3	49	32	62
3	32	49	14
3	32	12	29
3	834	827	843
3	678	651	775
3	624	587	678
3	827	712	830
3	492	442	477
3	62	79	77
3	80	75	93
3	75	48	93
3	389	418	474
3	302	389	410
3	325	418	389
3	418	344	383
3	325	344	418
3	302	325	389
3	450	360	483
3	360	451	483
3	400	360	450
3	360	372	451
3	301	345	406
3	372	301	406
3	301	320	345
3	331	301	372
3	308	360	400
3	507	490	538
3	490	450	538
3	467	515	520
3	490	507	515
3	467	490	515
3	467	444	490
3	595	578	683
3	513	561	658
3	658	709	808
3	881	887	888
3	888	887	889
3	784	786	871
3	784	871	972
3	1020	1009	1079
3	1094	1068	1079
3	972	1005	1099
3	1005	1157	1099
3	1363	1099	1432
3	1468	1470	1576
3	1514	1532	1570
3	1470	1555	1576
3	515	507	562
3	562	507	616
3	507	538	616
3	372	406	451
3	538	483	526
3	410	542	581
3	513	581	561
3	696	736	814
3	659	736	696
3	793	814	852
3	570	520	590
3	590	656	659
3	659	656	736
3	656	764	736
3	520	515	562
3	590	520	562
3	538	526	616
3	590	562	656
3	656	562	768
3	562	616	689
3	616	669	689
3	562	689	768
3	689	784	804
3	689	669	784
3	764	656	821
3	656	768	821
3	768	689	804
3	820	768	804
3	768	820	821
3	616	526	669
3	526	595	683
3	669	526	683
3	669	683	786
3	658	561	709
3	561	581	709
3	581	542	740
3	737	581	740
3	709	581	737
3	737	740	839
3	542	646	740
3	740	646	824
3	770	740	824
3	886	887	907
3	907	887	898
3	886	907	943
3	886	943	948
3	943	907	1009
3	943	1009	1000
3	948	943	1000
3	948	1000	980
3	980	1000	1020
3	980	1020	1041
3	1020	1000	1009
3	813	793	894
3	875	813	894
3	875	887	886
3	887	875	889
3	875	886	891
3	889	875	894
3	888	889	894
3	891	886	948
3	888	894	953
3	888	953	954
3	954	953	994
3	954	994	995
3	995	994	1037
3	852	814	931
3	894	793	852
3	894	852	969
3	953	894	969
3	969	852	931
3	953	969	994
3	969	931	1026
3	931	1045	1026
3	814	900	1045
3	931	814	1045
3	736	764	900
3	764	821	900
3	814	736	900
3	900	821	988
3	900	988	970
3	821	925	988
3	900	1085	1045
3	900	970	1085
3	988	1010	970
3	669	786	784
3	821	820	925
3	804	784	820
3	820	784	925
3	784	972	925
3	988	925	1010
3	1010	925	972
3	946	839	949
3	839	740	949
3	740	770	949
3	949	770	963
3	946	949	1040
3	949	963	1040
3	1041	1020	1092
3	1092	1020	1079
3	994	969	1118
3	994	1118	1037
3	1059	1041	1092
3	1037	1118	1068
3	1079	1068	1106
3	1068	1118	1106
3	1092	1079	1106
3	1059	1092	1106
3	1059	1106	1126
3	1106	1118	1126
3	1192	1126	1140
3	1140	1259	1192
3	969	1026	1118
3	1118	1026	1140
3	1126	1118	1140
3	1026	1045	1237
3	1045	1344	1237
3	1140	1026	1259
3	1259	1026	1351
3	1026	1237	1351
3	1237	1344	1313
3	970	1010	1057
3	970	1057	1085
3	1045	1085	1344
3	1085	1172	1344
3	1085	1057	1172
3	1172	1057	1170
3	1172	1170	1400
3	1344	1172	1400
3	1327	1344	1400
3	1057	1010	1065
3	1010	972	1065
3	972	1099	1065
3	1057	1065	1170
3	1065	1099	1251
3	1245	1065	1251
3	1170	1065	1245
3	1099	1269	1251
3	1269	1099	1363
3	946	1040	983
3	1134	983	1185
3	1134	1185	1293
3	1238	1134	1293
3	1185	1290	1293
3	1238	1293	1384
3	1040	963	1185
3	963	1166	1185
3	983	1040	1185
3	1185	1166	1290
3	1290	1166	1370
3	1467	1259	1372
3	1259	1351	1372
3	1351	1237	1445
3	1237	1313	1445
3	1372	1351	1445
3	1170	1245	1400
3	1344	1327	1313
3	1245	1399	1400
3	1313	1327	1420
3	1313	1420	1445
3	1251	1269	1397
3	1269	1363	1397
3	1251	1397	1426
3	1245	1251	1426
3	1399	1245	1426
3	1397	1442	1472
3	1426	1397	1472
3	1363	1432	1387
3	1397	1363	1442
3	1442	1363	1387
3	1451	1514	1538
3	1387	1432	1538
3	1432	1451	1538
3	1538	1514	1558
3	1558	1514	1570
3	1376	1384	1457
3	1457	1515	1537
3	1470	1457	1555
3	1555	1457	1537
3	1293	1290	1370
3	1293	1370	1438
3	1293	1438	1384
3	1438	1370	1460
3	1384	1438	1457
3	1457	1438	1515
3	1438	1460	1515
3	1387	1538	1598
3	1538	1611	1598
3	1611	1538	1558
3	1558	1570	1691
3	1671	1558	1691
3	1693	1558	1671
3	1671	1691	1723
3	1693	1671	1723
3	1555	1627	1576
3	1570	1532	1691
3	1691	1532	1576
3	1576	1627	1691
3	1691	1627	1723
3	1723	1627	1734
3	1555	1537	1627
3	1515	1586	1537
3	1537	1586	1649
3	1537	1649	1627
3	1627	1649	1734
3	311	355	386
3	308	301	331
3	308	331	360
3	360	331	372
3	301	256	320
3	224	218	259
3	256	224	259
3	256	259	298
3	256	298	320
3	259	295	298
3	320	298	343
3	298	295	343
3	343	345	320
3	233	252	274
3	220	260	264
3	233	274	259
3	252	264	274
3	259	274	295
3	295	274	316
3	274	309	316
3	264	260	289
3	264	289	302
3	274	264	302
3	274	302	309
3	289	325	302
3	260	236	289
3	289	236	344
3	289	344	325
3	413	386	415
3	339	257	386
3	355	420	386
3	386	420	478
3	420	461	478
3	386	478	528
3	415	386	528
3	415	528	564
3	355	381	420
3	420	381	414
3	414	471	461
3	420	414	461
3	478	461	615
3	461	576	615
3	461	471	576
3	414	392	460
3	460	448	467
3	460	471	414
3	460	467	570
3	460	570	471
3	570	467	520
3	471	570	569
3	444	400	490
3	448	444	467
3	400	450	490
3	836	912	940
3	663	588	723
3	363	365	323
3	425	443	508
3	1898	1875	1891
3	587	651	678
3	1034	1102	1054
3	1083	1034	1011
3	1279	1042	1167
