-0.27222	-0.78202	0.19218
-0.21308	-0.78477	0.17316
-0.19686	-0.7748	0.18511
-0.21187	-0.77567	0.20018
-0.28221	-0.77592	0.16482
-0.15483	-0.76179	0.18852
-0.29622	-0.76317	0.16903
-0.23533	-0.76546	0.18062
-0.31723	-0.75497	0.16947
-0.23546	-0.7487	0.19042
-0.13651	-0.75	0.19013
-0.23324	-0.77175	0.16293
-0.18051	-0.75399	0.18937
-0.14659	-0.75721	0.1674
-0.25838	-0.75708	0.1917
-0.1664	-0.74138	0.2012
-0.29039	-0.75326	0.17931
-0.24643	-0.76469	0.14234
-0.31299	-0.72391	0.11996
-0.18176	-0.76055	0.15611
-0.21024	-0.76086	0.14111
-0.2947	-0.76055	0.14893
-0.1872	-0.7251	0.19741
-0.13663	-0.73128	0.19514
-0.32114	-0.70836	0.16425
-0.29804	-0.69973	0.17396
-0.15642	-0.74107	0.14149
-0.19803	-0.74687	0.12533
-0.13066	-0.73897	0.16938
-0.27105	-0.71961	0.1823
-0.28603	-0.72849	0.11134
-0.14044	-0.69784	0.12137
-0.24862	-0.73044	0.107
-0.22969	-0.69744	0.18366
-0.17358	-0.70874	0.10404
-0.15988	-0.68612	0.18781
-0.13142	-0.69357	0.15541
-0.31915	-0.7063	0.11582
-0.23627	-0.70081	0.09069
-0.13661	-0.68559	0.17249
-0.27128	-0.6583	0.16903
-0.32831	-0.70313	0.14488
-0.29462	-0.68496	0.093939
-0.17027	-0.67812	0.096082
-0.1446	-0.63497	0.14219
-0.22932	-0.65855	0.17763
-0.16477	-0.62539	0.17239
-0.14389	-0.66642	0.12063
-0.30923	-0.65758	0.13883
-0.29524	-0.6603	0.15902
-0.21713	-0.66759	0.082216
-0.23588	-0.64138	0.075684
-0.30372	-0.64122	0.12073
-0.19068	-0.63919	0.08124
-0.18869	-0.62474	0.17709
-0.16955	-0.63382	0.08716
-0.2259	-0.61087	0.17168
-0.1565	-0.63175	0.10186
-0.28677	-0.63253	0.15675
-0.28893	-0.63443	0.094261
-0.14902	-0.62931	0.12648
-0.29818	-0.62079	0.14383
-0.27897	-0.63212	0.083222
-0.30404	-0.6206	0.11747
-0.22556	-0.63143	0.052603
-0.14692	-0.61153	0.15091
-0.14138	-0.60898	0.10781
-0.27624	-0.59953	0.15774
-0.25492	-0.58035	0.16077
-0.30086	-0.57835	0.154
-0.31632	-0.59145	0.14002
-0.15686	-0.58893	0.17709
-0.27361	-0.61636	0.040359
-0.15844	-0.59162	0.037561
-0.18847	-0.58794	0.1812
-0.18046	-0.58625	0.0043758
-0.32084	-0.59215	0.087568
-0.13406	-0.58152	0.094948
-0.13275	-0.56062	0.1362
-0.25832	-0.60241	0.003518
-0.15763	-0.52649	0.16454
-0.30148	-0.60995	0.063214
-0.21012	-0.55351	0.16679
-0.15159	-0.57081	0.032992
-0.28485	-0.54906	0.14826
-0.32911	-0.56198	0.11301
-0.27889	-0.5772	0.0045885
-0.13565	-0.53586	0.13657
-0.16539	-0.57331	0.010246
-0.24297	-0.58335	-0.01456
-0.19948	-0.59162	-0.0019373
-0.31265	-0.54823	0.036985
-0.13455	-0.54024	0.087731
-0.32102	-0.53288	0.14157
-0.25791	-0.55061	-0.026106
-0.32713	-0.56182	0.074267
-0.20886	-0.56366	-0.02138
-0.29759	-0.47959	0.13395
-0.15493	-0.53275	0.011569
-0.19755	-0.50135	0.15744
-0.25162	-0.51221	0.14462
-0.28846	-0.52038	-0.001693
-0.16747	-0.53804	-0.0042861
-0.32963	-0.51262	0.10896
-0.22719	-0.52847	-0.02982
-0.13623	-0.49423	0.1168
-0.18832	-0.51182	-0.017253
-0.17915	-0.52677	0.17263
-0.32038	-0.51189	0.13722
-0.14159	-0.48214	0.059393
-0.33152	-0.51851	0.085889
-0.18385	-0.47461	0.16592
-0.16841	-0.49113	0.16946
-0.13421	-0.49245	0.090198
-0.20043	-0.47351	0.15336
-0.24556	-0.46352	0.13921
-0.16496	-0.5003	0.0048847
-0.15072	-0.4813	0.14545
-0.21718	-0.49139	-0.024867
-0.32758	-0.49875	0.055501
-0.30166	-0.48656	0.010707
-0.2872	-0.45277	0.13528
-0.31659	-0.46668	0.024889
-0.32518	-0.45054	0.041986
-0.31961	-0.44197	0.089775
-0.17808	-0.45724	0.16313
-0.24823	-0.49384	-0.025021
-0.27286	-0.49453	-0.016493
-0.17216	-0.45638	0.018729
-0.14794	-0.45625	0.12941
-0.27915	-0.45928	-0.0053842
-0.22565	-0.43579	0.15645
-0.27564	-0.43909	0.14279
-0.22381	-0.46521	-0.011976
-0.14974	-0.44217	0.077715
-0.25899	-0.46009	-0.0096746
-0.18586	-0.42848	0.025875
-0.198	-0.4268	0.15324
-0.16042	-0.42896	0.12166
-0.253	-0.42419	0.14701
-0.2893	-0.38303	0.090853
-0.23093	-0.44035	-0.0050924
-0.17893	-0.41569	0.069737
-0.21802	-0.40451	0.13414
-0.19101	-0.40409	0.11398
-0.18222	-0.40757	0.10286
-0.19076	-0.41354	0.025584
-0.25588	-0.43536	-0.012398
-0.21787	-0.43069	-0.0029998
-0.29657	-0.4183	-0.0058148
-0.26672	-0.40333	0.12399
-0.31296	-0.37501	0.016908
-0.19411	-0.37365	0.11425
-0.22455	-0.39413	0.11682
-0.26	-0.38001	0.10541
-0.18215	-0.39132	0.073567
-0.31621	-0.40483	0.062399
-0.18233	-0.37998	0.087347
-0.21249	-0.37909	0.11198
-0.19032	-0.39948	0.022279
-0.306	-0.36338	0.053574
-0.19307	-0.39236	-0.003116
-0.20566	-0.36406	0.11798
-0.17036	-0.37726	0.025756
-0.29181	-0.37572	-0.032235
-0.2604	-0.39883	-0.042479
-0.30802	-0.37749	-0.0052598
-0.26491	-0.3602	0.096178
-0.22201	-0.3454	0.10355
-0.29354	-0.35922	0.080728
-0.18094	-0.36249	-0.0074556
-0.17127	-0.34225	0.094375
-0.28903	-0.31808	0.086688
-0.23291	-0.36526	-0.052803
-0.29275	-0.28923	0.083193
-0.28589	-0.33961	-0.054608
-0.16212	-0.35185	0.036098
-0.19187	-0.32362	0.11468
-0.16481	-0.32508	0.08068
-0.31466	-0.33922	0.031035
-0.17793	-0.31885	0.10322
-0.25641	-0.3448	-0.062439
-0.1779	-0.34398	-0.020532
-0.1612	-0.33159	0.00054279
-0.2409	-0.34236	-0.065021
-0.20751	-0.31277	0.11117
-0.30966	-0.30951	0.065804
-0.31391	-0.33278	-0.023168
-0.30844	-0.31161	-0.051554
-0.15132	-0.30552	0.030157
-0.15871	-0.28692	0.06339
-0.32545	-0.31001	0.0048343
0.81488	-0.2326	0.23624
0.8044	-0.25971	0.1913
0.81044	-0.25425	0.20947
-0.18918	-0.32774	-0.059041
0.77546	-0.24446	0.22081
0.81873	-0.24747	0.18565
0.77047	-0.24879	0.16811
0.76263	-0.2457	0.19065
-0.16173	-0.30894	-0.045647
-0.25108	-0.2755	0.096193
-0.2341	-0.27188	0.10169
0.80974	-0.25317	0.13407
-0.25383	-0.32174	-0.082071
0.72998	-0.24667	0.098206
0.78666	-0.25473	0.12819
0.68297	-0.27266	0.044236
-0.14644	-0.2949	0.0047554
0.62521	-0.26183	0.085606
-0.18522	-0.27314	0.096087
0.81074	-0.25269	0.075991
0.63661	-0.27117	0.051172
0.68146	-0.26094	0.084091
0.56786	-0.26808	0.066167
0.69882	-0.26972	0.041426
0.56129	-0.27401	0.036261
0.80102	-0.27101	0.021391
0.80209	-0.25917	0.079074
0.74616	-0.23545	0.16255
-0.21072	-0.29878	-0.091432
0.53225	-0.27028	0.049534
0.81055	-0.259	0.040358
0.76922	-0.22384	0.2311
0.82437	-0.21186	0.23812
-0.27185	-0.29986	-0.092034
-0.32635	-0.28491	-0.049282
0.75398	-0.25568	0.092433
0.63713	-0.26865	0.026266
0.79716	-0.27127	0.0060037
0.67015	-0.24347	0.11975
0.71062	-0.25839	0.056867
0.8115	-0.1928	0.2458
-0.29382	-0.30419	-0.074691
-0.33529	-0.27939	-0.02149
0.69577	-0.25027	0.094981
0.73063	-0.25296	0.072493
0.51238	-0.2536	0.075474
0.63373	-0.25628	-0.00081131
0.70526	-0.25415	0.013547
0.78486	-0.19453	0.24049
0.62541	-0.2495	0.10496
0.74781	-0.25151	0.033855
0.81506	-0.23153	0.14511
0.5005	-0.25929	0.045471
0.7231	-0.25208	0.035272
-0.33334	-0.26899	0.022766
-0.14517	-0.25356	-0.015433
0.74252	-0.21195	0.19254
0.5041	-0.25389	0.010112
0.72236	-0.23439	0.1246
0.81693	-0.20306	0.07584
0.56512	-0.26495	0.0035855
-0.2807	-0.26264	0.092722
-0.17195	-0.28202	-0.071472
-0.1484	-0.26361	0.025965
-0.23332	-0.23795	0.092208
0.56497	-0.25696	0.086439
-0.18124	-0.2243	0.074469
0.81272	-0.24633	-0.0082974
-0.31219	-0.27876	0.070879
0.52747	-0.24435	0.091826
-0.23892	-0.28736	-0.10602
0.61203	-0.21984	0.13339
0.7029	-0.21797	0.13825
0.72411	-0.20949	0.1532
0.75209	-0.23329	0.011006
0.75247	-0.18441	0.21238
0.78619	-0.25964	-0.003676
0.26251	-0.25573	0.024208
0.23468	-0.25821	0.0070906
0.55634	-0.2509	-0.019291
0.25798	-0.26331	-0.011542
0.55229	-0.21478	0.11881
0.47218	-0.22941	0.069565
-0.33462	-0.26864	-0.082389
0.27724	-0.25894	-0.024477
0.27377	-0.24466	0.05056
0.64705	-0.22867	-0.024513
0.82948	-0.19112	0.21578
0.23481	-0.26205	-0.027271
-0.1953	-0.22477	0.083722
0.62618	-0.21417	0.14547
0.21678	-0.25434	-0.02252
-0.29409	-0.28522	-0.10165
0.3113	-0.2509	0.0032565
0.30984	-0.24576	-0.042729
0.19627	-0.23484	0.049371
-0.28097	-0.21538	0.09014
0.3497	-0.22039	0.05694
0.80562	-0.22023	-0.011676
0.35363	-0.2287	0.02343
0.73126	-0.22996	0.010989
-0.33519	-0.25548	0.044985
-0.23146	-0.27377	-0.12212
0.69748	-0.19383	0.15036
-0.15784	-0.26687	-0.056974
0.71894	-0.22141	-0.0020334
-0.18543	-0.27057	-0.094374
0.21499	-0.2546	-0.051444
0.22381	-0.25325	-0.063349
0.82217	-0.17433	0.13348
-0.15391	-0.23184	0.047116
0.24389	-0.21876	0.085089
0.56413	-0.22238	-0.047058
0.8169	-0.22138	-0.0091348
0.77948	-0.22769	-0.0047423
0.59122	-0.19199	0.14931
0.76707	-0.17252	0.23675
0.44661	-0.1965	0.07287
0.82493	-0.21253	0.011504
0.81245	-0.15732	0.286
0.47526	-0.23283	-0.0041355
0.18805	-0.23942	0.012008
0.74327	-0.1725	0.19802
0.73569	-0.2027	0.0067283
0.34766	-0.2346	-0.0079044
0.4567	-0.22602	0.040866
-0.13868	-0.23789	0.0077951
-0.35044	-0.25202	-0.021246
0.43613	-0.22837	-0.010366
0.33097	-0.20581	0.088421
0.38812	-0.22594	0.0084296
0.29305	-0.21243	0.088741
0.49153	-0.22137	0.095404
-0.31006	-0.27233	-0.11627
-0.15844	-0.25216	-0.09187
0.18381	-0.23235	-0.022399
0.42037	-0.2176	0.033023
0.20309	-0.23374	-0.051569
0.45136	-0.22245	-0.033519
0.81838	-0.16017	0.28631
0.39968	-0.22623	-0.02215
0.48786	-0.22097	-0.034069
-0.26597	-0.27522	-0.12776
0.38467	-0.21147	0.039224
-0.36197	-0.24875	-0.053566
0.6117	-0.17364	0.16959
0.82418	-0.18221	0.040806
0.34591	-0.23187	-0.034065
-0.19928	-0.26201	-0.12336
0.82812	-0.17701	0.24048
0.63672	-0.19278	0.15708
0.54027	-0.21397	-0.051222
-0.13214	-0.24282	-0.051208
0.7485	-0.1903	0.011393
0.71841	-0.18002	0.15568
-0.32349	-0.22335	0.065488
-0.35058	-0.21947	0.03616
0.23492	-0.20188	0.098166
-0.30438	-0.26678	-0.15452
0.19083	-0.21306	0.071829
-0.22632	-0.26669	-0.15465
0.65617	-0.20928	-0.029258
0.23277	-0.2221	-0.1011
0.14302	-0.20289	0.028139
0.69478	-0.16932	0.15107
0.33319	-0.21459	-0.074553
0.82655	-0.13975	0.23785
0.73101	-0.17257	0.16605
-0.25929	-0.26482	-0.1934
-0.36656	-0.22146	-0.012496
-0.25729	-0.23925	0.097496
0.82608	-0.18363	0.018538
-0.21921	-0.26707	-0.1801
0.6447	-0.17135	0.16582
-0.12208	-0.22958	-0.0121
0.39066	-0.18739	0.063077
0.37045	-0.21666	-0.055254
0.18858	-0.17918	0.08912
0.49002	-0.20115	-0.050899
-0.29322	-0.26183	-0.18096
0.29073	-0.18422	0.11204
-0.36013	-0.25459	-0.11096
-0.093362	-0.2327	-0.065901
0.41854	-0.2056	-0.060353
-0.077387	-0.23204	-0.096426
0.51693	-0.18379	0.11599
0.15449	-0.21188	0.0077357
-0.16272	-0.25157	-0.1662
0.60582	-0.19941	-0.050176
0.81697	-0.14422	0.25885
-0.35694	-0.24971	-0.16422
0.46917	-0.18703	0.098877
-0.10797	-0.20611	0.013382
-0.1267	-0.20156	0.04183
0.74394	-0.15058	0.18902
0.54261	-0.16039	0.1337
0.19327	-0.20671	-0.079619
-0.34001	-0.20754	0.058493
-0.12573	-0.24301	-0.12587
0.26675	-0.21925	-0.098824
0.16525	-0.21407	-0.035229
-0.31903	-0.19361	0.075319
-0.085094	-0.21334	-0.029285
-0.15281	-0.20011	0.063737
0.78207	-0.13596	0.23349
0.6228	-0.18222	-0.048094
0.78733	-0.16964	0.013968
0.1438	-0.19208	0.048287
0.28561	-0.23434	-0.075859
0.80234	-0.13141	0.24203
0.43802	-0.16408	0.093035
-0.063348	-0.22621	-0.12012
0.35996	-0.1883	0.092586
0.1168	-0.19474	-0.0012161
-0.348	-0.25238	-0.1918
0.82795	-0.14818	0.083371
-0.37917	-0.20302	0.0025493
0.81354	-0.17396	0.013385
0.7195	-0.15264	0.14455
-0.26527	-0.1884	0.095931
-0.18406	-0.24964	-0.21492
-0.20302	-0.19668	0.08604
-0.30084	-0.25195	-0.21402
-0.3216	-0.25798	-0.19718
-0.20287	-0.24931	-0.22843
-0.38579	-0.2238	-0.02592
-0.15297	-0.24542	-0.19632
-0.40877	-0.21277	-0.01827
-0.40048	-0.21793	-0.083393
-0.17874	-0.19214	0.081169
0.66272	-0.17231	-0.029941
0.20597	-0.20036	-0.10223
-0.088613	-0.22683	-0.14015
0.739	-0.16464	0.021138
0.33076	-0.17038	0.11523
0.48296	-0.1871	-0.060173
-0.12997	-0.18482	0.074552
-0.37364	-0.20389	0.030276
0.70272	-0.18665	-0.013718
0.27753	-0.15112	0.12232
-0.39693	-0.2309	-0.13637
0.72691	-0.16095	0.010906
0.17843	-0.20959	-0.06067
-0.051035	-0.20515	-0.062831
0.11837	-0.18859	0.026292
0.46746	-0.1563	0.11367
-0.29257	-0.23945	-0.2551
0.63611	-0.14463	0.16943
0.83469	-0.10961	0.16985
-0.37391	-0.17775	0.072334
0.16563	-0.16964	0.080697
-0.26084	-0.17336	0.10147
0.69479	-0.14935	0.14252
0.57649	-0.14618	0.15696
-0.23238	-0.22828	-0.26678
0.83212	-0.13171	0.11632
0.086044	-0.19026	0.0009812
-0.051407	-0.20474	-0.10865
0.66665	-0.1407	0.1552
0.52443	-0.14497	0.12627
0.81943	-0.11758	0.23937
0.077664	-0.17756	0.027511
0.74046	-0.13182	0.15569
0.2437	-0.16634	0.11431
0.39731	-0.15464	0.088765
0.12198	-0.19966	-0.05082
-0.42025	-0.20719	-0.04041
-0.40261	-0.2249	-0.19798
-0.33142	-0.24103	-0.22721
-0.087649	-0.21589	-0.17246
-0.29353	-0.1814	0.08708
0.52491	-0.16924	-0.061362
-0.078626	-0.17376	0.052654
0.42646	-0.17356	-0.074116
-0.14503	-0.16882	0.10504
0.82029	-0.1415	0.070181
0.43025	-0.13511	0.10444
0.35668	-0.16044	0.11251
0.65162	-0.13101	0.15961
0.56764	-0.18818	-0.058527
-0.36641	-0.23591	-0.21868
0.14341	-0.19756	-0.080252
-0.15474	-0.23523	-0.22836
-0.17865	-0.15538	0.12128
0.74845	-0.15862	0.030916
-0.32645	-0.23081	-0.25498
-0.10882	-0.15816	0.093764
-0.059811	-0.18864	-0.0063853
-0.24038	-0.15207	0.11674
-0.41974	-0.19707	-0.010808
0.055713	-0.18226	-0.031212
0.11957	-0.17301	0.047802
0.32488	-0.13866	0.12533
-0.090017	-0.1667	0.066566
-0.024111	-0.19439	-0.058789
0.13093	-0.15361	0.06207
0.22701	-0.14434	0.11179
0.38001	-0.17446	-0.077952
0.83347	-0.13616	0.2175
-0.32004	-0.17287	0.084369
-0.054935	-0.21042	-0.14692
0.78724	-0.1441	0.049229
0.75955	-0.11528	0.19579
0.052077	-0.17739	-0.010971
-0.43908	-0.21054	-0.11376
-0.62207	-0.14361	0.18816
0.028267	-0.18534	-0.021538
-0.013856	-0.17462	-0.0080771
-0.45132	-0.21054	-0.12886
0.69887	-0.13054	0.11016
0.72635	-0.13696	0.11892
0.61853	-0.12587	0.16877
-0.050393	-0.17199	0.016573
0.79002	-0.095875	0.22454
0.24774	-0.19821	-0.11456
0.6694	-0.14732	-0.020909
-0.034033	-0.19703	-0.095128
0.60045	-0.15223	-0.055634
0.36817	-0.19306	-0.075105
-0.43271	-0.19941	-0.085471
-0.40287	-0.1587	0.064862
0.76043	-0.1474	0.045163
0.73075	-0.14176	0.046049
0.029323	-0.18394	-0.077017
-0.056449	-0.16906	0.040767
-0.59374	-0.14681	0.17416
0.071192	-0.17817	-0.083011
0.072701	-0.15232	0.054097
-0.61669	-0.12671	0.15598
0.63124	-0.11776	0.15834
0.058751	-0.18264	-0.058582
-0.40914	-0.1704	0.012298
-0.19941	-0.2274	-0.25774
0.55564	-0.15659	-0.061413
-0.28334	-0.15836	0.096457
-0.28272	-0.21444	-0.2892
-0.44724	-0.17431	0.0025108
-0.43016	-0.21232	-0.18768
-0.14306	-0.2173	-0.24357
0.77231	-0.12617	0.084651
0.82816	-0.11368	0.13137
0.0075871	-0.15653	0.0092333
0.73542	-0.13089	0.098248
0.49787	-0.11725	0.11659
0.46196	-0.13231	0.1141
0.82259	-0.093869	0.23222
0.36022	-0.11528	0.11833
0.29036	-0.18109	-0.1097
0.67247	-0.12017	0.11266
0.22339	-0.1801	-0.1238
0.58265	-0.11764	0.14961
-0.40515	-0.20782	-0.24036
-0.37694	-0.1519	0.09518
0.38576	-0.12257	0.10526
-0.19124	-0.21503	-0.27449
0.73082	-0.13532	0.066285
0.81093	-0.092704	0.24625
0.036957	-0.15011	0.029995
-0.083603	-0.20591	-0.18599
-0.13572	-0.13757	0.12372
-0.0016354	-0.18463	-0.11856
0.70932	-0.14349	0.011809
0.7161	-0.12805	0.081893
0.76222	-0.11371	0.14083
-0.60938	-0.11928	0.21128
-0.38288	-0.19932	-0.27512
0.75619	-0.10809	0.17011
-0.037712	-0.18174	-0.14625
-0.5901	-0.12844	0.14202
0.19114	-0.1786	-0.10955
0.76153	-0.1194	0.11713
-0.31946	-0.15252	0.079499
-0.026971	-0.15915	0.014159
0.79963	-0.11311	0.12579
0.16103	-0.12378	0.080571
0.53072	-0.11418	0.11823
0.62057	-0.13736	-0.045151
-0.45091	-0.17119	-0.053423
0.49625	-0.1536	-0.05653
0.086156	-0.13712	0.072316
-0.45845	-0.20106	-0.16104
-0.25906	-0.13661	0.11741
-0.056962	-0.14836	0.050678
-0.066771	-0.13346	0.089871
0.6042	-0.10885	0.1521
-0.059939	-0.18402	-0.19919
-0.36455	-0.14402	0.095652
-0.63687	-0.11571	0.18952
0.2706	-0.15994	-0.11756
0.15492	-0.18555	-0.099064
0.18172	-0.12839	0.091471
0.13707	-0.13167	0.064956
-0.41879	-0.13847	0.086009
-0.12348	-0.20861	-0.23864
-0.48092	-0.14989	-0.027541
0.8013	-0.087543	0.17079
0.052238	-0.17109	-0.12606
0.51972	-0.11641	-0.049618
0.70576	-0.12253	0.049378
0.019891	-0.17149	-0.13418
0.31058	-0.15734	-0.10909
0.38581	-0.1488	-0.079301
0.44093	-0.11015	0.10886
0.12058	-0.11605	0.084934
0.82762	-0.097105	0.16909
-0.41034	-0.1241	0.11088
0.77851	-0.090088	0.17482
0.27857	-0.10649	0.1166
0.083671	-0.16742	-0.10652
-0.36143	-0.20353	-0.28035
-0.029686	-0.13426	0.051223
-0.47181	-0.18884	-0.12843
-0.14446	-0.1877	-0.28298
-0.53004	-0.12821	0.15711
0.80769	-0.088363	0.21858
0.57283	-0.12053	-0.053416
0.23205	-0.11439	0.10951
-0.17978	-0.11587	0.14198
0.67513	-0.10623	0.091566
0.65932	-0.10385	0.10746
0.41326	-0.11503	0.1156
-0.33822	-0.19457	-0.29606
-0.049206	-0.12152	0.076024
0.60268	-0.094903	0.09254
0.016445	-0.1279	0.044831
0.16377	-0.16283	-0.12298
-0.43637	-0.1412	0.026095
-0.093918	-0.1237	0.11994
-0.62857	-0.11787	0.16082
0.27636	-0.13495	-0.1147
0.46149	-0.09475	0.10068
-0.35865	-0.11549	0.07646
-0.22094	-0.19677	-0.30607
-0.45246	-0.13514	0.025797
0.40484	-0.12113	-0.066946
-0.034103	-0.16152	-0.17429
0.4938	-0.12186	-0.045609
0.32017	-0.1046	0.12171
-0.56758	-0.10951	0.17844
-0.38673	-0.12638	0.10604
0.063008	-0.1538	-0.15692
0.6657	-0.10847	0.019873
0.63732	-0.092142	0.091968
0.60807	-0.10073	0.13128
0.49157	-0.076359	0.089713
0.54295	-0.084903	0.093128
0.64202	-0.10512	0.11312
0.64415	-0.12215	-0.023535
-0.53181	-0.13164	0.1499
-0.10936	-0.10147	0.13687
-0.48284	-0.1402	0.015325
-0.48226	-0.17302	-0.18564
-0.50677	-0.15808	-0.14654
-0.19135	-0.197	-0.29735
0.34189	-0.13287	-0.096529
0.20127	-0.091282	0.089037
0.40904	-0.087122	0.11772
-0.43196	-0.18782	-0.23161
-0.014809	-0.16352	-0.16724
-0.49373	-0.13815	0.0059139
0.1066	-0.13508	-0.14685
-0.4428	-0.12887	0.056595
0.0037886	-0.17012	-0.15201
0.041578	-0.098183	0.074471
-0.30358	-0.12456	0.086119
-0.58484	-0.08528	0.21596
0.43451	-0.11217	-0.055486
-0.56756	-0.1134	0.12755
-0.5826	-0.095042	0.21051
-0.48032	-0.14862	-0.054913
0.24646	-0.12826	-0.10919
0.37869	-0.094167	0.10554
-0.44118	-0.11307	0.10617
-0.11729	-0.18303	-0.26428
0.16044	-0.065164	0.063419
0.63575	-0.10542	-0.0094566
0.12426	-0.13108	-0.14156
0.58427	-0.089961	0.07239
0.026766	-0.14514	-0.18242
-0.085159	-0.16752	-0.24779
-0.0055769	-0.10134	0.070369
0.65144	-0.091441	0.061147
0.30168	-0.12341	-0.1086
0.32871	-0.076925	0.11116
-0.39931	-0.10171	0.12336
0.21521	-0.12755	-0.12855
-0.269	-0.092899	0.10592
-0.62052	-0.099789	0.19704
-0.5061	-0.13337	-0.033428
-0.54052	-0.090555	0.17315
-0.043265	-0.14531	-0.21283
-0.19743	-0.17408	-0.31886
-0.32158	-0.18367	-0.31604
-0.41285	-0.10248	0.13464
0.32787	-0.11124	-0.088844
-0.49308	-0.094418	0.12356
0.61773	-0.083239	0.061743
0.20817	-0.1553	-0.12367
-0.16853	-0.089239	0.14897
-0.048997	-0.080356	0.10025
-0.28775	-0.19254	-0.31155
-0.074883	-0.093798	0.12258
0.27864	-0.073286	0.10247
-0.37089	-0.17328	-0.30951
-0.51032	-0.13337	-0.082896
0.49806	-0.098945	-0.029939
-0.43809	-0.14901	-0.27261
0.58825	-0.10563	-0.043891
-0.0028809	-0.1505	-0.19246
0.45031	-0.081531	0.093023
-0.49349	-0.08886	0.1612
0.22293	-0.067892	0.080546
0.097898	-0.082523	0.093262
-0.097296	-0.074494	0.13776
0.12332	-0.086548	0.093275
-0.38134	-0.091488	0.08529
-0.19914	-0.074058	0.14838
-0.52326	-0.11603	-0.0086262
-0.41049	-0.16589	-0.29008
-0.48471	-0.10924	0.033403
-0.47743	-0.088056	0.15389
-0.46944	-0.10823	0.053805
-0.39711	-0.092044	0.14891
0.59806	-0.089735	-0.018391
0.46069	-0.071088	0.069926
0.18187	-0.12909	-0.14092
0.538	-0.076617	0.060893
0.59512	-0.07982	0.042003
0.060134	-0.12682	-0.19089
-0.14734	-0.16408	-0.30606
-0.5929	-0.082961	0.13344
-0.37551	-0.075463	0.18145
-0.35479	-0.14487	-0.33315
-0.50732	-0.092255	0.11279
0.42394	-0.067843	0.10114
-0.45367	-0.093535	0.142
0.46741	-0.10207	-0.036356
-0.1149	-0.13062	-0.30669
-0.48054	-0.094092	0.1086
0.54366	-0.071322	0.013702
0.14066	-0.068435	0.089211
0.55329	-0.089411	-0.034193
-0.31479	-0.15161	-0.34261
-0.45193	-0.072986	0.17674
-0.38865	-0.076981	0.18814
-0.50893	-0.071535	0.16989
-0.47677	-0.15557	-0.21899
-0.26781	-0.054376	0.094959
-0.028531	-0.12856	-0.21196
-0.35823	-0.084693	0.091165
0.0046793	-0.11431	-0.22676
-0.072384	-0.13878	-0.25168
0.45011	-0.087921	-0.024019
0.40677	-0.06113	0.092097
0.35967	-0.082532	-0.058786
0.16784	-0.072809	0.062309
0.25406	-0.10541	-0.094715
-0.39277	-0.082987	0.10632
-0.37162	-0.062966	0.14443
-0.24819	-0.17046	-0.33137
0.46779	-0.078522	0.0018508
-0.48874	-0.062677	0.19266
0.49636	-0.06651	0.044698
0.40518	-0.088912	-0.04496
0.5982	-0.081377	0.0032345
0.43493	-0.063338	0.076853
-0.22697	-0.057085	0.13918
-0.60312	-0.075275	0.17867
0.49196	-0.078113	-0.0017662
0.52425	-0.080869	-0.01238
-0.52824	-0.084361	0.10316
0.31385	-0.087877	-0.072796
-0.30314	-0.095435	0.090138
0.27198	-0.082764	-0.07677
-0.38998	-0.043111	0.22456
-0.16757	-0.13113	-0.33502
-0.54237	-0.10243	-0.14098
-0.51929	-0.063207	0.20295
0.52374	-0.069661	0.0068441
0.45944	-0.066656	0.03425
-0.31933	-0.059871	0.099874
-0.5098	-0.087722	0.036359
0.32684	-0.05442	0.094589
0.41911	-0.056265	0.042166
0.19903	-0.09946	-0.14084
-0.50932	-0.079531	0.07311
0.38356	-0.068377	0.091578
-0.14964	-0.053559	0.14963
-0.28173	-0.14805	-0.34196
-0.079058	-0.128	-0.27187
0.16064	-0.098692	-0.15334
-0.51675	-0.13527	-0.18139
0.4219	-0.061647	0.013546
-0.59219	-0.0615	0.16108
-0.35645	-0.04766	0.20428
-0.53654	-0.098296	0.0089947
0.022004	-0.11465	-0.21218
-0.054708	-0.10846	-0.24193
0.35421	-0.06673	0.10165
0.31592	-0.063127	-0.037284
0.098348	-0.10609	-0.18039
0.0024936	-0.06709	0.08601
-0.55669	-0.07296	0.10697
-0.53229	-0.069918	0.088088
0.2627	-0.055903	0.084947
-0.24699	-0.058201	0.12386
-0.29985	-0.038282	0.10723
-0.51252	-0.049959	0.19882
0.38115	-0.053129	-0.014915
-0.53778	-0.10243	-0.066552
-0.54626	-0.094684	-0.10175
0.16935	-0.042022	0.074455
0.31797	-0.040827	0.073249
0.37003	-0.047259	0.070636
-0.34362	-0.050856	0.12314
0.1997	-0.041271	0.039101
0.38453	-0.046732	0.0057526
-0.3541	-0.036529	0.22645
-0.39265	-0.14823	-0.31427
-0.26017	-0.1486	-0.34604
0.24805	-0.068029	-0.083035
-0.078944	-0.04289	0.11892
-0.56585	-0.055037	0.13277
-0.33498	-0.021297	0.29807
-0.36091	-0.033348	0.24914
-0.55044	-0.049596	0.18972
-0.33998	-0.030764	0.25207
-0.4443	-0.040602	0.22589
-0.41317	-0.12747	-0.31769
0.08378	-0.03719	0.10114
-0.48971	-0.041173	0.20114
0.21779	-0.070871	-0.12554
0.36912	-0.040814	0.024234
-0.37445	-0.12776	-0.34019
-0.4603	-0.035896	0.21312
-0.52284	-0.091469	-0.22667
-0.2021	-0.13239	-0.34687
-0.55367	-0.043864	0.16857
0.04066	-0.043774	0.099506
-0.43422	-0.019272	0.25464
-0.47529	-0.12143	-0.25537
-0.54347	-0.055878	0.091801
-0.041548	-0.047513	0.11774
-0.35469	-0.016305	0.29922
-0.31717	-0.008601	0.25367
-0.32764	-0.027438	0.20749
-0.53782	-0.048958	0.064747
-0.53076	-0.042806	0.18582
0.25102	-0.041211	0.062572
0.34529	-0.057874	-0.039475
-0.30578	-0.10111	-0.3663
0.13985	-0.063875	-0.18212
0.28389	-0.057079	-0.035926
-0.12568	-0.034341	0.14341
-0.098334	-0.099725	-0.30318
0.19119	-0.072707	-0.15647
0.14751	-0.027015	0.090588
-0.55803	-0.072499	-0.034329
-0.012954	-0.047504	0.10529
0.30235	-0.037403	0.057542
-0.3811	-0.027082	0.246
-0.32819	0.01176	0.34229
-0.3173	-0.015585	0.18568
0.31065	-0.045338	-0.0067422
0.20934	-0.069817	-0.14187
-0.32443	-0.024678	0.15889
-0.34521	0.0052476	0.33204
-0.56413	-0.067588	-0.0022691
-0.45067	-0.024164	0.23532
0.050551	-0.086917	-0.21474
-0.083697	-0.097728	-0.26981
-0.17703	-0.034226	0.14951
-0.44091	-0.1169	-0.29672
0.19709	-0.033529	0.033237
0.32284	-0.033322	0.048365
-0.25226	-0.02558	0.10564
-0.010988	-0.093298	-0.22837
0.33829	-0.03959	-0.012442
0.24803	-0.032732	0.038714
-0.065759	-0.025837	0.12404
0.016655	-0.030257	0.11257
-0.51674	-0.02519	0.17924
-0.54699	-0.04136	0.11492
-0.54552	-0.070625	-0.19324
-0.5429	-0.035867	0.14418
0.32795	-0.033027	0.023757
-0.3163	-0.0283	0.12973
0.25773	-0.044349	-0.041124
0.28549	-0.031261	0.018925
-0.29987	0.0013976	0.19928
0.16638	-0.066662	-0.17364
0.22293	-0.04813	-0.11552
0.19092	-0.024719	0.059055
-0.24775	-0.12364	-0.35888
-0.38626	0.0076206	0.27641
-0.4093	0.0095393	0.26812
0.22655	-0.062667	-0.15477
-0.18821	-0.10532	-0.35
-0.019222	-0.02081	0.1177
-0.536	-0.015828	0.14786
0.084813	-0.015479	0.1129
-0.35518	0.025093	0.34688
0.21315	-0.013865	0.033738
0.13951	-0.0010759	0.10304
-0.13268	-0.093428	-0.33431
-0.4561	-0.0061495	0.22783
0.24099	-0.063671	-0.17771
0.21414	-0.025126	0.0082194
0.23765	-0.022357	-0.0072598
-0.48768	-0.011167	0.20888
0.16675	-0.0016284	0.086122
0.05152	-0.058011	-0.22451
-0.35818	-0.10671	-0.35593
-0.43355	0.0098826	0.25242
-0.14811	-0.010862	0.1414
0.12056	-0.051879	-0.19561
-0.3174	0.044886	0.34915
0.022772	-0.059455	-0.22918
0.26339	-0.070155	-0.22537
-0.39467	0.026143	0.28422
-0.54781	-0.045962	0.026219
-0.28198	0.011814	0.23371
-0.29841	0.0015059	0.1603
0.28542	-0.062279	-0.21733
0.29359	-0.067247	-0.24579
-0.21693	-0.012009	0.12887
-0.34365	0.037755	0.3608
-0.16131	-0.09075	-0.3492
-0.1082	-0.071341	-0.29024
-0.52306	-0.0081413	0.16212
-0.21312	-0.093264	-0.36384
0.23565	-0.039021	-0.080455
0.15263	-0.047562	-0.18603
-0.12223	0.0046538	0.12057
0.10594	0.018757	0.1096
-0.57648	-0.03911	-0.0071598
-0.29	0.032084	0.28093
-0.0087085	0.015948	0.11744
0.2098	-0.063063	-0.18641
0.32583	-0.065225	-0.29669
0.2313	-0.039758	-0.13004
0.30584	-0.067729	-0.2933
-0.47989	-0.090345	-0.27158
-0.43196	-0.080215	-0.32728
-0.50336	0.0099534	0.1926
0.049153	0.0094703	0.1157
-0.18087	-0.0020298	0.13702
0.19386	-0.051835	-0.19899
0.27046	-0.054409	-0.18704
0.31562	-0.055754	-0.24468
0.22829	-0.009654	-0.014025
0.22351	-0.051383	-0.21891
-0.55007	0.0047936	0.11939
-0.47236	0.022062	0.22295
-0.54684	-0.026922	0.09371
-0.28096	-0.081181	-0.3712
0.25501	-0.043559	-0.16878
0.20394	0.0047238	0.044289
0.29591	-0.063382	-0.30565
-0.56132	0.0067039	0.081593
-0.1117	-0.063445	-0.33048
0.25997	-0.062932	-0.25138
0.23708	-0.020078	-0.033951
-0.30795	0.023203	0.31943
0.22048	-0.013793	-0.08504
-0.027631	-0.061812	-0.24478
-0.32437	-0.068922	-0.37504
0.32451	-0.065309	-0.32436
-0.27585	0.037822	0.26097
-0.28928	0.0045292	0.126
-0.37174	0.054361	0.34217
-0.56886	0.005601	0.027727
-0.2699	0.053986	0.23853
0.22151	-0.026061	-0.2341
-0.064043	0.023756	0.12053
-0.27711	0.011343	0.11696
-0.56129	0.0037186	0.056581
0.3244	-0.03688	-0.23192
0.2035	0.02966	0.059055
0.31536	-0.059964	-0.36223
0.3407	-0.052056	-0.32096
0.3345	-0.045243	-0.26821
0.34106	-0.060899	-0.36647
-0.43276	0.048167	0.25155
0.27013	-0.049918	-0.28798
-0.56237	-0.051574	-0.10372
0.0071982	-0.028677	-0.24879
-0.28031	0.033014	0.20341
-0.44963	0.052752	0.23257
0.22851	-0.014335	-0.11874
-0.22254	0.0064534	0.10983
-0.065049	-0.060632	-0.26653
0.20722	0.0089106	-0.036963
-0.19489	0.028798	0.11142
-0.17059	0.017503	0.1213
0.34277	-0.034792	-0.29076
0.286	-0.045601	-0.32918
0.21149	0.018675	0.004041
0.22451	0.0026403	-0.1285
-0.52928	0.054703	0.15731
0.28245	-0.038119	-0.19688
-0.4719	-0.052633	-0.29457
0.2477	-0.018081	-0.1548
-0.16745	-0.066122	-0.35493
-0.3906	0.048508	0.30399
-0.24342	0.022536	0.10698
0.12145	-0.016174	-0.20272
0.15671	0.042505	0.098055
-0.28887	0.019618	0.14657
0.11806	0.050709	0.10765
-0.12335	0.03782	0.1125
-0.40008	0.064558	0.27829
-0.51755	0.041525	0.17658
-0.50213	0.046711	0.19235
-0.28924	0.042289	0.14855
-0.57787	-0.0094399	-0.04852
0.18892	-0.02504	-0.21105
-0.40525	-0.053974	-0.35083
0.32603	-0.04532	-0.39175
-0.25091	-0.056817	-0.37535
-0.2756	0.058583	0.2588
-0.48656	-0.028857	-0.28032
-0.38017	0.067236	0.31868
-0.54719	0.048962	0.14018
0.29204	-0.019454	-0.2059
0.25261	-0.03247	-0.26892
0.18894	0.041158	0.07552
-0.21987	-0.043962	-0.3741
-0.52173	-0.050658	-0.24407
-0.082685	-0.034265	-0.29028
0.15387	-0.01456	-0.19766
0.052565	-0.010114	-0.23071
-0.036312	-0.014534	-0.25815
-0.15274	-0.047354	-0.35594
0.34895	-0.027675	-0.33331
0.33239	-0.018011	-0.26136
-0.55777	-0.052099	-0.16052
0.20846	0.036972	0.046442
0.33874	-0.037437	-0.39604
0.33982	-0.020382	-0.30774
-0.55429	-0.018213	-0.19551
-0.064977	-0.016341	-0.27677
-0.09639	-0.034557	-0.31642
0.34971	-0.043014	-0.38253
-0.5635	-0.017368	-0.15727
0.25391	0.00049452	-0.17794
0.20868	0.018411	-0.082857
-0.34535	0.073669	0.35998
-0.17171	0.038336	0.11575
0.31793	-0.012077	-0.23104
-0.32352	0.097696	0.33529
-0.2414	0.057425	0.090098
-0.26685	0.039196	0.1071
-0.27945	0.079376	0.23551
-0.0068495	-0.0075422	-0.25341
0.070219	0.050853	0.1089
-0.27411	-0.033218	-0.37699
0.20049	-0.0025637	-0.21685
0.2929	-0.03069	-0.35041
0.25783	-0.01485	-0.27529
-0.090846	0.084655	0.090682
-0.58227	0.019685	0.001426
0.15119	0.058313	0.09455
-0.41287	0.065333	0.26277
0.20435	0.044092	0.030944
0.16071	0.01123	-0.1957
0.20807	0.026688	-0.040834
-0.039153	0.077723	0.098495
0.21311	0.038515	-0.020174
0.23543	0.01337	-0.17831
0.32689	-0.0022583	-0.2829
0.2793	-0.0096676	-0.30887
-0.54569	0.010744	-0.21286
0.22338	-0.0047683	-0.23644
-0.36682	0.1063	0.31191
-0.36826	-0.047643	-0.36567
-0.29226	0.059819	0.16951
0.34397	-0.022991	-0.36005
-0.28338	0.047427	0.12193
0.28353	0.014287	-0.23313
-0.56473	0.032975	0.050908
-0.12789	0.061011	0.11097
-0.12506	-0.028679	-0.34434
-0.46505	0.086841	0.21844
0.26793	0.0030072	-0.27117
0.071357	0.041288	-0.22269
0.19109	0.053713	0.057759
0.30298	-0.0091246	-0.35409
-0.56349	0.043661	0.097442
-0.56391	0.019379	-0.11805
0.057679	0.073861	0.10118
0.21189	0.044829	-0.099101
0.16398	0.067165	0.072045
0.23411	0.044085	-0.035555
0.16341	0.071955	0.037519
0.32004	-0.0034588	-0.32134
-0.48714	0.075317	0.20659
-0.31794	-0.0091383	-0.37697
0.23511	0.012526	-0.22766
-0.51853	-0.005574	-0.25164
0.19825	0.01774	-0.19788
0.20932	0.049575	-0.0018414
0.30656	0.0092567	-0.26469
-0.45204	-0.033209	-0.31634
-0.30142	0.095016	0.21949
0.20413	0.034742	-0.13006
0.26605	0.054119	-0.021742
-0.29708	0.08683	0.27189
-0.3117	0.10526	0.29278
-0.38411	0.099327	0.24979
-0.56584	-0.012881	-0.12459
0.27798	0.058251	-0.029653
0.30475	-0.0025641	-0.32344
0.21611	0.067976	0.008087
-0.56745	0.043682	0.016518
-0.44751	0.099301	0.24404
-0.1547	-0.0045383	-0.35897
0.22216	0.066094	-0.055158
-0.34049	0.099679	0.34675
0.22712	0.017446	-0.20073
-0.04748	0.026005	-0.25571
0.29121	0.0099454	-0.27328
-0.31897	0.083347	0.1426
0.10513	0.075373	0.092135
-0.30071	0.081038	0.19183
-0.25647	-0.022285	-0.38005
-0.077719	0.013112	-0.30473
-0.55816	0.027771	-0.17037
-0.20885	0.07674	0.11726
0.0049172	0.017591	-0.24412
0.24271	0.064601	0.00018825
0.31066	0.074892	-0.0016863
0.10977	0.035591	-0.20774
-0.28515	0.057184	0.10814
-0.19029	-0.0038286	-0.36703
-0.26075	0.085601	0.071085
-0.55488	0.06246	0.027447
-0.05413	0.013266	-0.26294
0.1768	0.030854	-0.1848
0.20826	0.026885	-0.1712
-0.23783	0.010497	-0.37807
-0.32471	0.092112	0.11471
-0.56724	0.066799	0.085898
0.1139	0.092622	0.072293
-0.33132	0.11438	0.31652
-0.17086	0.08539	0.12507
-0.35037	0.1203	0.30561
0.017503	0.082347	0.091455
-0.56416	0.059491	0.11911
-0.30449	0.094576	0.085167
-0.40721	0.082692	0.25384
-0.3737	-0.018417	-0.36715
-0.55675	0.075499	0.15139
-0.36578	0.12021	0.28047
0.3113	0.074376	-0.01292
0.26913	0.088037	0.025402
-0.32895	0.11269	0.2645
-0.50085	0.10217	0.18142
0.17277	0.079513	0.025623
0.18363	0.045736	-0.1743
-0.28496	0.012268	-0.37487
0.20143	0.051872	-0.14468
-0.23511	0.081442	0.1019
-0.14394	0.11172	0.12084
-0.48017	0.016339	-0.28377
-0.43101	-0.0043615	-0.33346
-0.11306	0.11828	0.10691
0.12489	0.11083	0.053188
-0.52742	0.084094	0.16987
0.24379	0.088933	-0.048759
0.10276	0.082174	-0.20061
0.044734	0.094588	0.075054
0.3362	0.082411	-0.013056
-0.33137	0.11041	0.23449
-0.33909	0.09585	0.14509
0.30555	0.094569	0.022903
-0.56803	0.065009	0.00079897
-0.092545	0.017867	-0.31469
-0.58006	0.051499	-0.026634
-0.59313	0.10646	0.17032
-0.47999	0.11706	0.17819
-0.42641	0.12436	0.19809
-0.40042	0.10672	0.22947
-0.58838	0.083601	0.13446
-0.59505	0.092315	0.11102
0.31085	0.09231	-0.029998
0.3629	0.084508	-0.020495
-0.4007	0.0017252	-0.35311
0.34701	0.081859	-0.060466
0.2206	0.064637	-0.11516
-0.018047	0.10587	0.06328
0.21758	0.096072	0.027065
-0.55483	0.054584	-0.11741
-0.54623	0.093518	0.17233
0.24156	0.085819	-0.10043
0.15617	0.10763	0.033469
-0.069879	0.115	0.070178
0.39776	0.10344	-0.044375
-0.55565	0.072795	0.058265
-0.37084	0.11683	0.22586
-0.35193	0.11637	0.18268
0.29563	0.10799	0.038826
0.35279	0.12318	0.038266
-0.6087	0.10252	0.1433
-0.3596	0.12102	0.23012
-0.34343	0.125	0.25777
-0.5239	0.10363	0.1726
-0.32665	0.02641	-0.37104
-0.16809	0.051442	-0.35774
-0.44303	0.10565	0.23807
0.041026	0.0694	-0.22026
0.36861	0.10049	0.0033491
0.33367	0.087261	-0.087223
-0.54113	0.082167	0.013916
-0.36589	0.11194	0.13405
-0.36328	0.12253	0.20814
0.41507	0.11651	-0.025256
0.14085	0.060788	-0.20366
-0.57385	0.089039	0.082628
-0.40825	0.033802	-0.33862
0.23651	0.080215	-0.12929
0.25111	0.12	0.046594
0.1747	0.07457	-0.18419
-0.34717	0.11552	0.086951
-0.013239	0.06961	-0.23092
-0.54759	0.089114	0.063346
-0.5689	0.12421	0.18924
-0.19914	0.12579	0.11997
0.20817	0.080589	-0.16342
-0.27745	0.11453	0.063055
-0.53284	0.087134	0.034553
-0.54266	0.12042	0.17317
0.13035	0.13609	0.034861
0.10377	0.1182	0.058547
0.53231	0.10632	-0.039566
0.54042	0.11055	-0.016417
0.068731	0.13075	0.052396
0.24612	0.097914	-0.070336
-0.50918	0.11643	0.16481
0.42612	0.1281	-0.093805
0.19064	0.11799	0.033002
0.31154	0.088386	-0.12281
-0.58324	0.11263	0.087859
0.57395	0.11482	-0.013877
-0.23699	0.038658	-0.37318
-0.51059	0.062911	-0.24279
0.27494	0.089459	-0.12125
0.29348	0.082184	-0.15061
-0.10701	0.018162	-0.33292
-0.080435	0.060949	-0.29806
-0.25271	0.11805	0.090467
-0.065311	0.061404	-0.257
-0.54437	0.072109	-0.11726
-0.22722	0.12303	0.1105
0.25185	0.082019	-0.15325
0.50095	0.12065	-0.0011263
0.25761	0.095012	-0.050078
0.29032	0.095346	-0.097643
0.59138	0.11831	-0.020431
0.57808	0.11013	-0.056494
0.51109	0.10827	-0.021706
-0.51384	0.11666	0.078023
-0.51613	0.10387	0.049624
-0.51904	0.11871	0.14085
0.015213	0.11287	0.0586
0.24764	0.087016	-0.17998
-0.52039	0.088119	-0.21505
-0.53859	0.10306	-0.011758
0.53372	0.12778	0.011219
-0.61207	0.12857	0.10309
-0.54498	0.1229	0.14571
-0.60949	0.13206	0.18371
0.29657	0.099177	-0.054901
-0.61701	0.12154	0.13314
0.047202	0.12985	0.048831
-0.38123	0.14212	0.18004
-0.54568	0.10144	-0.032897
-0.0049121	0.067737	-0.22856
0.5189	0.11472	-0.06714
0.27046	0.091734	-0.17047
-0.6074	0.15292	0.17936
0.54345	0.11431	-0.076784
0.48338	0.1202	-0.031639
0.21613	0.10357	-0.18847
0.43692	0.12036	-0.036226
0.40905	0.1211	0.00032998
0.30437	0.13786	0.055481
0.3676	0.1086	-0.11164
-0.37366	0.037382	-0.35506
-0.4357	0.053088	-0.31375
-0.30069	0.039877	-0.36936
-0.38648	0.125	0.096334
-0.1281	0.058748	-0.34265
0.42617	0.12526	-0.0083965
0.21169	0.15076	0.038788
-0.44108	0.14445	0.14905
0.49037	0.13128	0.012892
-0.53307	0.078959	-0.18273
-0.49358	0.13057	0.13303
-0.070713	0.13937	0.05256
-0.3286	0.063102	-0.35697
-0.052722	0.095731	-0.21673
0.34451	0.15331	0.059966
0.43205	0.13801	0.019568
0.38578	0.1476	0.039737
0.17237	0.14703	0.026463
-0.50945	0.13233	0.12568
0.57693	0.11968	-0.083096
-0.44824	0.057413	-0.295
0.4831	0.14586	-0.091417
-0.53678	0.12229	0.086721
0.47849	0.12759	-0.062271
0.64566	0.13938	-0.037306
-0.043742	0.13221	0.042228
0.7089	0.1805	0.017941
0.40498	0.14153	0.033979
0.61555	0.16497	0.035827
-0.63501	0.1598	0.16178
0.4437	0.12778	-0.073447
-0.56469	0.13708	0.15441
0.48758	0.14925	0.040504
-0.51117	0.10912	0.0012173
-0.3829	0.13831	0.067918
-0.52257	0.096719	-0.11894
0.19049	0.098462	-0.18388
-0.017517	0.14167	0.012024
0.36891	0.12268	-0.14323
0.40548	0.14693	0.051269
-0.11001	0.1513	0.089568
0.09143	0.14162	0.035879
-0.54051	0.090763	-0.081795
-0.16205	0.13537	0.11849
-0.31488	0.114	0.072587
-0.52253	0.13859	0.11312
-0.42637	0.15381	0.13091
-0.39297	0.14697	0.12216
-0.3912	0.14	0.091357
0.43862	0.15541	0.04316
0.14645	0.087302	-0.19921
-0.49316	0.12696	0.054681
-0.60167	0.1466	0.10395
0.27588	0.11214	-0.1811
0.29802	0.17612	0.062605
-0.62665	0.15547	0.12874
0.62222	0.139	-0.08042
0.79787	0.20598	0.18265
-0.49048	0.1281	0.0023136
-0.20522	0.079592	-0.36321
-0.076369	0.11103	-0.23171
0.43867	0.14672	-0.11392
-0.4729	0.14071	0.051415
-0.50707	0.12294	-0.076845
0.80036	0.18407	0.11155
-0.52464	0.1157	-0.053594
0.78787	0.18628	0.1511
0.78727	0.17978	0.10402
0.049854	0.11051	-0.1957
-0.51636	0.12765	-0.029632
0.37366	0.1686	0.05048
-0.16571	0.085554	-0.35149
0.18459	0.11711	-0.19539
-0.099298	0.074463	-0.31388
-0.19154	0.16321	0.10567
0.53714	0.13062	-0.095875
-0.39115	0.16072	0.080183
-0.63927	0.16795	0.14661
-0.4679	0.14459	0.076592
-0.44338	0.15544	0.10052
0.012788	0.1445	0.013672
-0.40382	0.15572	0.10588
0.38805	0.17112	0.064806
-0.34301	0.14692	0.054184
0.58575	0.13527	0.013211
-0.25638	0.15975	0.080079
0.81104	0.20523	0.17122
0.062169	0.1237	-0.18448
0.24457	0.17732	0.05094
0.44373	0.1811	0.056961
-0.29024	0.14403	0.056935
0.50534	0.17872	0.059718
-0.25545	0.074759	-0.36552
0.41237	0.1788	0.071783
-0.2425	0.16812	0.090369
-0.53998	0.15696	0.11984
-0.080269	0.096485	-0.27827
-0.46413	0.099242	-0.25675
0.081732	0.17098	0.0075899
-0.50505	0.11197	-0.10676
0.75486	0.19176	0.1183
0.6488	0.15892	0.022235
0.51957	0.1625	-0.11772
0.728	0.18174	-0.017976
0.1176	0.11478	-0.19676
-0.051903	0.1258	-0.17763
-0.057005	0.16217	-0.0015914
-0.60792	0.17279	0.1225
0.81672	0.20694	0.11147
-0.37296	0.07635	-0.33578
-0.066142	0.098969	-0.22423
-0.001559	0.11667	-0.19061
0.81063	0.1925	0.063551
0.32866	0.11467	-0.15774
0.79924	0.18822	0.040835
0.76572	0.18707	0.062669
-0.41824	0.096328	-0.298
-0.30462	0.081657	-0.35504
0.56105	0.14776	-0.11039
-0.087807	0.17334	0.038449
-0.62807	0.17398	0.16257
0.69329	0.18979	0.043031
-0.0025866	0.15916	-0.029804
-0.096782	0.11501	-0.27657
-0.073711	0.15634	0.030146
0.76751	0.21195	0.16095
0.69859	0.1793	-0.068095
0.40884	0.14158	-0.13987
0.58624	0.17654	0.044533
0.81225	0.23996	0.1609
-0.51264	0.10457	-0.20977
0.74023	0.19068	0.052584
0.64436	0.16379	-0.08884
-0.018025	0.13476	-0.16791
0.37021	0.14557	-0.15667
0.74428	0.19902	0.083934
0.75878	0.18466	0.03022
0.37247	0.19461	0.050815
-0.34784	0.16635	0.04502
0.16941	0.18181	0.014408
-0.13903	0.17748	0.080849
0.13642	0.17526	0.011215
0.47262	0.16374	-0.11075
-0.49853	0.11777	-0.14797
-0.12772	0.10579	-0.32038
0.72383	0.18832	0.030212
-0.42739	0.16702	0.048386
0.7587	0.18259	-0.010605
-0.48327	0.15515	-0.046418
0.48887	0.16624	-0.10725
0.3284	0.15322	-0.17068
0.24694	0.144	-0.19686
0.81673	0.22306	0.095741
0.65653	0.18882	0.057487
0.53055	0.20758	0.064504
-0.034226	0.17162	-0.044091
0.57019	0.20477	0.072344
-0.56867	0.16756	0.12355
0.78846	0.18863	-0.024544
0.067433	0.14375	-0.1766
-0.48003	0.15576	-0.072483
-0.066987	0.13805	-0.17141
-0.40552	0.1713	0.063058
0.80099	0.1947	-0.02774
0.56232	0.19006	0.058902
0.72174	0.2089	0.06457
0.81845	0.25324	0.13613
0.33913	0.1984	0.060549
0.39585	0.19802	0.069689
0.74669	0.21914	0.12906
-0.22522	0.18908	0.081314
-0.27874	0.18008	0.051037
-0.048387	0.14612	-0.13909
-0.059166	0.17608	-0.017705
-0.49763	0.12386	-0.19104
0.030298	0.13861	-0.16928
-0.36548	0.11428	-0.31819
0.70614	0.21296	0.059355
0.64751	0.22608	0.080525
0.068845	0.18256	-0.012499
0.023292	0.1603	-0.13871
-0.62324	0.18733	0.14387
0.44174	0.20455	0.057896
0.27061	0.22089	0.046715
0.81248	0.2108	0.042514
0.48702	0.21024	0.065115
0.092689	0.14812	-0.18033
0.1441	0.18239	-0.19562
-0.084808	0.14201	-0.24533
-0.0058698	0.17166	-0.040788
0.72885	0.18574	-0.042793
0.76804	0.24081	0.14991
-0.30873	0.10449	-0.34542
0.81181	0.21392	-0.0071904
0.79585	0.24384	0.16695
-0.48653	0.12094	-0.21569
-0.16824	0.18656	0.079614
0.42755	0.16904	-0.14074
-0.2581	0.12519	-0.34209
0.28759	0.16306	-0.18927
-0.33869	0.12034	-0.3225
-0.46806	0.1539	-0.092827
-0.43874	0.17042	0.0098126
0.23916	0.17254	-0.19543
-0.039547	0.1657	-0.080282
0.167	0.13987	-0.20031
-0.25443	0.1901	0.061156
0.76953	0.19707	-0.059779
-0.019101	0.15931	-0.11854
0.64506	0.1999	-0.10387
0.56751	0.19502	-0.12859
-0.084364	0.15108	-0.22421
-0.06647	0.16631	-0.10113
0.60196	0.20415	0.074223
0.0088686	0.17194	-0.099434
-0.055582	0.17245	-0.056629
-0.38379	0.17179	0.066671
0.30669	0.21357	0.054353
0.2144	0.20144	0.033614
-0.45038	0.17401	-0.031561
0.59744	0.17467	-0.11228
0.72431	0.22979	0.093141
0.72163	0.19615	-0.062563
-0.0051515	0.17324	-0.058578
0.076709	0.16685	-0.16048
-0.18296	0.12454	-0.33085
0.68685	0.21909	0.067289
-0.086897	0.16524	-0.1643
-0.18768	0.20965	0.052796
0.45956	0.17572	-0.12704
-0.083873	0.16857	-0.14
-0.13385	0.19749	0.047163
-0.097084	0.18463	-0.19538
0.69523	0.20622	-0.084263
0.12453	0.20658	-0.022363
0.056813	0.18834	-0.036663
-0.39274	0.13125	-0.28826
0.14415	0.20587	-0.013334
-0.4532	0.12654	-0.24462
0.024611	0.18214	-0.045363
0.72794	0.21039	-0.070592
-0.39789	0.19416	0.035049
-0.15655	0.12611	-0.32362
-0.10525	0.15139	-0.24438
-0.20158	0.13651	-0.33185
0.33719	0.17858	-0.16755
-0.083294	0.18725	0.0067482
0.37625	0.21661	0.042307
0.063675	0.17698	-0.14514
0.3786	0.18717	-0.15935
0.54102	0.22917	0.065794
-0.3559	0.19282	0.048876
0.54755	0.20279	-0.13027
0.60329	0.23296	0.082797
-0.4717	0.14983	-0.16712
0.70134	0.23827	0.06936
-0.46613	0.14859	-0.19952
0.78437	0.27885	0.18969
0.80794	0.25756	0.16605
0.31656	0.22908	0.04767
0.48236	0.20395	-0.11634
0.045995	0.19123	-0.07626
-0.37436	0.19835	0.047221
-0.23844	0.14639	-0.331
-0.13484	0.14981	-0.2809
-0.44725	0.16782	-0.13672
-0.45574	0.17207	-0.16945
0.41099	0.20345	-0.14627
-0.12059	0.20883	-0.0079755
0.18466	0.22113	0.009826
0.052018	0.18635	-0.11796
-0.090414	0.19739	-0.055802
0.79035	0.2105	-0.060841
-0.26865	0.2008	0.0442
0.17663	0.18145	-0.18974
-0.43916	0.20049	-0.069338
-0.41001	0.20831	-0.010575
-0.39234	0.15358	-0.26743
-0.30906	0.21489	0.036532
0.56262	0.24676	0.063299
0.10284	0.21304	-0.052284
-0.30633	0.14669	-0.31812
0.71455	0.25262	0.081552
-0.42518	0.21691	-0.090223
-0.10181	0.19608	-0.13022
0.80794	0.28692	0.18182
0.069378	0.20256	-0.10373
0.41118	0.24513	0.015584
-0.21602	0.22397	0.026237
0.73715	0.26666	0.1281
-0.42986	0.19116	-0.13289
-0.35343	0.21303	0.03897
0.77288	0.24405	-0.090684
0.095014	0.20914	-0.14068
0.21583	0.22906	0.02267
0.43336	0.2229	0.051387
0.48249	0.24428	0.055091
0.37915	0.24197	0.01471
0.11546	0.19612	-0.17269
0.80588	0.26573	0.014598
0.60953	0.22754	-0.1189
-0.17887	0.16195	-0.2932
0.13271	0.2251	-0.04163
-0.14973	0.18945	-0.2465
0.30571	0.20244	-0.17578
0.50892	0.23807	0.058412
-0.38763	0.17407	-0.24521
-0.40751	0.2237	-0.038515
-0.11484	0.1828	-0.21304
-0.35972	0.15745	-0.285
-0.19598	0.19421	-0.26563
0.60921	0.25549	0.083928
0.5042	0.23564	-0.12002
0.68832	0.24769	-0.086
0.43236	0.20192	-0.13211
0.69245	0.26919	0.065781
0.25838	0.2449	0.024542
0.35523	0.20814	-0.15266
-0.25801	0.16224	-0.3161
-0.11113	0.21125	-0.14326
0.76585	0.28545	0.17359
-0.1904	0.22764	0.0083494
-0.13638	0.22389	-0.058377
-0.11679	0.21367	-0.098497
0.81321	0.3048	0.096993
0.72984	0.2389	-0.080789
-0.27364	0.22525	0.026949
0.80771	0.27575	0.04353
-0.38028	0.22088	0.013363
0.32641	0.25901	0.015863
0.79104	0.25357	-0.084243
-0.14708	0.21954	-0.016481
0.23463	0.19789	-0.18956
0.17741	0.24294	-0.013554
0.79331	0.29158	0.18862
-0.39028	0.19705	-0.17904
0.47328	0.23107	-0.10617
0.43502	0.25612	0.017627
0.15794	0.23044	-0.1792
0.80492	0.2946	-0.027735
-0.232	0.17492	-0.30329
0.74919	0.28828	0.13542
0.42639	0.23538	-0.11098
0.45634	0.25729	0.034621
0.80636	0.27546	-0.077877
0.71902	0.28351	0.084754
0.70694	0.28543	0.065305
0.81189	0.31401	0.14776
-0.31509	0.22963	0.015651
-0.39197	0.18903	-0.20943
0.51005	0.26159	0.038768
0.11871	0.2357	-0.08195
-0.16217	0.23877	-0.046218
0.36272	0.2363	-0.12603
0.095649	0.22154	-0.1107
-0.21455	0.24772	0.015012
-0.13685	0.21151	-0.18334
0.54699	0.22937	-0.12689
-0.15211	0.24004	-0.089271
-0.34716	0.23788	-0.019426
0.1278	0.21764	-0.16956
-0.42017	0.20719	-0.056814
0.81697	0.33648	0.12159
-0.36683	0.23412	-0.093375
0.40553	0.25691	-0.018532
0.36149	0.25943	-0.0055305
0.18844	0.23499	-0.16321
-0.18691	0.20163	-0.25817
-0.24756	0.25365	0.023968
-0.32493	0.24607	-0.0020933
0.22152	0.22826	-0.17482
0.71613	0.26108	-0.074612
0.76338	0.30385	0.14126
0.39873	0.23354	-0.12718
0.45519	0.25447	-0.081613
-0.30662	0.18862	-0.27973
-0.36465	0.23596	-0.046834
0.43676	0.26535	-0.017848
0.11692	0.24287	-0.10638
-0.28204	0.25259	0.019451
-0.22795	0.2004	-0.27869
0.20724	0.26988	-0.027045
0.48392	0.28419	0.0085489
-0.33275	0.20208	-0.25126
0.78777	0.31097	0.15975
0.69503	0.29388	0.048648
-0.37488	0.22065	-0.16909
-0.18348	0.22196	-0.20024
-0.15327	0.23355	-0.12829
0.60069	0.26423	-0.10776
0.28605	0.23928	-0.15584
-0.39639	0.22448	-0.12456
0.48731	0.26285	-0.098377
0.17281	0.26809	-0.052786
0.26703	0.26885	-0.00077419
0.32122	0.24412	-0.13777
0.13152	0.24659	-0.067952
0.41687	0.25981	-0.054783
0.57081	0.29211	0.024588
0.54615	0.25829	-0.11786
0.62626	0.28481	0.052582
-0.35975	0.21525	-0.2039
0.36665	0.26697	-0.045058
0.11958	0.2402	-0.13339
-0.38261	0.21976	-0.1466
-0.19401	0.21501	-0.23191
0.73617	0.31134	0.11114
-0.18087	0.23043	-0.17137
-0.3718	0.23311	-0.10864
0.65427	0.27622	-0.082276
-0.26357	0.21656	-0.25883
0.44654	0.26742	-0.050176
0.42055	0.25529	-0.082981
0.13954	0.24196	-0.1679
0.22022	0.2562	-0.14738
-0.30794	0.26234	0.014674
0.36794	0.26137	-0.087047
-0.34926	0.23351	-0.17312
0.3238	0.27635	-0.027291
0.31884	0.27018	-0.094216
0.60795	0.29705	0.025554
0.81035	0.31671	0.025261
0.71211	0.27263	-0.06543
0.13391	0.25867	-0.090364
0.52639	0.29875	-0.089301
-0.35122	0.24859	-0.042953
0.48251	0.29886	-0.03196
0.80785	0.30367	-0.0024686
0.3476	0.27319	-0.052269
-0.17974	0.24863	-0.027581
-0.33331	0.24044	-0.14539
-0.23946	0.22421	-0.23611
0.72463	0.30933	0.071677
0.79177	0.28219	-0.085092
-0.23127	0.30047	0.039041
-0.32195	0.23115	-0.19982
0.7173	0.29866	-0.028022
-0.35125	0.24903	-0.093652
-0.29321	0.22188	-0.23315
0.26597	0.28426	-0.043035
0.71969	0.30909	0.029282
0.81595	0.33398	0.067993
0.68323	0.30324	0.019703
0.75105	0.3007	-0.047886
-0.23614	0.2377	-0.19312
-0.2385	0.23179	-0.21653
-0.16342	0.25819	-0.084233
0.26415	0.27413	-0.11695
-0.17153	0.25536	-0.13937
-0.35806	0.23905	-0.15402
0.6858	0.29659	-0.037314
0.79757	0.34618	0.15988
0.79717	0.29396	-0.066335
0.53338	0.29901	0.0068936
0.65847	0.30056	-0.052128
0.65399	0.30495	0.023295
0.22734	0.282	-0.044365
0.16917	0.26552	-0.14249
0.2938	0.28331	-0.07116
-0.26506	0.2375	-0.19425
-0.28351	0.23256	-0.21884
-0.17589	0.28284	-0.03159
0.78654	0.29522	-0.072543
-0.30294	0.28727	0.028491
0.75301	0.34068	0.11015
-0.29361	0.24295	-0.18304
-0.196	0.26702	-0.0012094
0.48325	0.28786	-0.073688
0.14349	0.26438	-0.12506
-0.33101	0.25405	-0.13457
-0.34775	0.26512	-0.033493
-0.16622	0.28543	-0.06016
0.57616	0.29848	-0.084874
0.20727	0.27113	-0.12121
-0.32989	0.29176	0.016948
0.17252	0.27974	-0.099512
-0.30355	0.26287	-0.16318
-0.35337	0.27511	-0.07243
0.72971	0.31122	0.00086638
0.64321	0.31096	-0.017889
0.78722	0.31276	-0.0089627
-0.21213	0.2721	0.016194
0.2312	0.28166	-0.088914
0.75036	0.31991	0.028871
-0.32252	0.29998	0.032847
-0.16342	0.26827	-0.097322
0.80813	0.33164	0.048853
0.58729	0.31248	-0.0031952
-0.20235	0.25766	-0.16853
0.74028	0.32545	0.074473
0.52636	0.31063	-0.024135
0.19903	0.2859	-0.085566
0.61349	0.31079	-0.045801
0.78399	0.32564	0.033903
0.78043	0.35023	0.13624
0.80863	0.34959	0.15009
-0.3547	0.3199	-0.0040954
-0.28918	0.31481	0.051249
0.50995	0.30816	-0.063004
0.76146	0.33289	0.13324
0.80794	0.35539	0.13754
0.76656	0.34626	0.094928
0.57077	0.31383	-0.049715
-0.1974	0.30283	0.01281
0.5313	0.30849	-0.070161
0.79568	0.34941	0.085046
-0.17224	0.31213	-0.042999
-0.33346	0.28383	-0.12605
-0.35592	0.31491	-0.028948
-0.2554	0.31386	0.051785
-0.16981	0.31957	-0.089155
-0.24943	0.29638	-0.17076
-0.26459	0.27307	-0.17724
-0.18891	0.32956	-0.0044898
-0.21947	0.34698	0.051324
-0.35334	0.30222	-0.082047
-0.32517	0.33735	0.060293
-0.27985	0.34231	0.072986
-0.3439	0.34513	0.044005
-0.18035	0.33651	-0.035816
-0.24839	0.36348	0.077445
-0.34454	0.31706	-0.10164
-0.28551	0.31652	-0.15745
-0.21556	0.30172	-0.16064
-0.31372	0.3423	0.075552
-0.18791	0.28399	-0.14852
-0.32086	0.32145	-0.13165
-0.29609	0.35775	0.10712
-0.35052	0.35075	0.061879
-0.26138	0.36181	0.088317
-0.21507	0.3665	0.053339
-0.35424	0.34109	-0.047584
-0.21921	0.33255	-0.1468
-0.35648	0.35989	0.11409
-0.18087	0.32007	-0.12512
-0.26624	0.37334	0.12054
-0.3307	0.3742	0.11975
-0.17849	0.33989	-0.07583
-0.26161	0.33412	-0.15118
-0.39903	0.37862	0.11074
-0.38744	0.37754	0.12797
-0.36096	0.38347	-0.022934
-0.19552	0.36979	-0.021892
-0.20269	0.37211	0.012656
-0.3552	0.36141	0.029646
-0.39051	0.37346	0.07818
-0.22931	0.38607	0.068449
-0.19125	0.35928	-0.065703
-0.39462	0.39857	0.16186
-0.37107	0.39457	0.13929
-0.28825	0.3483	-0.13302
-0.29503	0.39397	0.12308
-0.26103	0.3939	0.12653
-0.32067	0.35308	-0.10832
-0.32948	0.38835	0.12253
-0.21369	0.39172	0.037374
-0.36223	0.37577	0.0099047
-0.34819	0.36554	-0.059207
-0.41046	0.40257	0.16622
-0.42271	0.40334	0.12879
-0.22631	0.39401	-0.078525
-0.40759	0.3888	0.093841
-0.23448	0.40543	0.12218
-0.4288	0.41813	0.14982
-0.24915	0.37961	-0.10627
-0.24891	0.42701	0.15139
-0.38172	0.3903	0.028665
-0.35842	0.39844	-0.0054765
-0.19899	0.4067	-0.008269
-0.20271	0.36756	-0.087599
-0.3182	0.38503	-0.082206
-0.28339	0.39392	-0.089326
-0.4087	0.42101	0.18585
-0.22025	0.41505	0.074089
-0.3478	0.43696	0.18461
-0.27179	0.42671	0.14742
-0.20664	0.39127	-0.053404
-0.43136	0.4293	0.10674
-0.38405	0.4223	0.17113
-0.22289	0.42446	0.043486
-0.40532	0.4108	0.051007
-0.34545	0.40253	-0.046529
-0.43054	0.45554	0.18957
-0.21939	0.45106	0.1015
-0.28434	0.44748	0.17516
-0.4005	0.44337	0.19573
-0.44211	0.44335	0.1388
-0.23562	0.45851	0.14454
-0.21942	0.42238	0.0002362
-0.27559	0.47483	0.20131
-0.28982	0.47056	0.20699
-0.21258	0.4254	-0.038558
-0.3355	0.49198	0.23238
-0.32075	0.41994	-0.063138
-0.40047	0.43111	0.030839
-0.2568	0.40318	-0.082295
-0.38263	0.47059	0.22302
-0.34084	0.42011	-0.018318
-0.41442	0.46327	0.21447
-0.45392	0.46918	0.21539
-0.22108	0.44516	0.048793
-0.31332	0.42677	-0.036807
-0.2811	0.43049	-0.068941
-0.47306	0.47276	0.24094
-0.44449	0.47427	0.18006
-0.43479	0.46093	0.092336
-0.24312	0.44958	0.15691
-0.47098	0.47384	0.25925
-0.31364	0.49281	0.22418
-0.37755	0.45128	0.0067531
-0.44797	0.46946	0.23591
-0.29125	0.4886	0.21797
-0.23939	0.43345	-0.05634
-0.45236	0.50741	0.31861
-0.46784	0.48504	0.27252
-0.41944	0.45554	0.060381
-0.24361	0.43442	-0.033948
-0.41261	0.48746	0.26004
-0.46136	0.52275	0.32705
-0.48648	0.49497	0.28015
-0.43424	0.49278	0.28549
-0.2836	0.43463	-0.042409
-0.44504	0.47293	0.12546
-0.47124	0.50215	0.29018
-0.23257	0.44482	0.019795
-0.24732	0.45397	0.0065878
-0.39027	0.50269	0.27806
-0.23621	0.48232	0.12921
-0.49233	0.49055	0.22865
-0.46184	0.50274	0.30466
-0.2652	0.45791	-0.0035246
-0.26091	0.4973	0.18203
-0.47405	0.48839	0.20565
-0.28911	0.4522	-0.013655
-0.40406	0.53895	0.35772
-0.32653	0.45171	-0.01227
-0.44445	0.5222	0.33225
-0.50735	0.49969	0.26986
-0.35418	0.45778	-0.004382
-0.37917	0.51711	0.30614
-0.41814	0.53199	0.33759
-0.22676	0.47499	0.061085
-0.45129	0.5012	0.16986
-0.31531	0.51397	0.23268
-0.41003	0.52158	0.32557
-0.48135	0.52882	0.28145
-0.33464	0.51566	0.27072
-0.42537	0.48791	0.074465
-0.33988	0.53262	0.31419
-0.27242	0.49275	0.015329
-0.39011	0.48694	0.025816
-0.49136	0.52265	0.22074
-0.25366	0.51071	0.15578
-0.49758	0.53101	0.24365
-0.2332	0.49411	0.096825
-0.36497	0.54353	0.33562
-0.28856	0.51733	0.20441
-0.43443	0.50852	0.10109
-0.37225	0.50442	0.0083982
-0.25933	0.50872	0.039487
-0.34359	0.55966	0.34544
-0.3272	0.54945	0.31299
-0.44712	0.51455	0.16364
-0.42714	0.55574	0.32445
-0.4624	0.55238	0.3048
-0.30306	0.54121	0.19677
-0.26155	0.52245	0.061836
-0.32444	0.51694	0.0082971
-0.28694	0.50853	0.017182
-0.40245	0.55299	0.35115
-0.31364	0.5525	0.25613
-0.3684	0.56397	0.33394
-0.31117	0.53487	0.21219
-0.40364	0.52033	0.049107
-0.4657	0.54068	0.19881
-0.48975	0.53954	0.23293
-0.27581	0.53527	0.17058
-0.24808	0.51575	0.10223
-0.41896	0.5332	0.072858
-0.4375	0.53509	0.16659
-0.31861	0.5468	0.19846
-0.43903	0.56637	0.2957
-0.427	0.53641	0.13641
-0.31937	0.56918	0.24756
-0.338	0.57134	0.33065
-0.41645	0.5559	0.17724
-0.42117	0.53805	0.096414
-0.45176	0.56822	0.23837
-0.33131	0.57346	0.28017
-0.28445	0.53717	0.033448
-0.38661	0.57716	0.32338
-0.41013	0.55004	0.15189
-0.41886	0.57682	0.28204
-0.28994	0.55566	0.15408
-0.29161	0.55719	0.11048
-0.38257	0.53667	0.040209
-0.35012	0.54158	0.0246
-0.37344	0.56072	0.17534
-0.34046	0.55935	0.18451
-0.33001	0.56866	0.16063
-0.39561	0.56122	0.099853
-0.27727	0.54282	0.053684
-0.42427	0.56898	0.21156
-0.42392	0.57585	0.24729
-0.34232	0.58702	0.2432
-0.3879	0.58795	0.28485
-0.38827	0.57458	0.20327
-0.40652	0.58466	0.2559
-0.2916	0.55325	0.051057
-0.33373	0.57698	0.12575
-0.36878	0.58826	0.25131
-0.35987	0.55388	0.047484
-0.30107	0.57009	0.089338
-0.35951	0.57722	0.11633
-0.38431	0.5619	0.074268
-0.34228	0.57169	0.074339
-0.32413	0.57804	0.093791
0.79751	-0.23242	0.24932
-0.35312	-0.25607	-0.14425
0.34087	-0.018159	-0.37956
