3	144	142	145
3	171	178	180
3	152	157	171
3	169	140	172
3	186	169	172
3	348	347	389
3	540	610	611
3	468	402	437
3	485	516	574
3	574	602	614
3	635	615	637
3	701	622	716
3	726	701	757
3	125	138	137
3	100	115	97
3	115	121	97
3	108	97	121
3	103	108	124
3	108	140	124
3	140	108	121
3	121	115	132
3	132	131	139
3	131	137	139
3	139	137	143
3	137	138	144
3	143	137	144
3	139	143	150
3	143	144	153
3	150	143	153
3	144	152	153
3	144	145	157
3	150	153	154
3	144	157	152
3	153	158	154
3	153	152	158
3	158	152	162
3	154	158	167
3	140	121	132
3	132	139	150
3	132	150	140
3	140	150	154
3	140	154	167
3	193	194	196
3	193	196	199
3	197	193	203
3	194	193	197
3	203	193	198
3	198	193	199
3	203	198	206
3	192	194	197
3	205	206	198
3	205	198	219
3	198	199	219
3	180	178	190
3	210	180	190
3	168	158	162
3	162	152	177
3	152	171	177
3	167	158	168
3	167	168	174
3	168	162	185
3	171	180	177
3	162	177	185
3	168	185	202
3	201	168	202
3	177	180	210
3	202	185	177
3	202	177	210
3	140	167	172
3	172	167	174
3	174	168	201
3	186	172	174
3	197	203	243
3	224	192	197
3	224	197	279
3	197	243	301
3	197	301	279
3	279	301	440
3	199	196	248
3	219	199	248
3	196	223	248
3	250	219	265
3	223	267	248
3	250	265	264
3	295	264	265
3	219	248	265
3	248	267	314
3	248	314	359
3	265	248	359
3	295	265	346
3	265	359	346
3	295	346	356
3	359	314	386
3	410	346	359
3	263	230	282
3	282	230	264
3	282	264	342
3	264	365	342
3	263	282	307
3	264	295	365
3	307	282	342
3	337	342	365
3	307	342	337
3	377	273	387
3	323	321	372
3	303	323	372
3	303	372	349
3	210	190	258
3	201	202	256
3	253	201	362
3	201	256	362
3	202	210	256
3	210	258	281
3	210	281	256
3	362	256	411
3	256	281	413
3	186	174	260
3	174	253	260
3	174	201	253
3	288	253	362
3	260	253	347
3	253	288	347
3	347	288	393
3	440	301	447
3	440	447	532
3	440	532	596
3	532	565	587
3	562	555	565
3	565	555	598
3	537	440	596
3	555	558	598
3	537	596	587
3	587	565	598
3	494	505	598
3	558	494	598
3	505	606	598
3	537	587	606
3	596	532	587
3	598	606	587
3	314	308	386
3	410	359	454
3	356	346	410
3	356	410	444
3	359	386	454
3	444	410	502
3	501	444	502
3	410	454	502
3	454	386	558
3	386	494	558
3	502	454	555
3	562	502	555
3	454	558	555
3	295	356	450
3	365	295	450
3	439	365	450
3	337	365	439
3	356	444	450
3	337	439	503
3	439	450	470
3	444	501	450
3	439	470	503
3	503	470	521
3	470	450	638
3	470	638	521
3	450	540	611
3	638	450	611
3	503	521	576
3	542	503	576
3	576	521	635
3	521	615	635
3	615	521	638
3	611	634	638
3	307	337	387
3	387	337	445
3	273	307	387
3	445	337	503
3	387	445	451
3	445	503	542
3	451	445	567
3	567	445	542
3	567	542	576
3	567	576	637
3	383	377	437
3	377	387	451
3	437	377	451
3	437	451	536
3	451	535	536
3	535	451	567
3	536	535	622
3	594	536	622
3	535	567	636
3	535	636	622
3	402	383	437
3	469	456	545
3	468	437	536
3	468	536	594
3	456	468	545
3	545	468	612
3	468	594	612
3	612	594	648
3	545	612	648
3	545	648	663
3	321	404	469
3	426	321	469
3	372	321	426
3	431	372	426
3	426	469	484
3	484	431	426
3	538	469	545
3	484	469	538
3	484	538	629
3	599	484	629
3	349	372	431
3	349	431	455
3	369	349	455
3	369	455	488
3	455	431	488
3	488	431	608
3	431	484	599
3	431	599	608
3	442	369	488
3	442	488	582
3	566	442	582
3	582	488	608
3	575	485	574
3	478	485	575
3	478	575	619
3	575	574	614
3	258	395	421
3	395	428	421
3	395	385	428
3	421	428	466
3	428	385	478
3	478	385	485
3	421	466	475
3	428	478	466
3	475	466	551
3	551	466	478
3	475	551	609
3	551	478	619
3	609	551	641
3	551	619	641
3	281	258	413
3	411	256	413
3	411	413	443
3	413	258	421
3	443	413	421
3	421	475	480
3	443	421	480
3	573	443	480
3	526	443	573
3	480	475	609
3	288	362	393
3	347	393	389
3	393	362	462
3	362	411	462
3	462	411	526
3	526	411	443
3	491	462	563
3	491	563	578
3	462	526	563
3	578	563	623
3	563	526	656
3	389	441	429
3	441	389	393
3	429	441	512
3	393	491	544
3	441	393	544
3	429	512	523
3	441	584	512
3	584	441	544
3	523	512	618
3	584	544	597
3	544	491	578
3	618	512	653
3	544	578	631
3	576	635	637
3	636	567	637
3	622	636	716
3	538	545	663
3	594	622	701
3	648	594	701
3	648	701	726
3	663	648	778
3	778	648	745
3	648	726	745
3	726	757	745
3	629	538	675
3	599	629	694
3	675	538	790
3	694	629	675
3	538	663	790
3	790	663	778
3	694	675	796
3	675	774	796
3	774	675	790
3	790	778	805
3	774	790	804
3	796	774	804
3	790	805	804
3	717	782	776
3	717	668	782
3	677	717	776
3	677	776	662
3	677	689	717
3	662	541	677
3	541	689	677
3	689	617	717
3	617	668	717
3	674	748	765
3	674	662	748
3	621	662	674
3	621	541	662
3	592	621	674
3	592	580	621
3	646	674	686
3	593	646	686
3	592	674	646
3	643	572	644
3	572	603	644
3	572	500	603
3	459	529	649
3	529	500	572
3	432	500	529
3	459	432	529
3	420	500	432
3	459	1998	432
3	406	382	459
3	382	1998	459
3	1998	373	432
3	350	406	415
3	350	382	406
3	424	418	461
3	424	390	418
3	390	379	418
3	376	424	403
3	376	390	424
3	374	379	390
3	559	627	650
3	552	559	650
3	508	449	559
3	508	559	552
3	449	492	559
3	403	550	492
3	449	403	492
3	424	461	550
3	403	424	550
3	588	591	632
3	552	650	654
3	591	552	654
3	588	515	591
3	518	515	588
3	600	518	588
3	515	552	591
3	600	588	652
3	581	518	600
3	561	617	689
3	561	581	617
3	541	561	689
3	541	423	561
3	423	388	561
3	388	581	561
3	506	354	541
3	354	423	541
3	300	423	354
3	300	388	423
3	539	580	592
3	580	541	621
3	506	580	539
3	506	541	580
3	539	391	506
3	357	391	539
3	391	354	506
3	357	400	391
3	593	592	646
3	593	489	592
3	510	539	592
3	489	510	592
3	368	357	510
3	510	357	539
3	465	489	593
3	465	375	489
3	375	510	489
3	343	463	525
3	471	343	525
3	380	304	471
3	304	343	471
3	350	1998	382
3	1998	325	373
3	360	352	371
3	352	360	364
3	352	350	371
3	350	325	1998
3	746	791	841
3	334	350	352
3	334	325	350
3	294	334	352
3	294	262	334
3	284	325	334
3	262	284	334
3	262	225	284
3	352	364	379
3	326	352	374
3	326	340	352
3	340	294	352
3	298	294	340
3	298	340	326
3	298	220	294
3	254	220	298
3	220	262	294
3	1180	1204	1279
3	376	374	390
3	352	379	374
3	400	354	391
3	400	300	354
3	1480	1456	1589
3	1516	1557	1589
3	1456	1516	1589
3	1480	1389	1456
3	1598	1655	1690
3	1660	1620	1690
3	1620	1598	1690
3	1598	1561	1655
3	1561	1589	1655
3	1478	1561	1598
3	1480	1589	1561
3	1472	1480	1561
3	1478	1472	1561
3	1590	1620	1660
3	1581	1590	1647
3	1590	1524	1620
3	1543	1598	1620
3	1590	1581	1524
3	1524	1543	1620
3	1581	1505	1524
3	1543	1478	1598
3	1522	1505	1581
3	1583	1581	1647
3	1544	1581	1583
3	1523	1544	1583
3	1544	1522	1581
3	1403	1544	1523
3	1424	1522	1544
3	1403	1424	1544
3	1403	1523	1468
3	1424	1505	1522
3	1281	1396	1389
3	1281	1300	1396
3	1300	1377	1396
3	1237	1377	1300
3	1156	1237	1300
3	1156	1300	1281
3	1456	1396	1516
3	1292	1389	1480
3	1389	1396	1456
3	1211	1281	1389
3	1403	1353	1424
3	1241	1403	1376
3	1241	1353	1403
3	1241	1169	1353
3	1118	1169	1241
3	1376	1403	1468
3	1340	1376	1468
3	1243	1376	1340
3	1243	1241	1376
3	1216	1112	1293
3	1156	1091	1237
3	1013	1091	1156
3	1013	1020	1091
3	1157	1156	1281
3	1211	1157	1281
3	1095	1156	1157
3	1095	1013	1156
3	993	1013	1095
3	935	993	1095
3	1112	1243	1293
3	1118	1241	1243
3	1112	1129	1243
3	1129	1118	1243
3	1121	1112	1216
3	1129	1033	1118
3	1112	1024	1129
3	1021	1118	1033
3	1024	1112	1046
3	1024	1033	1129
3	978	1024	1046
3	1202	1121	1269
3	1269	1121	1216
3	1077	1121	1202
3	1046	1112	1121
3	1077	1023	1121
3	1023	1046	1121
3	998	1077	1124
3	998	1023	1077
3	1090	1049	1092
3	1049	1057	1092
3	1065	1049	1090
3	1008	1049	1065
3	1071	1113	1111
3	1071	1094	1113
3	1090	1092	1111
3	1113	1090	1111
3	1061	1071	1111
3	1076	1090	1113
3	1065	1090	1076
3	1051	1065	1076
3	1037	1041	1071
3	1051	965	1065
3	1016	1041	1037
3	1027	1062	1094
3	1071	1041	1094
3	1041	1027	1094
3	934	1020	1013
3	993	934	1013
3	934	827	1020
3	832	827	934
3	935	934	993
3	864	934	935
3	864	832	934
3	983	862	1021
3	862	920	1021
3	978	957	1024
3	983	1021	1033
3	1024	983	1033
3	957	983	1024
3	957	789	983
3	789	862	983
3	1229	1249	1264
3	868	740	957
3	740	789	957
3	978	1046	1023
3	903	978	1023
3	903	909	978
3	909	957	978
3	909	868	957
3	742	868	909
3	742	909	903
3	998	903	1023
3	907	903	998
3	907	861	903
3	907	792	861
3	1049	1022	1057
3	965	1008	1065
3	1008	1022	1049
3	943	965	1017
3	965	939	1008
3	1008	924	1022
3	939	924	1008
3	943	939	965
3	930	939	943
3	1051	1017	965
3	1037	994	1016
3	1016	969	1041
3	994	992	1016
3	992	969	1016
3	976	943	1017
3	953	943	976
3	915	969	992
3	940	915	992
3	953	930	943
3	969	1027	1041
3	915	941	969
3	781	862	789
3	781	846	862
3	742	903	861
3	472	406	459
3	371	350	415
3	559	492	577
3	1524	1478	1543
3	1397	1292	1480
3	1397	1480	1472
3	1280	1211	1389
3	1169	1240	1353
3	1021	920	1034
3	862	846	920
3	933	910	953
3	915	916	941
3	910	930	953
3	915	910	916
3	898	915	940
3	898	930	910
3	898	910	915
3	969	973	1027
3	969	941	973
3	738	827	832
3	820	698	864
3	698	832	864
3	810	698	820
3	710	698	810
3	698	738	832
3	649	738	698
3	649	698	710
3	557	649	710
3	671	665	729
3	1520	1502	1513
3	742	740	868
3	789	743	781
3	740	682	789
3	682	743	789
3	743	671	781
3	700	740	742
3	627	682	740
3	682	671	743
3	700	650	740
3	627	577	682
3	577	671	682
3	788	742	861
3	720	788	861
3	720	670	788
3	670	742	788
3	632	670	720
3	670	700	742
3	792	720	861
3	543	459	649
3	472	459	543
3	557	543	649
3	477	557	601
3	477	601	613
3	472	557	477
3	472	543	557
3	477	460	472
3	415	406	460
3	460	406	472
3	438	613	684
3	438	477	613
3	446	438	527
3	438	414	477
3	438	446	416
3	414	460	477
3	360	414	438
3	414	415	460
3	416	360	438
3	371	415	414
3	360	371	414
3	530	524	546
3	530	474	524
3	412	416	524
3	474	412	524
3	416	446	524
3	474	418	412
3	379	412	418
3	412	360	416
3	364	360	412
3	379	364	412
3	585	665	671
3	577	585	671
3	530	604	665
3	585	530	665
3	577	550	585
3	550	530	585
3	461	530	550
3	461	474	530
3	461	418	474
3	492	550	577
3	1292	1280	1389
3	1199	1280	1292
3	1143	1211	1280
3	1199	1143	1280
3	1372	1472	1478
3	1372	1397	1472
3	1339	1372	1478
3	1282	1397	1372
3	1282	1292	1397
3	1236	1282	1372
3	1292	1282	1199
3	1236	1152	1282
3	1282	1152	1199
3	1339	1478	1524
3	1505	1339	1524
3	1351	1339	1505
3	1236	1372	1339
3	1351	1200	1339
3	1200	1236	1339
3	1424	1351	1505
3	1284	1351	1424
3	1353	1284	1424
3	1284	1200	1351
3	1240	1284	1353
3	1108	1200	1284
3	1179	1157	1211
3	1009	1157	1179
3	1143	1009	1179
3	1009	1095	1157
3	1009	935	1095
3	1715	1681	1697
3	1143	1179	1211
3	1089	1143	1199
3	1089	958	1143
3	958	1067	1143
3	1067	1009	1143
3	1236	1132	1152
3	1152	1089	1199
3	1132	1117	1152
3	1152	1048	1089
3	1117	1048	1152
3	1089	1048	958
3	1011	1048	1117
3	1126	1236	1200
3	1126	1132	1236
3	1108	1126	1200
3	1126	1019	1132
3	1011	1117	1019
3	1019	1117	1132
3	1108	1025	1126
3	1025	1019	1126
3	1240	1108	1284
3	1240	1074	1108
3	1074	1025	1108
3	952	1074	1240
3	1118	1034	1169
3	1034	1240	1169
3	1021	1034	1118
3	1034	952	1240
3	952	1025	1074
3	1094	1087	1113
3	1087	1104	1113
3	1104	1076	1113
3	1079	1063	1104
3	1063	1076	1104
3	1050	1063	1079
3	1063	1051	1076
3	1050	1051	1063
3	988	1017	1051
3	1079	1104	1999
3	1104	1087	1999
3	1062	1087	1094
3	1026	1069	1087
3	1031	1087	1062
3	1031	1026	1087
3	1027	1031	1062
3	825	935	1009
3	820	935	825
3	820	864	935
3	904	1009	1067
3	958	904	1067
3	904	825	1009
3	842	904	958
3	724	825	904
3	734	724	904
3	947	958	1048
3	947	1048	1011
3	947	842	958
3	885	947	1011
3	734	904	842
3	885	842	947
3	885	811	842
3	780	734	842
3	1025	889	1019
3	995	889	1025
3	889	922	1019
3	919	889	995
3	922	1011	1019
3	922	885	1011
3	889	828	922
3	828	885	922
3	767	889	919
3	920	952	1034
3	952	995	1025
3	896	995	952
3	896	919	995
3	846	896	952
3	920	846	952
3	896	767	919
3	729	896	846
3	729	767	896
3	1050	988	1051
3	988	976	1017
3	971	950	988
3	950	976	988
3	971	959	950
3	950	953	976
3	933	950	959
3	950	933	953
3	916	931	941
3	910	933	916
3	931	916	933
3	1027	987	1031
3	973	987	1027
3	987	972	1031
3	972	1026	1031
3	959	974	972
3	931	987	973
3	987	931	972
3	941	931	973
3	931	959	972
3	931	933	959
3	825	810	820
3	724	810	825
3	724	695	810
3	684	724	734
3	695	710	810
3	613	695	724
3	684	613	724
3	695	557	710
3	601	695	613
3	695	601	557
3	811	780	842
3	751	780	811
3	692	734	780
3	751	692	780
3	734	692	684
3	624	692	751
3	527	684	692
3	828	811	885
3	767	828	889
3	683	811	828
3	767	683	828
3	683	751	811
3	645	683	767
3	721	645	767
3	683	624	751
3	604	645	721
3	683	645	624
3	604	546	645
3	781	729	846
3	729	721	767
3	671	729	781
3	665	721	729
3	665	604	721
3	624	527	692
3	446	527	624
3	527	438	684
3	446	624	645
3	546	446	645
3	546	524	446
3	604	530	546
3	1030	1010	1079
3	1010	1050	1079
3	1030	1079	1999
3	1035	1030	1999
3	1069	1999	1087
3	1069	1035	1999
3	1010	971	1050
3	971	988	1050
3	1026	1035	1069
3	1026	972	1035
3	974	1010	1030
3	1035	974	1030
3	974	1035	972
3	974	971	1010
3	974	959	971
3	884	865	894
3	942	954	984
3	900	954	942
3	870	880	900
3	870	900	899
3	1428	1338	1499
3	1432	1464	1607
3	1596	1539	1674
3	1574	1596	1661
3	1549	1574	1613
3	1611	1632	1601
3	1601	1632	1709
3	1587	1608	1656
3	1608	1639	1656
3	1499	1556	1641
3	1766	1701	1773
3	1722	1665	1720
3	1665	1722	1735
3	1735	1680	1665
3	1741	1786	1799
3	1757	1750	1788
3	1892	1875	1882
3	1850	1861	1873
3	194	1997	196
3	1222	1217	1254
3	1401	1457	1506
3	1445	1415	1501
3	1458	1433	1506
3	1434	1436	1530
3	1436	1493	1533
3	1369	1465	1462
3	1373	1462	1575
3	1373	1575	1448
3	1417	1448	1527
3	1417	1527	1447
3	1463	1334	1497
3	1526	1399	1453
3	1399	1526	1511
3	1476	1420	1511
3	1370	1365	1451
3	1363	1370	1451
3	1363	1451	1418
3	1314	1215	1363
3	1363	1418	1314
3	1314	1418	1496
3	1222	1254	1313
3	1254	1253	1331
3	1313	1254	1338
3	1254	1331	1338
3	1338	1331	1342
3	1342	1358	1426
3	1338	1342	1482
3	1499	1338	1482
3	1342	1426	1482
3	1217	1253	1254
3	1168	1205	1259
3	1259	1205	1313
3	1168	1259	1268
3	1205	1222	1313
3	1259	1313	1349
3	1313	1338	1349
3	1446	1388	1432
3	1446	1432	1604
3	1604	1432	1607
3	1457	1445	1535
3	1445	1501	1535
3	1535	1501	1562
3	1506	1457	1535
3	1506	1535	1458
3	1501	1449	1562
3	1449	1569	1562
3	1535	1562	1595
3	1458	1535	1595
3	1562	1569	1625
3	1562	1625	1626
3	1595	1562	1626
3	1569	1621	1686
3	1625	1569	1686
3	1595	1626	1665
3	1493	1458	1533
3	1533	1458	1591
3	1458	1595	1591
3	1591	1595	1665
3	1680	1591	1665
3	1559	1680	1700
3	1436	1533	1530
3	1530	1533	1559
3	1559	1533	1591
3	1530	1559	1585
3	1585	1559	1630
3	1559	1591	1680
3	1630	1559	1678
3	1678	1559	1700
3	1462	1465	1575
3	1465	1434	1585
3	1434	1530	1585
3	1575	1465	1576
3	1576	1465	1585
3	1576	1585	1630
3	1575	1576	1623
3	1576	1630	1623
3	1623	1630	1662
3	1527	1448	1575
3	1527	1567	1577
3	1567	1527	1575
3	1567	1575	1617
3	1617	1575	1623
3	1539	1497	1447
3	1447	1527	1539
3	1463	1497	1539
3	1539	1527	1609
3	1527	1577	1609
3	1539	1609	1674
3	1368	1463	1498
3	1498	1463	1574
3	1574	1463	1596
3	1463	1539	1596
3	1549	1498	1574
3	4	6	21
3	1511	1526	1548
3	1476	1511	1508
3	1511	1548	1611
3	1508	1511	1601
3	1511	1611	1601
3	1568	1508	1601
3	1365	1486	1451
3	1451	1486	1553
3	1450	1508	1568
3	1553	1486	1568
3	1558	1553	1606
3	1553	1568	1606
3	1568	1601	1635
3	1601	1709	1635
3	1568	1635	1648
3	1606	1568	1659
3	1568	1648	1659
3	1628	1606	1659
3	1648	1635	1761
3	1635	1709	1746
3	1418	1451	1553
3	1418	1553	1558
3	1531	1418	1558
3	1531	1558	1571
3	1558	1606	1628
3	1571	1558	1628
3	1571	1628	1608
3	1608	1628	1639
3	1639	1628	1649
3	1649	1628	1659
3	1649	1659	1695
3	1426	1521	1482
3	1426	1442	1521
3	1521	1442	1542
3	1496	1418	1531
3	1496	1531	1542
3	1542	1531	1571
3	1521	1542	1571
3	1482	1521	1556
3	1556	1521	1608
3	1608	1521	1571
3	1641	1556	1587
3	1556	1608	1587
3	1499	1482	1556
3	1721	1607	1701
3	1607	1721	1604
3	1642	1604	1721
3	1721	1701	1766
3	1642	1721	1780
3	1769	1744	1781
3	1763	1769	1781
3	1773	1763	1785
3	1744	1774	1781
3	1766	1773	1785
3	1785	1763	1781
3	1721	1766	1785
3	1780	1721	1785
3	1626	1625	1712
3	1625	1686	1712
3	1665	1626	1720
3	1712	1686	1769
3	1626	1712	1720
3	1720	1712	1769
3	1686	1744	1769
3	1763	1720	1769
3	1700	1680	1735
3	1746	1709	1741
3	1746	1741	1783
3	1783	1741	1793
3	1793	1741	1799
3	1794	1783	1793
3	1648	1761	1714
3	1761	1635	1746
3	1777	1659	1648
3	1743	1659	1777
3	1746	1783	1761
3	1714	1761	1783
3	1639	1649	1705
3	1705	1649	1750
3	1750	1649	1776
3	1649	1695	1754
3	1743	1695	1659
3	1649	1754	1776
3	1695	1743	1764
3	1695	1764	1754
3	1776	1754	1798
3	1788	1750	1776
3	1793	1799	1822
3	1823	1793	1822
3	1794	1793	1823
3	1810	1794	1823
3	1823	1822	1848
3	1810	1823	1835
3	1822	1827	1856
3	1848	1822	1856
3	1835	1823	1848
3	1835	1848	1868
3	1848	1856	1871
3	1776	1798	1824
3	1788	1776	1811
3	1821	1776	1836
3	1776	1824	1836
3	1821	1836	1847
3	1811	1821	1837
3	1837	1821	1861
3	1850	1837	1861
3	1821	1847	1861
3	1776	1821	1811
3	1836	1824	1846
3	1836	1846	1847
3	1868	1848	1871
3	1835	1868	1859
3	1868	1871	1896
3	1871	1892	1896
3	1868	1896	1904
3	1904	1896	1905
3	1882	1901	1892
3	1905	1896	1910
3	1896	1892	1913
3	1910	1896	1913
3	1892	1901	1913
3	1910	1913	1929
3	1861	1847	1877
3	1861	1877	1881
3	1873	1861	1881
3	1881	1877	1915
3	1873	1881	1882
3	1882	1881	1901
3	1881	1915	1913
3	1901	1881	1913
3	1877	1889	1918
3	1877	1918	1915
3	1929	1913	1947
3	1915	1918	1947
3	1913	1915	1947
3	1929	1947	1948
3	1847	1846	1874
3	1847	1874	1889
3	1877	1847	1889
3	1918	1889	1938
3	1918	1938	1947
3	192	1997	194
3	224	1997	192
3	223	1997	240
3	1997	232	240
3	1997	224	232
3	232	224	341
3	331	232	341
3	240	232	311
3	224	279	341
3	865	807	899
3	844	954	880
3	807	870	899
3	870	851	866
3	900	880	954
3	807	840	870
3	824	869	877
3	869	855	877
3	855	844	880
3	855	880	877
3	866	824	877
3	808	800	824
3	802	801	849
3	849	787	859
3	801	787	849
3	696	787	801
3	709	787	696
3	709	642	787
3	680	709	696
3	651	642	709
3	680	586	709
3	586	651	709
3	642	625	711
3	661	586	680
3	569	586	661
3	642	528	625
3	586	528	651
3	672	616	655
3	666	807	865
3	747	807	666
3	583	747	666
3	840	804	851
3	840	851	870
3	807	703	840
3	805	824	866
3	851	804	866
3	804	805	866
3	808	784	800
3	805	775	824
3	775	808	824
3	775	784	808
3	778	775	805
3	775	771	784
3	778	745	775
3	771	752	784
3	745	757	775
3	757	771	775
3	757	716	771
3	701	716	757
3	754	731	770
3	716	754	771
3	771	754	770
3	760	771	770
3	752	771	760
3	718	731	754
3	636	718	754
3	636	754	716
3	637	718	636
3	731	719	756
3	718	719	731
3	669	719	718
3	669	688	719
3	637	669	718
3	615	688	669
3	637	615	669
3	688	673	719
3	634	673	688
3	634	610	673
3	615	634	688
3	673	633	756
3	638	634	615
3	610	633	673
3	611	610	634
3	528	642	651
3	523	618	625
3	528	523	625
3	481	528	586
3	569	481	586
3	458	481	569
3	481	523	528
3	419	481	458
3	481	361	523
3	408	429	523
3	361	408	523
3	481	419	361
3	417	419	458
3	429	408	348
3	348	389	429
3	419	417	361
3	408	361	348
3	319	361	417
3	385	464	485
3	574	564	602
3	516	564	574
3	516	504	564
3	504	499	564
3	464	516	485
3	464	504	516
3	385	384	464
3	384	479	504
3	464	384	504
3	549	519	616
3	602	616	672
3	602	533	616
3	533	549	616
3	564	533	602
3	564	499	533
3	533	495	549
3	499	498	533
3	498	495	533
3	495	453	549
3	595	487	583
3	571	487	595
3	453	519	549
3	519	483	571
3	483	487	571
3	453	483	519
3	448	453	495
3	453	436	483
3	442	487	483
3	448	436	453
3	405	436	448
3	436	399	483
3	399	442	483
3	355	436	405
3	378	355	405
3	355	399	436
3	487	442	583
3	442	566	583
3	399	351	442
3	351	369	442
3	355	351	399
3	367	456	469
3	456	402	468
3	404	367	469
3	309	402	456
3	367	309	456
3	402	309	383
3	610	590	633
3	547	590	610
3	554	547	610
3	547	514	590
3	610	501	554
3	540	501	610
3	534	562	531
3	547	534	531
3	534	547	554
3	501	502	554
3	513	531	493
3	513	514	547
3	513	547	531
3	502	562	534
3	502	534	554
3	513	476	514
3	531	562	565
3	532	531	565
3	447	467	532
3	532	493	531
3	467	493	532
3	493	476	513
3	407	467	447
3	467	409	493
3	407	363	467
3	407	338	363
3	301	407	447
3	251	338	407
3	348	361	319
3	246	293	348
3	319	234	348
3	234	246	348
3	348	260	347
3	293	260	348
3	246	260	293
3	191	246	234
3	246	186	260
3	302	385	395
3	318	384	385
3	384	318	366
3	258	302	395
3	302	318	385
3	255	318	302
3	255	247	318
3	190	255	302
3	258	190	302
3	208	247	255
3	190	189	255
3	255	189	208
3	351	349	369
3	355	287	351
3	287	355	378
3	303	349	351
3	313	287	378
3	287	303	351
3	270	287	313
3	270	269	287
3	277	303	287
3	303	277	323
3	269	277	287
3	277	269	285
3	321	289	404
3	289	367	404
3	289	335	367
3	291	335	289
3	277	321	323
3	277	289	321
3	285	291	289
3	277	285	289
3	335	328	367
3	367	328	309
3	328	317	309
3	324	377	383
3	309	324	383
3	309	274	324
3	274	309	317
3	324	273	377
3	237	324	274
3	324	261	273
3	244	237	274
3	317	244	274
3	261	324	237
3	221	237	244
3	237	257	261
3	221	257	237
3	273	263	307
3	261	263	273
3	257	263	261
3	241	263	257
3	221	214	257
3	214	209	257
3	241	230	263
3	230	235	264
3	257	209	241
3	209	230	241
3	230	213	235
3	213	231	235
3	235	250	264
3	235	205	250
3	235	236	205
3	235	231	236
3	227	205	236
3	229	227	236
3	205	219	250
3	301	251	407
3	191	179	246
3	213	215	231
3	209	213	230
3	954	844	879
3	800	869	824
3	784	744	800
3	761	760	770
3	719	673	756
3	366	394	384
3	384	394	479
3	553	633	590
3	514	553	590
3	514	433	553
3	476	425	514
3	318	247	366
3	236	231	245
3	1630	1678	1733
3	1759	1734	1772
3	1759	1730	1734
3	1700	1759	1767
3	1700	1735	1759
3	1735	1722	1759
3	1678	1700	1767
3	1722	1730	1759
3	1758	1720	1763
3	1716	1720	1758
3	1722	1720	1730
3	1720	1716	1730
3	1716	1758	1723
3	1760	1763	1773
3	1701	1760	1773
3	1707	1760	1701
3	1760	1758	1763
3	1723	1758	1760
3	1723	1760	1742
3	1760	1732	1742
3	1707	1619	1760
3	1760	1619	1732
3	1579	1619	1707
3	1701	1579	1707
3	1563	1555	1641
3	1481	1555	1563
3	1555	1499	1641
3	1428	1499	1555
3	1440	1428	1555
3	1481	1440	1555
3	1671	1643	1688
3	1643	1587	1656
3	1563	1641	1643
3	1641	1587	1643
3	1611	1638	1632
3	1602	1603	1638
3	1611	1602	1638
3	1551	1603	1602
3	1548	1602	1611
3	1548	1551	1602
3	1548	1526	1551
3	1526	1495	1551
3	1495	1492	1551
3	1453	1495	1526
3	1435	1484	1495
3	1435	1495	1453
3	1519	1515	1541
3	1503	1469	1519
3	1459	1515	1519
3	1484	1435	1503
3	1469	1402	1519
3	1402	1459	1519
3	1560	1582	1631
3	1459	1514	1560
3	1515	1459	1560
3	1541	1515	1560
3	1514	1421	1517
3	1676	1582	1613
3	1631	1582	1676
3	1582	1517	1613
3	1560	1514	1582
3	1517	1549	1613
3	1514	1517	1582
3	1419	1549	1517
3	1419	1498	1549
3	1421	1419	1517
3	1661	1596	1674
3	1613	1574	1661
3	1645	1682	1698
3	1609	1577	1645
3	1677	1644	1657
3	1645	1644	1682
3	1644	1617	1657
3	1577	1644	1645
3	1567	1617	1644
3	1577	1567	1644
3	1617	1623	1662
3	1607	1579	1701
3	1473	1619	1579
3	1464	1473	1579
3	1464	1579	1607
3	1379	1315	1343
3	1343	1268	1345
3	1345	1268	1349
3	1343	1322	1268
3	1268	1259	1349
3	1315	1322	1343
3	1244	1322	1315
3	1184	1322	1244
3	1170	1268	1322
3	1184	1170	1322
3	1170	1168	1268
3	1481	1379	1440
3	1440	1343	1428
3	1343	1349	1428
3	1379	1343	1440
3	1349	1338	1428
3	1345	1349	1343
3	1386	1435	1453
3	1386	1317	1435
3	1435	1469	1503
3	1360	1459	1402
3	1435	1402	1469
3	1317	1402	1435
3	1402	1317	1360
3	1378	1514	1459
3	1378	1421	1514
3	1360	1378	1459
3	1421	1297	1419
3	1321	1224	1421
3	1319	1307	1329
3	1307	1295	1329
3	1277	1307	1296
3	1285	1288	1295
3	1307	1277	1295
3	1277	1285	1295
3	1277	1276	1285
3	1277	1208	1276
3	1194	1277	1296
3	1312	1260	1364
3	1295	1312	1329
3	1288	1260	1312
3	1295	1288	1312
3	1285	1276	1288
3	1276	1274	1288
3	1247	1260	1288
3	1274	1247	1288
3	1252	1260	1247
3	1252	1227	1260
3	1252	1247	1274
3	1364	1308	1408
3	1364	1250	1381
3	1235	1250	1364
3	1235	1364	1260
3	1227	1235	1260
3	1433	1381	1401
3	1306	1304	1383
3	1308	1381	1433
3	1364	1381	1308
3	1381	1250	1306
3	1425	1445	1457
3	1401	1425	1457
3	1425	1411	1445
3	1306	1425	1401
3	1427	1383	1438
3	1416	1383	1427
3	1425	1306	1383
3	1416	1425	1383
3	1416	1411	1425
3	1395	1411	1416
3	1381	1306	1401
3	1464	1392	1473
3	1392	1443	1473
3	1427	1438	1443
3	1394	1427	1443
3	1392	1394	1443
3	1394	1416	1427
3	1394	1395	1416
3	1007	1053	1170
3	1007	927	1053
3	1081	1170	1184
3	1081	1007	1170
3	1102	1007	1081
3	336	319	417
3	1150	1183	1232
3	1086	1150	1187
3	1105	1183	1150
3	1093	1105	1150
3	1086	1093	1150
3	1078	1056	1086
3	479	499	504
3	1056	1093	1086
3	989	1060	1093
3	984	1058	1060
3	989	984	1060
3	1147	1193	1213
3	1183	1147	1213
3	1147	1167	1193
3	1146	1103	1248
3	1183	1122	1147
3	1103	1161	1248
3	1105	1122	1183
3	1122	1123	1147
3	1098	1103	1123
3	1098	1123	1122
3	1098	1122	1105
3	1085	1103	1098
3	1093	1060	1105
3	1060	1098	1105
3	1060	1085	1098
3	1060	1058	1085
3	1029	1093	1056
3	1177	1248	1264
3	1193	1167	1278
3	1146	1248	1177
3	1123	1194	1167
3	1194	1123	1203
3	1123	1178	1203
3	1123	1164	1178
3	1164	1146	1177
3	1147	1123	1167
3	1123	1146	1164
3	1123	1103	1146
3	1203	1208	1277
3	1203	1277	1194
3	1178	1189	1208
3	1203	1178	1208
3	1226	1227	1252
3	849	927	1007
3	849	1007	977
3	849	859	927
3	1029	989	1093
3	949	989	1029
3	949	894	989
3	884	894	949
3	894	865	899
3	942	984	989
3	894	942	989
3	894	899	942
3	1570	1481	1563
3	1570	1545	1481
3	1570	1563	1671
3	1503	1488	1484
3	1541	1560	1566
3	1473	1624	1619
3	1306	1250	1304
3	1180	1164	1177
3	1178	1164	1180
3	1226	1235	1227
3	977	802	849
3	217	227	229
3	251	211	338
3	243	251	301
3	243	203	251
3	203	211	251
3	218	222	211
3	246	179	186
3	179	160	186
3	160	169	186
3	166	179	191
3	151	179	166
3	151	160	179
3	183	208	189
3	176	183	189
3	178	189	190
3	163	183	176
3	178	176	189
3	171	176	178
3	157	155	171
3	171	155	176
3	155	163	176
3	216	214	221
3	212	209	214
3	212	213	209
3	207	213	212
3	207	215	213
3	227	206	205
3	218	227	217
3	218	206	227
3	211	203	218
3	203	206	218
3	1682	1677	1692
3	1682	1696	1708
3	1748	1703	1755
3	1726	1668	1765
3	1710	1717	1749
3	1749	1717	1787
3	1806	1787	1801
3	1710	1688	1643
3	1814	1812	1840
3	1818	1830	1844
3	1812	1818	1844
3	2	1	19
3	5	12	19
3	0	4	17
3	39	36	44
3	44	60	65
3	65	66	78
3	48	61	52
3	1682	1644	1677
3	1677	1657	1691
3	1613	1661	1673
3	1613	1673	1676
3	1632	1638	1709
3	1563	1643	1671
3	1772	1767	1759
3	1733	1678	1767
3	1770	1733	1767
3	1770	1767	1782
3	1767	1772	1782
3	1778	1770	1784
3	1784	1770	1782
3	1662	1630	1733
3	1657	1617	1706
3	1617	1662	1706
3	1657	1706	1691
3	1747	1691	1706
3	1662	1733	1770
3	1706	1662	1770
3	1747	1706	1778
3	1706	1770	1778
3	1609	1645	1698
3	1674	1609	1698
3	1698	1682	1708
3	1674	1698	1719
3	1698	1708	1738
3	1698	1738	1719
3	1661	1674	1736
3	1674	1719	1736
3	1736	1719	1762
3	1762	1719	1738
3	1736	1762	1771
3	1703	1676	1673
3	1703	1673	1755
3	1673	1661	1771
3	1661	1736	1771
3	1755	1673	1771
3	1709	1638	1726
3	1709	1726	1751
3	1741	1709	1751
3	1741	1751	1786
3	1751	1726	1765
3	1751	1765	1790
3	1790	1765	1814
3	1751	1790	1786
3	1710	1643	1717
3	1717	1705	1750
3	1717	1750	1757
3	1717	1757	1787
3	1787	1757	1795
3	1787	1795	1801
3	1643	1656	1717
3	1656	1639	1705
3	1656	1705	1717
3	1757	1788	1811
3	1786	1790	1817
3	1799	1786	1817
3	1817	1790	1814
3	1799	1817	1827
3	1817	1814	1849
3	1827	1817	1849
3	1822	1799	1827
3	1814	1840	1849
3	1812	1844	1840
3	1844	1830	1851
3	1827	1849	1856
3	1849	1840	1856
3	1840	1844	1875
3	1795	1757	1811
3	1801	1795	1811
3	1801	1811	1837
3	1806	1801	1833
3	1801	1837	1833
3	1833	1837	1850
3	1830	1833	1851
3	1833	1850	1851
3	1875	1844	1851
3	1856	1840	1871
3	1840	1875	1871
3	1871	1875	1892
3	1875	1851	1882
3	1850	1873	1851
3	1873	1882	1851
3	13	5	19
3	5	10	15
3	10	5	13
3	15	10	23
3	10	13	28
3	3	1	2
3	1	3	7
3	1	7	11
3	7	3	9
3	12	5	15
3	3	2	12
3	12	2	19
3	3	12	22
3	4	0	6
3	0	7	14
3	7	0	11
3	8	6	16
3	6	0	16
3	6	8	21
3	300	299	388
3	7	9	14
3	16	0	29
3	10	28	23
3	15	23	35
3	23	28	36
3	35	23	39
3	23	36	39
3	35	39	46
3	12	15	22
3	29	9	33
3	14	9	29
3	9	3	33
3	3	22	33
3	33	22	45
3	22	15	35
3	22	35	45
3	29	33	45
3	0	14	29
3	25	8	16
3	8	25	24
3	25	16	29
3	29	40	25
3	24	25	49
3	41	24	48
3	29	45	40
3	24	49	48
3	25	40	49
3	8	24	41
3	46	39	44
3	46	44	65
3	54	46	71
3	46	65	71
3	45	35	56
3	54	35	46
3	35	54	56
3	45	56	68
3	54	71	74
3	56	54	74
3	48	49	58
3	58	49	40
3	48	58	61
3	58	40	67
3	58	67	69
3	40	45	68
3	67	40	68
3	61	58	70
3	58	69	70
3	63	61	70
3	71	65	78
3	107	71	80
3	71	78	87
3	71	87	80
3	107	80	112
3	74	71	107
3	56	74	82
3	68	56	82
3	82	74	107
3	82	107	99
3	68	82	100
3	82	99	100
3	99	107	111
3	67	68	84
3	69	67	84
3	85	70	93
3	84	68	100
3	70	69	93
3	69	84	93
3	97	84	100
3	93	84	108
3	85	93	103
3	84	97	108
3	103	93	108
3	87	105	117
3	80	87	117
3	112	80	117
3	111	107	112
3	112	117	125
3	117	105	129
3	125	117	129
3	125	129	138
3	100	99	115
3	99	111	114
3	115	99	114
3	112	125	111
3	114	111	131
3	115	114	131
3	115	131	132
3	111	125	137
3	131	111	137
3	160	156	169
3	156	140	169
3	151	156	160
3	123	151	166
3	156	124	140
3	151	123	156
3	123	124	156
3	155	159	163
3	155	146	159
3	145	155	157
3	145	142	155
3	142	146	155
3	136	146	142
3	134	136	142
3	138	142	144
3	138	134	142
3	134	128	136
3	123	119	110
3	95	110	119
3	110	124	123
3	119	123	122
3	103	124	110
3	91	119	122
3	109	128	134
3	129	134	138
3	113	109	134
3	129	113	134
3	105	113	129
3	92	109	113
3	105	92	113
3	95	103	110
3	95	85	103
3	95	119	91
3	91	76	95
3	76	85	95
3	81	76	91
3	76	70	85
3	76	63	70
3	92	98	109
3	87	92	105
3	92	83	98
3	77	83	92
3	87	78	92
3	78	77	92
3	77	66	83
3	66	73	83
3	78	66	77
3	81	62	76
3	62	63	76
3	62	81	72
3	62	59	63
3	51	62	72
3	64	51	72
3	52	61	63
3	59	52	63
3	62	42	59
3	51	42	62
3	37	52	59
3	42	37	59
3	41	48	52
3	51	64	53
3	50	51	53
3	43	53	55
3	38	50	53
3	50	38	51
3	65	60	66
3	66	57	55
3	60	57	66
3	47	57	60
3	57	47	55
3	47	43	55
3	44	47	60
3	37	8	41
3	38	42	51
3	37	41	52
3	38	30	42
3	32	30	38
3	18	37	42
3	30	18	42
3	8	37	18
3	27	17	32
3	21	18	30
3	21	30	32
3	17	21	32
3	34	38	53
3	43	34	53
3	34	27	38
3	27	32	38
3	26	27	34
3	20	17	27
3	47	31	43
3	44	31	47
3	34	43	31
3	36	31	44
3	31	26	34
3	28	31	36
3	28	26	31
3	13	26	28
3	8	18	21
3	17	4	21
3	11	0	17
3	26	19	27
3	19	20	27
3	13	19	26
3	1	20	19
3	20	11	17
3	1	11	20
3	1802	1830	1818
3	1830	1802	1833
3	1802	1806	1833
3	1756	1806	1802
3	1791	1818	1812
3	1803	1791	1812
3	1805	1812	1814
3	1805	1803	1812
3	1729	1688	1710
3	1671	1688	1729
3	1697	1666	1729
3	1684	1671	1729
3	1666	1684	1729
3	1792	1756	1802
3	1756	1787	1806
3	1756	1749	1787
3	1745	1756	1792
3	1739	1745	1792
3	1710	1749	1756
3	1710	1756	1745
3	1715	1697	1710
3	1715	1710	1745
3	1729	1710	1697
3	1791	1802	1818
3	1791	1792	1802
3	1768	1791	1803
3	1805	1768	1803
3	1768	1792	1791
3	1768	1724	1792
3	1724	1739	1792
3	1687	1724	1768
3	1814	1728	1805
3	1765	1728	1814
3	1728	1768	1805
3	1668	1728	1765
3	1728	1687	1768
3	1668	1687	1728
3	1638	1668	1726
3	1683	1658	1748
3	1676	1703	1658
3	1640	1683	1693
3	1737	1748	1755
3	1771	1737	1755
3	1753	1737	1771
3	1693	1737	1618
3	1646	1737	1753
3	1693	1683	1748
3	1693	1748	1737
3	1694	1646	1753
3	1748	1658	1703
3	1762	1753	1771
3	1762	1738	1727
3	1738	1699	1727
3	1727	1753	1762
3	1675	1727	1699
3	1727	1694	1753
3	1670	1727	1675
3	1670	1694	1727
3	1708	1699	1738
3	1696	1699	1708
3	1675	1699	1696
3	1633	1675	1696
3	1682	1692	1696
3	1704	1778	1784
3	1704	1747	1778
3	1672	1747	1704
3	1672	1654	1747
3	1592	1672	1704
3	1679	1592	1704
3	1654	1691	1747
3	1752	1704	1784
3	1782	1752	1784
3	1772	1752	1782
3	1669	1704	1752
3	1669	1752	1689
3	1669	1679	1704
3	1689	1752	1772
3	1734	1689	1772
3	1702	1689	1734
3	1593	1669	1689
3	1593	1689	1702
3	1702	1723	1742
3	1730	1702	1734
3	1716	1702	1730
3	1702	1716	1723
3	1713	1651	1702
3	1572	1651	1713
3	1713	1702	1742
3	1732	1713	1742
3	1624	1713	1732
3	1624	1732	1619
3	1610	1713	1624
3	1546	1615	1629
3	1615	1546	1570
3	1636	1667	1687
3	1631	1676	1658
3	1633	1597	1675
3	1692	1653	1696
3	1637	1592	1679
3	1651	1593	1702
3	1610	1572	1713
3	212	214	216
3	218	217	222
3	122	123	166
3	163	159	161
3	116	128	109
3	66	55	73
3	1740	1715	1745
3	1646	1618	1737
3	1650	1646	1694
3	1545	1570	1546
3	1534	1545	1546
3	1534	1546	1536
3	1454	1534	1536
3	1534	1423	1545
3	1454	1423	1534
3	1379	1481	1545
3	1423	1379	1545
3	1681	1629	1697
3	1629	1666	1697
3	1629	1615	1666
3	1615	1684	1666
3	1684	1570	1671
3	1615	1570	1684
3	1599	1636	1687
3	1668	1599	1687
3	1599	1512	1636
3	1638	1603	1668
3	1603	1599	1668
3	1603	1564	1599
3	1551	1564	1603
3	1507	1599	1564
3	1510	1507	1564
3	1492	1564	1551
3	1492	1510	1564
3	1452	1484	1488
3	1441	1507	1510
3	1494	1541	1550
3	1494	1519	1541
3	1528	1460	1550
3	1494	1503	1519
3	1460	1494	1550
3	1455	1460	1528
3	1488	1503	1494
3	1634	1631	1658
3	1634	1658	1683
3	1634	1560	1631
3	1573	1634	1683
3	1640	1573	1683
3	1573	1566	1634
3	1566	1560	1634
3	1528	1566	1573
3	1504	1573	1578
3	1528	1550	1566
3	1550	1541	1566
3	1504	1528	1573
3	1653	1633	1696
3	1597	1584	1675
3	1692	1677	1654
3	1654	1677	1691
3	1622	1692	1654
3	1622	1653	1692
3	1597	1633	1653
3	1547	1597	1653
3	1622	1547	1653
3	1616	1594	1622
3	1594	1547	1622
3	1509	1594	1540
3	1672	1616	1654
3	1592	1616	1672
3	1616	1622	1654
3	1540	1594	1616
3	1592	1540	1616
3	1532	1592	1637
3	1532	1540	1592
3	1532	1382	1540
3	1382	1429	1540
3	1422	1509	1540
3	1429	1422	1540
3	1669	1580	1679
3	1580	1637	1679
3	1490	1532	1637
3	1580	1490	1637
3	1580	1489	1490
3	1500	1490	1489
3	1398	1382	1532
3	1593	1580	1669
3	1513	1580	1593
3	1513	1489	1580
3	1489	1412	1500
3	1572	1605	1651
3	1605	1593	1651
3	1572	1520	1605
3	1520	1593	1605
3	1520	1513	1593
3	1572	1487	1520
3	1502	1520	1487
3	1502	1406	1513
3	1624	1552	1610
3	1552	1572	1610
3	1473	1443	1624
3	1552	1487	1572
3	1552	1624	1443
3	1315	1423	1454
3	1315	1379	1423
3	1289	1315	1454
3	1289	1244	1315
3	1184	1244	1289
3	1492	1452	1510
3	1452	1492	1495
3	1484	1452	1495
3	1452	1441	1510
3	1413	1452	1488
3	1460	1488	1494
3	1460	1413	1488
3	1248	1229	1264
3	1233	1249	1238
3	1248	1161	1229
3	1229	1186	1249
3	1249	1186	1238
3	1204	1233	1279
3	1422	1341	1509
3	1301	1231	1341
3	1231	1279	1341
3	1310	1231	1301
3	1189	1231	1310
3	1276	1189	1310
3	1276	1208	1189
3	1231	1180	1279
3	1301	1341	1422
3	1301	1422	1429
3	1382	1301	1429
3	1355	1301	1382
3	1355	1382	1398
3	1310	1301	1303
3	1303	1276	1310
3	1355	1270	1301
3	1303	1301	1270
3	1274	1276	1303
3	1273	1270	1355
3	1270	1274	1303
3	1270	1252	1274
3	1226	1270	1273
3	1398	1490	1500
3	1336	1398	1500
3	1336	1299	1398
3	1299	1355	1398
3	1299	1273	1355
3	1251	1273	1299
3	1513	1412	1489
3	1406	1412	1513
3	1412	1336	1500
3	1406	1336	1412
3	1304	1336	1406
3	1383	1304	1406
3	1251	1299	1336
3	1304	1251	1336
3	1304	1250	1251
3	1487	1470	1502
3	1438	1470	1487
3	1470	1406	1502
3	1438	1383	1470
3	1383	1406	1470
3	1552	1443	1487
3	1443	1438	1487
3	1119	1184	1289
3	1119	1081	1184
3	1036	1081	1119
3	1036	1102	1081
3	1109	1083	1181
3	1058	1083	1109
3	1083	1038	1097
3	1058	1038	1083
3	1109	1229	1161
3	1109	1186	1229
3	1186	1181	1212
3	1109	1181	1186
3	1161	1103	1109
3	1103	1085	1109
3	1085	1058	1109
3	1204	1249	1233
3	1249	1177	1264
3	1204	1177	1249
3	1204	1180	1177
3	1189	1180	1231
3	1189	1178	1180
3	1226	1252	1270
3	1251	1226	1273
3	1251	1235	1226
3	1235	1251	1250
3	977	1102	1036
3	977	1007	1102
3	1036	1028	977
3	768	977	1028
3	768	802	977
3	984	1038	1058
3	984	956	1038
3	956	990	1038
3	956	981	990
3	956	883	981
3	954	956	984
3	954	923	956
3	923	883	956
3	879	923	954
3	393	462	491
3	879	812	923
3	812	883	923
3	879	765	812
3	841	855	869
3	644	801	802
3	768	644	802
3	644	696	801
3	603	696	644
3	696	661	680
3	603	661	696
3	603	496	661
3	511	569	661
3	844	765	879
3	791	763	844
3	763	765	844
3	765	748	812
3	763	686	765
3	800	841	869
3	841	791	855
3	855	791	844
3	800	746	841
3	755	746	800
3	746	763	791
3	746	686	763
3	626	686	746
3	593	686	626
3	744	755	800
3	784	752	744
3	728	658	744
3	744	658	755
3	626	746	755
3	658	626	755
3	628	658	728
3	731	761	770
3	733	761	731
3	496	511	661
3	570	626	658
3	465	593	626
3	1475	1454	1536
3	1599	1507	1512
3	1504	1439	1528
3	1439	1455	1528
3	1509	1477	1594
3	1398	1532	1490
3	1385	1452	1413
3	1341	1477	1509
3	1341	1407	1477
3	1032	1028	1036
3	1038	990	1097
3	1186	1212	1238
3	812	823	883
3	686	674	765
3	106	104	118
3	102	106	116
3	98	102	116
3	109	98	116
3	96	94	104
3	86	91	101
3	94	86	101
3	79	86	94
3	89	79	94
3	79	72	86
3	86	81	91
3	72	81	86
3	90	64	79
3	106	96	104
3	98	88	102
3	102	96	106
3	88	75	102
3	75	96	102
3	96	89	94
3	90	89	96
3	75	90	96
3	73	75	88
3	79	89	90
3	75	55	90
3	83	88	98
3	83	73	88
3	64	72	79
3	55	53	90
3	53	64	90
3	73	55	75
3	1739	1740	1745
3	1718	1715	1740
3	1690	1718	1711
3	1663	1715	1718
3	1663	1681	1715
3	1690	1655	1718
3	1655	1663	1718
3	1739	1724	1740
3	1201	1142	1174
3	1852	1828	1858
3	1852	1858	1865
3	1854	1864	1872
3	1945	1973	1979
3	853	955	908
3	450	501	540
3	1003	996	1014
3	1136	1042	1100
3	1110	1042	1136
3	1110	1136	1138
3	1100	1099	1148
3	1145	1066	1138
3	1136	1100	1148
3	1136	1148	1138
3	1138	1148	1197
3	1145	1138	1197
3	1148	1165	1197
3	1145	1197	1196
3	1055	1003	1142
3	1142	1003	1101
3	1003	1014	1101
3	975	1055	1107
3	1107	1055	1142
3	1014	1066	1101
3	1101	1066	1145
3	1107	1142	1201
3	1101	1145	1196
3	1191	1101	1196
3	1852	1865	1862
3	1888	1864	1870
3	1891	1870	1869
3	1870	1891	1888
3	1891	1869	1911
3	1936	1891	1911
3	1888	1891	1952
3	1891	1936	1945
3	1952	1891	1945
3	1936	1911	1956
3	1872	1864	1888
3	1876	1865	1854
3	1876	1854	1872
3	1876	1872	1897
3	1906	1897	1872
3	1906	1872	1926
3	1872	1888	1923
3	1872	1923	1926
3	1923	1888	1952
3	1862	1865	1878
3	1865	1876	1878
3	1879	1862	1878
3	1878	1876	1897
3	1890	1878	1897
3	1890	1879	1878
3	1884	1862	1879
3	1887	1890	1897
3	1890	1883	1879
3	1883	1887	1917
3	1883	1917	1908
3	1879	1883	1912
3	1883	1908	1912
3	1884	1879	1912
3	1908	1917	1931
3	1884	1912	1922
3	1922	1912	1931
3	1931	1917	1933
3	1912	1908	1931
3	1945	1936	1956
3	1923	1952	1950
3	1952	1945	1960
3	1950	1952	1963
3	1963	1952	1960
3	1960	1945	1978
3	1978	1945	1979
3	1963	1960	1984
3	1960	1978	1984
3	1977	1965	1986
3	1977	1978	1979
3	1978	1977	1984
3	1977	1986	1984
3	1984	1986	1990
3	1986	1987	1990
3	1942	1922	1959
3	1959	1954	1965
3	1965	1954	1982
3	1954	1967	1982
3	1965	1982	1986
3	1971	1965	1977
3	1982	1983	1986
3	1986	1983	1987
3	1982	1967	1983
3	1922	1931	1954
3	1931	1933	1955
3	1931	1955	1954
3	1922	1954	1959
3	1955	1967	1954
3	893	858	853
3	893	853	918
3	853	908	918
3	962	893	918
3	1039	918	908
3	962	918	1039
3	908	1042	1039
3	962	1039	1066
3	962	1066	1014
3	1039	1042	1110
3	1066	1039	1110
3	1066	1110	1138
3	1906	1926	1919
3	1926	1928	1919
3	1919	1928	1935
3	1914	1919	1935
3	1928	1926	1923
3	1935	1928	1940
3	1940	1928	1941
3	1928	1923	1941
3	1883	1890	1887
3	1894	1887	1897
3	1894	1897	1900
3	1903	1894	1900
3	1900	1897	1906
3	1893	1900	1906
3	1903	1900	1909
3	1900	1893	1909
3	1893	1906	1919
3	1924	1919	1914
3	1893	1919	1924
3	1917	1887	1899
3	1887	1894	1899
3	1899	1894	1903
3	1909	1893	1898
3	1917	1899	1925
3	1909	1898	1903
3	1899	1903	1925
3	1903	1898	1925
3	1917	1925	1933
3	1925	1898	1944
3	1941	1923	1950
3	1941	1950	1964
3	1964	1950	1968
3	1968	1950	1963
3	1964	1968	1984
3	1970	1964	1985
3	1985	1964	1984
3	1985	1984	1990
3	1968	1963	1984
3	1985	1990	1987
3	1898	1943	1944
3	1944	1943	1961
3	1961	1943	1972
3	1943	1970	1972
3	1955	1944	1967
3	1944	1961	1967
3	1967	1961	1983
3	1961	1972	1983
3	1972	1970	1985
3	1983	1972	1987
3	1987	1972	1985
3	1933	1925	1944
3	1933	1944	1955
3	1914	1935	1951
3	1916	1893	1924
3	1920	1924	1914
3	1924	1920	1916
3	1920	1914	1949
3	1916	1943	1898
3	1916	1920	1943
3	1943	1920	1949
3	1916	1898	1893
3	1935	1940	1951
3	1914	1951	1949
3	1964	1940	1941
3	1949	1951	1970
3	1951	1940	1964
3	1970	1951	1964
3	1943	1949	1970
3	1724	1725	1740
3	1711	1718	1740
3	1725	1711	1740
3	1724	1687	1725
3	1660	1690	1711
3	1685	1711	1725
3	1687	1667	1725
3	1667	1685	1725
3	1685	1660	1711
3	1586	1536	1546
3	1518	1536	1586
3	1516	1518	1557
3	1557	1518	1586
3	1475	1536	1518
3	1516	1396	1518
3	1663	1586	1681
3	1586	1629	1681
3	1589	1586	1663
3	1655	1589	1663
3	1586	1546	1629
3	1647	1590	1685
3	1667	1636	1685
3	1636	1647	1685
3	1636	1583	1647
3	1588	1583	1636
3	1512	1588	1636
3	1512	1468	1588
3	1523	1583	1588
3	1468	1523	1588
3	1491	1468	1512
3	1491	1340	1468
3	1578	1573	1640
3	1467	1578	1640
3	1466	1504	1578
3	1467	1466	1578
3	1466	1439	1504
3	1618	1640	1693
3	1467	1640	1618
3	1554	1646	1650
3	1554	1618	1646
3	1612	1554	1650
3	1554	1467	1618
3	1485	1467	1554
3	1483	1485	1554
3	1670	1650	1694
3	1670	1584	1650
3	1584	1612	1650
3	1584	1479	1612
3	1479	1483	1612
3	1483	1554	1612
3	1479	1431	1483
3	1584	1670	1675
3	1529	1525	1597
3	1597	1525	1584
3	1525	1479	1584
3	1525	1430	1479
3	1529	1414	1525
3	1547	1529	1597
3	1477	1547	1594
3	1477	1529	1547
3	1475	1410	1454
3	1377	1258	1410
3	1410	1258	1454
3	1258	1289	1454
3	1237	1258	1377
3	1119	1289	1258
3	1396	1377	1518
3	1377	1475	1518
3	1377	1410	1475
3	1340	1491	1512
3	1507	1340	1512
3	1441	1340	1507
3	1452	1385	1441
3	1441	1390	1340
3	1385	1390	1441
3	1391	1385	1413
3	1385	1293	1390
3	1293	1385	1391
3	1216	1293	1391
3	1243	1340	1390
3	1293	1243	1390
3	1455	1391	1460
3	1367	1455	1439
3	1391	1413	1460
3	1367	1391	1455
3	1348	1391	1367
3	1348	1269	1391
3	1269	1216	1391
3	1202	1269	1348
3	1384	1466	1467
3	1384	1439	1466
3	1384	1367	1439
3	1384	1467	1485
3	1162	1367	1384
3	1162	1348	1367
3	1330	1384	1485
3	1330	1209	1384
3	1209	1162	1384
3	1162	1202	1348
3	1162	1077	1202
3	1483	1352	1485
3	1431	1352	1483
3	1275	1352	1431
3	1316	1214	1352
3	1352	1330	1485
3	1275	1316	1352
3	1330	1352	1214
3	1275	1220	1316
3	1220	1214	1316
3	1220	1275	1257
3	1214	1209	1330
3	1479	1333	1431
3	1430	1333	1479
3	1257	1275	1431
3	1333	1257	1431
3	1271	1257	1333
3	1246	1220	1257
3	1246	1257	1271
3	1246	1212	1220
3	1239	1246	1271
3	1239	1238	1246
3	1239	1233	1238
3	1414	1430	1525
3	1393	1333	1430
3	1414	1393	1430
3	1318	1393	1414
3	1393	1271	1333
3	1393	1239	1271
3	1318	1239	1393
3	1279	1239	1318
3	1279	1233	1239
3	1477	1414	1529
3	1407	1414	1477
3	1407	1318	1414
3	1341	1318	1407
3	1341	1279	1318
3	1064	1119	1258
3	1237	1064	1258
3	1091	1064	1237
3	1064	1032	1119
3	1032	1036	1119
3	1020	1032	1064
3	1020	1064	1091
3	1124	1077	1162
3	1162	1209	1124
3	1209	998	1124
3	1057	998	1209
3	1022	998	1057
3	1153	1214	1220
3	1181	1220	1212
3	1153	1151	1214
3	1181	1153	1220
3	1151	1130	1214
3	1083	1153	1181
3	1153	1097	1151
3	1214	1130	1209
3	1130	1057	1209
3	1083	1097	1153
3	1131	1130	1151
3	1097	1131	1151
3	1092	1130	1131
3	1097	1061	1131
3	1111	1092	1131
3	1061	1111	1131
3	1092	1057	1130
3	1238	1212	1246
3	990	1061	1097
3	990	1037	1061
3	1020	827	1032
3	875	1028	1032
3	827	875	1032
3	875	768	1028
3	924	907	998
3	924	998	1022
3	930	882	939
3	924	882	843
3	930	847	882
3	856	888	932
3	883	856	932
3	888	847	930
3	856	847	888
3	883	823	856
3	981	994	990
3	990	994	1037
3	948	992	994
3	981	932	994
3	883	932	981
3	948	940	992
3	932	948	994
3	898	940	948
3	888	948	932
3	888	898	948
3	875	783	768
3	827	783	875
3	738	783	827
3	644	768	783
3	643	783	738
3	643	644	783
3	649	643	738
3	632	654	670
3	670	654	700
3	654	650	700
3	843	792	907
3	782	792	843
3	782	668	792
3	652	720	792
3	668	652	792
3	632	720	652
3	652	588	632
3	782	843	882
3	847	782	882
3	856	776	847
3	823	776	856
3	776	782	847
3	662	776	823
3	812	748	823
3	748	662	823
3	529	643	649
3	529	572	643
3	632	591	654
3	617	600	668
3	600	652	668
3	581	600	617
3	1557	1586	1589
3	1590	1660	1685
3	1061	1037	1071
3	843	907	924
3	939	882	924
3	898	888	930
3	650	627	740
3	559	577	627
3	744	752	760
3	697	760	761
3	728	744	760
3	733	697	761
3	697	728	760
3	589	697	733
3	628	697	589
3	697	628	728
3	607	589	733
3	628	570	658
3	756	733	731
3	715	733	756
3	756	667	715
3	715	699	733
3	639	699	715
3	667	639	715
3	699	607	733
3	639	568	699
3	509	607	699
3	568	509	699
3	756	633	667
3	633	639	667
3	500	496	603
3	511	458	569
3	496	420	511
3	420	496	500
3	511	420	458
3	420	417	458
3	432	336	420
3	336	417	420
3	373	336	432
3	499	479	486
3	486	435	508
3	479	394	486
3	394	435	486
3	435	449	508
3	435	376	449
3	394	374	435
3	374	376	435
3	482	515	518
3	522	482	518
3	515	486	508
3	498	482	495
3	499	486	498
3	498	486	515
3	498	515	482
3	518	457	522
3	457	482	522
3	482	448	495
3	473	457	518
3	457	448	482
3	457	405	448
3	392	405	457
3	434	473	581
3	392	457	473
3	434	392	473
3	388	329	434
3	299	329	388
3	570	465	626
3	427	333	375
3	589	570	628
3	525	589	607
3	463	589	525
3	463	570	589
3	463	427	570
3	463	370	427
3	333	427	370
3	525	607	509
3	568	397	509
3	278	380	397
3	633	553	639
3	507	568	639
3	553	507	639
3	507	422	568
3	430	507	553
3	422	397	568
3	430	422	507
3	353	422	430
3	353	397	422
3	297	353	430
3	514	425	433
3	433	430	553
3	398	425	476
3	398	345	425
3	315	430	433
3	315	433	425
3	345	315	425
3	315	297	430
3	493	398	476
3	409	398	493
3	363	409	467
3	409	290	398
3	275	336	373
3	325	275	373
3	275	226	336
3	226	319	336
3	226	234	319
3	284	275	325
3	233	275	284
3	225	233	284
3	188	226	275
3	233	188	275
3	254	195	220
3	200	195	254
3	344	374	394
3	344	326	374
3	366	344	394
3	247	344	366
3	296	326	344
3	296	298	326
3	247	296	344
3	296	254	298
3	247	200	296
3	200	254	296
3	247	208	200
3	392	378	405
3	327	378	392
3	329	392	434
3	329	327	392
3	313	378	327
3	299	283	329
3	283	327	329
3	283	313	327
3	280	299	300
3	280	283	299
3	283	270	313
3	280	270	283
3	286	276	400
3	276	300	400
3	285	276	286
3	276	280	300
3	272	270	280
3	269	276	285
3	272	280	276
3	269	270	272
3	269	272	276
3	339	357	368
3	339	286	357
3	286	400	357
3	332	316	339
3	291	322	335
3	316	286	339
3	322	316	332
3	322	291	316
3	316	285	286
3	291	285	316
3	333	330	375
3	330	332	375
3	332	339	368
3	332	368	375
3	320	332	330
3	335	322	328
3	320	322	332
3	322	320	328
3	320	317	328
3	312	317	320
3	343	333	370
3	312	330	333
3	312	320	330
3	271	333	343
3	304	271	343
3	249	312	333
3	271	249	333
3	249	317	312
3	244	317	249
3	252	249	271
3	221	244	249
3	221	249	252
3	216	221	252
3	278	304	380
3	238	304	278
3	238	271	304
3	252	271	238
3	228	252	238
3	228	216	252
3	353	278	397
3	297	278	353
3	239	278	297
3	239	238	278
3	239	228	238
3	207	228	239
3	215	207	239
3	290	345	398
3	306	345	290
3	266	345	306
3	266	315	345
3	266	292	315
3	292	297	315
3	292	239	297
3	266	245	292
3	268	266	306
3	245	239	292
3	242	245	266
3	268	242	266
3	236	245	242
3	231	215	245
3	215	239	245
3	229	236	242
3	268	229	242
3	363	305	409
3	305	290	409
3	310	305	363
3	338	310	363
3	259	290	305
3	259	305	310
3	222	310	338
3	222	259	310
3	211	222	338
3	290	268	306
3	259	268	290
3	222	217	259
3	259	229	268
3	217	229	259
3	226	187	234
3	187	191	234
3	188	187	226
3	225	175	233
3	181	225	204
3	175	188	233
3	181	175	225
3	187	166	191
3	164	187	188
3	175	164	188
3	165	175	181
3	173	165	181
3	164	166	187
3	165	164	175
3	184	181	204
3	195	184	220
3	184	204	220
3	182	195	200
3	182	184	195
3	182	173	184
3	173	181	184
3	183	170	182
3	170	173	182
3	163	161	170
3	183	200	208
3	183	182	200
3	163	170	183
3	212	216	228
3	207	212	228
3	164	149	166
3	149	164	165
3	149	122	166
3	165	147	149
3	147	130	149
3	135	130	147
3	130	120	149
3	141	135	147
3	120	122	149
3	148	173	170
3	161	148	170
3	173	141	165
3	148	141	173
3	141	147	165
3	148	161	159
3	146	148	159
3	136	148	146
3	136	141	148
3	136	133	141
3	133	135	141
3	127	130	135
3	126	127	135
3	101	120	130
3	127	101	130
3	126	94	127
3	104	94	126
3	120	101	122
3	94	101	127
3	101	91	122
3	136	128	133
3	128	118	133
3	133	126	135
3	118	126	133
3	116	118	128
3	116	106	118
3	118	104	126
3	376	403	449
3	515	508	552
3	473	518	581
3	388	434	581
3	427	465	570
3	375	368	510
3	427	375	465
3	343	370	463
3	471	525	509
3	380	509	397
3	380	471	509
3	204	225	262
3	220	204	262
3	1215	1324	1363
3	1324	1370	1363
3	1324	1221	1370
3	1215	1141	1324
3	1141	1221	1324
3	1370	1242	1365
3	1221	1242	1370
3	1221	1127	1242
3	1420	1399	1511
3	1399	1386	1453
3	1404	1386	1399
3	1320	1399	1420
3	1404	1305	1386
3	1291	1404	1399
3	1320	1291	1399
3	1305	1317	1386
3	1291	1305	1404
3	1188	1305	1291
3	1320	1188	1291
3	1188	1182	1305
3	1182	1317	1305
3	1256	1266	1360
3	1317	1256	1360
3	1182	1256	1317
3	1228	1266	1256
3	1266	1378	1360
3	1266	1321	1378
3	1266	1228	1321
3	1228	1225	1321
3	1159	1224	1321
3	1225	1159	1321
3	1286	1368	1498
3	1419	1297	1498
3	1297	1286	1498
3	1232	1286	1297
3	1224	1187	1297
3	1232	1213	1286
3	314	267	308
3	490	279	440
3	386	396	494
3	480	609	708
3	641	693	705
3	678	758	797
3	871	890	929
3	1125	1127	1141
3	1072	1080	1134
3	1190	1134	1210
3	1190	1210	1217
3	1366	1344	1388
3	1366	1346	1344
3	1365	1374	1486
3	196	1997	223
3	223	240	267
3	267	240	308
3	240	311	308
3	341	279	490
3	331	341	381
3	341	358	381
3	341	490	358
3	308	311	396
3	396	311	401
3	401	311	381
3	401	381	358
3	401	358	452
3	358	490	452
3	396	505	494
3	401	452	548
3	452	490	537
3	505	396	548
3	537	490	440
3	396	401	548
3	548	452	537
3	548	537	606
3	606	505	548
3	386	308	396
3	573	480	708
3	517	640	605
3	640	517	560
3	630	517	605
3	517	497	520
3	517	520	560
3	520	497	620
3	845	705	813
3	690	609	641
3	779	641	705
3	690	641	779
3	708	690	779
3	779	705	845
3	708	779	863
3	863	779	845
3	845	813	925
3	609	690	708
3	573	708	758
3	678	573	758
3	797	758	867
3	867	758	917
3	758	708	863
3	786	750	854
3	750	806	857
3	750	857	854
3	685	597	676
3	597	631	676
3	685	676	714
3	685	714	736
3	714	723	736
3	714	676	749
3	723	714	750
3	723	750	786
3	714	749	750
3	749	806	750
3	702	605	712
3	605	687	712
3	664	685	727
3	730	664	727
3	727	685	735
3	735	685	736
3	712	730	727
3	712	727	753
3	727	735	753
3	712	687	730
3	712	753	702
3	730	687	725
3	737	702	753
3	640	560	659
3	605	681	630
3	605	640	687
3	640	659	687
3	681	605	737
3	687	659	725
3	605	702	737
3	659	520	794
3	725	659	762
3	762	659	794
3	762	794	795
3	722	785	814
3	794	722	814
3	785	817	829
3	785	829	814
3	795	794	833
3	833	794	814
3	829	839	876
3	814	829	876
3	659	560	520
3	620	579	785
3	520	620	722
3	794	520	722
3	722	620	785
3	813	871	925
3	871	929	966
3	925	871	966
3	1002	925	966
3	863	845	906
3	863	906	938
3	906	845	925
3	938	906	925
3	985	938	986
3	938	925	986
3	986	925	1002
3	986	1002	1040
3	985	986	1040
3	758	863	938
3	917	758	938
3	867	917	982
3	917	938	985
3	867	982	997
3	982	917	985
3	867	997	967
3	967	997	1044
3	997	982	1043
3	982	985	1043
3	806	878	857
3	806	772	878
3	857	878	914
3	772	798	878
3	878	798	961
3	854	857	914
3	914	878	961
3	798	867	967
3	961	798	967
3	914	961	1000
3	961	967	1000
3	914	1006	979
3	914	1000	1006
3	1000	967	1006
3	1006	967	1070
3	967	1044	1070
3	814	874	833
3	839	873	876
3	874	814	876
3	833	874	946
3	876	891	874
3	876	873	921
3	874	891	944
3	891	876	921
3	874	944	946
3	946	944	951
3	891	921	991
3	891	991	1015
3	951	944	1080
3	944	891	1015
3	944	1015	1080
3	1052	1002	966
3	966	1059	1052
3	1158	1073	1052
3	1158	1052	1188
3	1158	1188	1320
3	1040	1002	1073
3	1040	1073	1137
3	1155	1073	1158
3	1120	1040	1137
3	1137	1073	1155
3	1120	1137	1219
3	1323	1137	1155
3	1137	1323	1219
3	1044	997	1043
3	985	1040	1120
3	1070	1044	1125
3	1043	985	1120
3	1043	1120	1154
3	1154	1120	1245
3	1127	1154	1242
3	1120	1219	1245
3	1242	1154	1245
3	1068	1006	1070
3	1068	1070	1114
3	1114	1070	1133
3	1133	1070	1125
3	1133	1125	1141
3	1114	1133	1166
3	1166	1133	1206
3	1133	1141	1215
3	1015	1140	1080
3	1140	1015	1144
3	1080	1140	1134
3	1140	1144	1175
3	1134	1140	1176
3	1176	1140	1175
3	1175	1195	1176
3	1337	1346	1366
3	1346	1337	1405
3	1337	1366	1409
3	1346	1405	1380
3	1388	1446	1366
3	1380	1405	1449
3	1449	1405	1471
3	1471	1405	1474
3	1405	1337	1474
3	1323	1158	1320
3	1155	1158	1323
3	1219	1323	1354
3	1323	1320	1420
3	1354	1323	1420
3	1354	1420	1476
3	1450	1354	1476
3	1242	1245	1365
3	1365	1245	1374
3	1245	1219	1374
3	1374	1219	1354
3	1374	1354	1450
3	1187	1232	1297
3	1232	1183	1213
3	1368	1334	1463
3	1213	1334	1368
3	1213	1278	1334
3	1213	1368	1286
3	1213	1193	1278
3	1334	1447	1497
3	1294	1417	1447
3	1334	1294	1447
3	1294	1350	1417
3	1334	1278	1294
3	1294	1296	1350
3	1194	1296	1294
3	1278	1194	1294
3	1167	1194	1278
3	1448	1362	1373
3	1350	1448	1417
3	1350	1362	1448
3	1373	1369	1462
3	1296	1362	1350
3	1329	1369	1373
3	1362	1319	1373
3	1319	1329	1373
3	1296	1319	1362
3	1369	1371	1465
3	1371	1434	1465
3	1329	1371	1369
3	1312	1364	1371
3	1329	1312	1371
3	1434	1444	1436
3	1371	1444	1434
3	1444	1493	1436
3	1444	1408	1493
3	1371	1408	1444
3	1493	1433	1458
3	1308	1433	1493
3	1433	1401	1506
3	1408	1308	1493
3	1380	1449	1501
3	1415	1380	1501
3	1445	1411	1415
3	1395	1380	1415
3	1392	1464	1432
3	1388	1392	1432
3	1388	1344	1392
3	1394	1347	1395
3	1392	1347	1394
3	1344	1347	1392
3	1347	1380	1395
3	1347	1346	1380
3	1344	1346	1347
3	1128	1222	1205
3	1190	1217	1222
3	1128	1190	1222
3	1168	1128	1205
3	1128	1134	1190
3	1106	1128	1168
3	1170	1106	1168
3	1128	1072	1134
3	1106	1072	1128
3	1170	1053	1106
3	963	1072	1106
3	1053	963	1106
3	1072	951	1080
3	1141	1127	1221
3	1043	1154	1127
3	1125	1044	1127
3	1044	1043	1127
3	1059	1182	1188
3	1052	1059	1188
3	1073	1002	1052
3	1163	1228	1256
3	1182	1163	1256
3	1139	1182	1059
3	1182	1139	1163
3	1047	1082	1139
3	1059	1047	1139
3	929	1047	1059
3	966	929	1059
3	1135	1159	1225
3	1163	1225	1228
3	1163	1135	1225
3	1139	1082	1163
3	1163	1115	1135
3	1082	1115	1163
3	1047	1115	1082
3	1047	1001	1115
3	1001	1054	1115
3	1159	1086	1224
3	1086	1187	1224
3	1084	1078	1086
3	1135	1084	1159
3	1054	1084	1135
3	1115	1054	1135
3	1018	1078	1084
3	1078	1029	1056
3	1054	999	1084
3	999	1018	1084
3	1001	999	1054
3	1018	970	1078
3	970	1029	1078
3	968	951	1072
3	963	968	1072
3	927	963	1053
3	951	968	946
3	963	912	968
3	927	912	963
3	912	838	968
3	838	946	968
3	838	833	946
3	773	838	912
3	927	859	912
3	798	739	867
3	890	937	929
3	872	937	890
3	834	890	871
3	834	850	890
3	929	937	1047
3	937	926	1047
3	926	1001	1047
3	926	895	1001
3	872	892	937
3	892	926	937
3	892	895	926
3	821	895	892
3	872	830	892
3	821	848	895
3	830	821	892
3	1001	895	999
3	999	902	1018
3	902	970	1018
3	902	949	970
3	895	902	999
3	902	884	949
3	895	848	902
3	848	803	902
3	803	884	902
3	803	865	884
3	803	666	865
3	795	833	838
3	773	777	838
3	777	795	838
3	777	762	795
3	725	762	777
3	773	713	777
3	730	725	777
3	711	713	773
3	713	730	777
3	653	730	713
3	625	713	711
3	653	664	730
3	625	618	713
3	618	653	713
3	584	664	653
3	749	741	806
3	707	741	749
3	707	623	741
3	676	707	749
3	631	707	676
3	631	623	707
3	664	597	685
3	584	597	664
3	798	764	739
3	764	798	772
3	741	772	806
3	656	739	764
3	656	678	739
3	623	764	772
3	656	764	623
3	656	526	678
3	526	573	678
3	623	563	656
3	739	797	867
3	739	678	797
3	813	834	871
3	691	834	813
3	693	691	813
3	705	693	813
3	691	614	834
3	614	672	834
3	641	619	693
3	575	614	691
3	575	691	693
3	890	850	872
3	850	793	872
3	793	830	872
3	834	672	850
3	793	704	830
3	655	704	793
3	672	793	850
3	672	655	793
3	821	732	848
3	704	732	821
3	704	821	830
3	704	706	732
3	655	571	704
3	704	595	706
3	595	583	706
3	571	595	704
3	732	803	848
3	732	666	803
3	747	647	703
3	706	666	732
3	706	583	666
3	566	647	747
3	582	647	566
3	796	804	840
3	703	796	840
3	694	796	703
3	608	694	703
3	608	703	647
3	608	599	694
3	631	578	623
3	597	544	631
3	512	584	653
3	619	575	693
3	519	571	655
3	582	608	647
3	1378	1321	1421
3	1224	1297	1421
3	1307	1319	1296
3	1364	1408	1371
3	1411	1395	1415
3	1187	1150	1232
3	859	773	912
3	970	949	1029
3	773	859	787
3	787	711	773
3	642	711	787
3	602	672	614
3	616	519	655
3	703	807	747
3	747	583	566
3	657	556	660
3	579	556	657
3	556	517	660
3	829	817	839
3	817	799	839
3	657	799	817
3	759	657	817
3	657	769	799
3	660	737	769
3	679	657	759
3	660	681	737
3	517	630	660
3	826	819	860
3	799	753	822
3	822	753	826
3	735	819	826
3	769	753	799
3	753	769	737
3	736	766	735
3	766	816	852
3	852	816	835
3	809	816	766
3	819	766	831
3	766	852	831
3	766	786	809
3	735	766	819
3	766	736	786
3	736	723	786
3	809	786	837
3	818	809	836
3	818	816	809
3	815	816	818
3	579	497	556
3	497	517	556
3	1975	1994	1991
3	1975	1958	1994
3	1938	1975	1976
3	1953	1958	1975
3	1938	1953	1975
3	1953	1937	1958
3	1930	1953	1938
3	1992	1988	1995
3	1995	1991	1994
3	1988	1991	1995
3	1988	1976	1991
3	1991	1976	1975
3	1969	1976	1988
3	1947	1976	1969
3	1947	1938	1976
3	1948	1947	1969
3	1981	1988	1992
3	1981	1969	1988
3	1946	1939	1981
3	1939	1969	1981
3	1939	1948	1969
3	1939	1929	1948
3	1953	1927	1937
3	1930	1927	1953
3	1895	1927	1930
3	1874	1895	1930
3	1889	1874	1930
3	1857	1885	1895
3	1860	1857	1895
3	1874	1860	1895
3	1934	1946	1957
3	1921	1939	1946
3	1905	1929	1939
3	1934	1921	1946
3	1863	1921	1934
3	1907	1863	1934
3	1921	1905	1939
3	1921	1904	1905
3	1880	1904	1921
3	1863	1880	1921
3	1880	1859	1904
3	1863	1853	1880
3	1853	1859	1880
3	1846	1860	1874
3	1846	1825	1860
3	1825	1841	1860
3	1841	1857	1860
3	1824	1825	1846
3	1825	1819	1841
3	1824	1808	1825
3	1813	1819	1825
3	1808	1813	1825
3	1798	1808	1824
3	1813	1804	1807
3	1796	1804	1808
3	1796	1808	1798
3	1804	1813	1808
3	1804	1797	1807
3	1853	1826	1859
3	1842	1853	1863
3	1826	1853	1842
3	1826	1835	1859
3	1800	1826	1842
3	1810	1835	1826
3	1815	1809	1842
3	1809	1800	1842
3	1800	1794	1826
3	1794	1810	1826
3	1807	1809	1815
3	1807	1797	1809
3	1797	1800	1809
3	1796	1797	1804
3	1798	1764	1796
3	1796	1777	1797
3	1754	1764	1798
3	1743	1777	1796
3	1789	1800	1797
3	1777	1789	1797
3	1714	1794	1800
3	1789	1714	1800
3	1777	1648	1789
3	1774	1780	1781
3	1731	1775	1780
3	1774	1731	1780
3	1775	1642	1780
3	1779	1731	1774
3	1744	1779	1774
3	1627	1642	1775
3	1731	1627	1775
3	1686	1652	1779
3	1664	1627	1731
3	1779	1652	1731
3	1652	1664	1731
3	1476	1508	1450
3	1449	1471	1569
3	1614	1565	1627
3	1600	1614	1664
3	1652	1600	1664
3	1621	1600	1652
3	1600	1537	1614
3	1569	1600	1621
3	1565	1446	1627
3	1471	1537	1600
3	1471	1600	1569
3	1565	1409	1446
3	1537	1538	1565
3	1538	1409	1565
3	1471	1474	1537
3	1537	1474	1538
3	1474	1409	1538
3	1332	1335	1387
3	1332	1261	1335
3	1234	1261	1332
3	1261	1265	1335
3	1261	1176	1265
3	1176	1195	1265
3	1210	1261	1234
3	1210	1176	1261
3	1437	1311	1375
3	1375	1302	1437
3	1298	1325	1375
3	1325	1302	1375
3	1302	1387	1437
3	1302	1332	1387
3	1311	1262	1375
3	1302	1217	1332
3	1217	1234	1332
3	1253	1302	1325
3	1262	1298	1375
3	1262	1255	1298
3	1253	1217	1302
3	1358	1359	1426
3	1342	1290	1358
3	1290	1359	1358
3	1287	1326	1359
3	1253	1290	1342
3	1331	1253	1342
3	1290	1287	1359
3	1298	1253	1325
3	1253	1298	1290
3	1255	1290	1298
3	1442	1356	1496
3	1426	1359	1442
3	1359	1361	1442
3	1361	1356	1442
3	1326	1361	1359
3	1328	1356	1361
3	1328	1314	1356
3	1327	1328	1361
3	1326	1327	1361
3	1267	1327	1326
3	1327	1283	1328
3	1283	1314	1328
3	1206	1283	1327
3	1283	1215	1314
3	1206	1133	1283
3	1133	1215	1283
3	1374	1450	1486
3	1337	1409	1474
3	1366	1446	1409
3	1176	1210	1134
3	1217	1210	1234
3	579	679	759
3	579	759	785
3	785	759	817
3	630	681	660
3	753	735	826
3	497	579	620
3	311	331	381
3	311	232	331
3	1889	1930	1938
3	1905	1910	1929
3	1859	1868	1904
3	1764	1743	1796
3	1714	1783	1794
3	1648	1714	1789
3	1686	1779	1744
3	1621	1652	1686
3	1781	1780	1785
3	1486	1450	1568
3	1627	1446	1642
3	1446	1604	1642
3	1442	1496	1542
3	1356	1314	1496
3	1042	1099	1100
3	1042	1012	1099
3	908	1012	1042
3	975	1003	1055
3	975	911	1003
3	911	996	1003
3	996	962	1014
3	911	962	996
3	887	911	975
3	905	887	975
3	893	962	911
3	905	831	887
3	886	893	911
3	886	835	893
3	928	960	1012
3	908	955	1012
3	854	914	881
3	1166	1116	1114
3	1015	991	1144
3	1537	1565	1614
3	1819	1813	1820
3	1895	1885	1927
3	1974	1981	1992
3	837	786	854
3	809	837	836
3	860	819	831
3	839	799	873
3	913	964	960
3	964	913	979
3	960	964	1012
3	881	837	854
3	815	818	836
3	836	837	913
3	913	837	881
3	928	836	913
3	928	913	960
3	913	881	979
3	979	881	914
3	979	1006	1068
3	831	852	887
3	852	835	886
3	852	886	887
3	887	886	911
3	860	905	897
3	905	975	980
3	799	822	873
3	826	860	897
3	822	826	897
3	901	822	897
3	860	831	905
3	822	936	873
3	822	901	936
3	901	897	945
3	936	901	945
3	945	897	980
3	1004	873	936
3	945	1005	936
3	897	905	980
3	921	873	1004
3	1004	936	1005
3	991	921	1004
3	964	1045	1012
3	1099	1012	1045
3	964	1068	1045
3	964	979	1068
3	1045	1068	1116
3	1116	1068	1114
3	1096	1045	1116
3	1099	1045	1096
3	1148	1099	1096
3	1096	1165	1148
3	1096	1116	1192
3	1165	1096	1192
3	1116	1166	1192
3	1165	1196	1197
3	1165	1192	1196
3	1196	1192	1207
3	1191	1196	1207
3	1192	1166	1206
3	980	975	1107
3	1174	1142	1101
3	1173	1201	1174
3	1174	1101	1191
3	1174	1191	1267
3	1174	1267	1173
3	1191	1207	1267
3	1005	945	1088
3	945	980	1088
3	980	1075	1088
3	1004	1005	1160
3	1075	980	1107
3	1005	1088	1149
3	1160	1005	1149
3	1149	1088	1075
3	1149	1075	1172
3	1172	1075	1201
3	1075	1107	1201
3	1160	1149	1198
3	1198	1149	1230
3	1149	1172	1230
3	1201	1173	1172
3	991	1004	1160
3	1144	991	1160
3	1175	1144	1171
3	1144	1160	1185
3	1171	1144	1185
3	1185	1160	1198
3	1185	1198	1218
3	1223	1198	1230
3	1171	1185	1218
3	1171	1218	1263
3	1175	1171	1195
3	1207	1192	1267
3	1192	1206	1327
3	1173	1267	1326
3	1267	1192	1327
3	1287	1173	1326
3	1255	1230	1290
3	1230	1172	1290
3	1173	1287	1172
3	1172	1287	1290
3	1223	1230	1255
3	1223	1255	1262
3	1198	1223	1218
3	1218	1223	1272
3	1223	1262	1311
3	1272	1223	1311
3	1263	1218	1272
3	1272	1311	1437
3	1195	1171	1263
3	1265	1195	1309
3	1195	1263	1309
3	1265	1309	1357
3	1309	1263	1272
3	1265	1357	1335
3	1309	1272	1400
3	1272	1437	1461
3	1400	1272	1461
3	1387	1335	1357
3	1437	1387	1461
3	1357	1309	1400
3	1387	1357	1461
3	1461	1357	1400
3	1831	1815	1832
3	1832	1815	1842
3	1832	1845	1855
3	1831	1832	1855
3	1845	1832	1842
3	1845	1842	1886
3	1867	1842	1863
3	1842	1867	1886
3	1855	1845	1864
3	1864	1831	1855
3	1813	1807	1816
3	1807	1815	1816
3	1820	1813	1829
3	1813	1816	1829
3	1816	1815	1831
3	1816	1834	1829
3	1829	1854	1858
3	1829	1834	1854
3	1834	1831	1854
3	1858	1854	1865
3	1854	1831	1864
3	1828	1820	1829
3	1819	1820	1839
3	1820	1828	1838
3	1839	1820	1843
3	1820	1838	1843
3	1819	1839	1841
3	1828	1829	1858
3	1838	1828	1852
3	1841	1839	1857
3	1843	1838	1852
3	1843	1852	1862
3	1857	1839	1843
3	1864	1845	1870
3	1845	1869	1870
3	1869	1845	1886
3	1886	1867	1911
3	1867	1863	1907
3	1869	1886	1911
3	1867	1907	1911
3	1911	1907	1932
3	1932	1907	1934
3	1911	1932	1956
3	1843	1862	1884
3	1843	1884	1866
3	1857	1843	1866
3	1857	1866	1885
3	1885	1866	1902
3	1866	1884	1902
3	1902	1884	1922
3	1885	1902	1937
3	1927	1885	1937
3	1902	1922	1942
3	1937	1902	1942
3	1937	1942	1959
3	1932	1934	1957
3	1932	1957	1956
3	1956	1957	1973
3	1945	1956	1973
3	1957	1946	1974
3	1974	1946	1981
3	1973	1957	1974
3	1979	1973	1989
3	1973	1974	1989
3	1977	1979	1993
3	1971	1977	1993
3	1993	1979	1989
3	1989	1974	1996
3	1974	1992	1996
3	1992	1995	1996
3	1993	1989	1996
3	1994	1993	1995
3	1995	1993	1996
3	1937	1959	1962
3	1937	1962	1966
3	1962	1959	1965
3	1958	1937	1966
3	1962	1965	1971
3	1966	1962	1980
3	1962	1971	1980
3	1958	1966	1980
3	1994	1958	1980
3	1980	1971	1993
3	1994	1980	1993
3	816	815	835
3	835	815	858
3	858	815	853
3	853	815	955
3	835	858	893
3	815	836	928
3	955	815	928
3	955	928	1012
3	1084	1086	1159
3	741	623	772
3	579	657	679
3	657	660	769
3	1664	1614	1627
3	1834	1816	1831
3	899	900	942
3	870	866	880
3	880	866	877
