0.62753	0.55623	0.16192
0.61981	0.5604	0.15009
0.58227	0.56726	0.14128
0.55385	0.55905	0.13356
0.55979	0.55913	0.10058
0.59278	0.56187	0.10769
0.58472	0.55033	0.15975
0.54737	0.54293	0.14837
0.56591	0.5454	0.081361
0.58465	0.53518	0.16564
0.64046	0.53442	0.14641
0.63468	0.5408	0.12102
0.58908	0.53165	0.076165
0.50159	0.52684	0.11921
0.66147	0.53115	0.13932
0.50703	0.52713	0.085159
0.63303	0.52769	0.097807
0.68064	0.52234	0.14838
0.63601	0.52143	0.15942
0.49046	0.53046	0.10012
0.45173	0.53479	0.078196
0.41949	0.52831	0.066581
0.53441	0.52436	0.069556
0.46348	0.52718	0.0096494
0.50705	0.52069	0.06805
0.45186	0.53166	0.027438
0.4596	0.52098	0.13331
0.66933	0.52247	0.17188
0.39403	0.51497	0.099805
0.40891	0.51919	-0.0019825
0.39191	0.51965	0.05324
0.68238	0.5018	0.16134
0.50353	0.50707	0.14586
0.4933	0.50463	0.0059262
0.63507	0.51207	0.16109
0.66655	0.49162	0.12363
0.54207	0.51133	0.1543
0.66658	0.50114	0.16867
0.52244	0.50141	0.055336
0.57204	0.50193	0.058368
0.4407	0.51192	-0.026239
0.64662	0.50042	0.093806
0.40013	0.49902	0.13173
0.47653	0.49588	-0.028871
0.3637	0.50878	0.052381
0.45474	0.49891	0.15931
0.65956	0.48292	0.1417
0.64334	0.4931	0.15631
0.37856	0.4894	-0.030921
0.33125	0.48748	0.03326
0.34074	0.49431	0.07358
0.60369	0.4749	0.14737
0.51267	0.48783	0.15026
0.66113	0.47629	0.089218
0.61903	0.49013	0.068813
0.68028	0.46779	0.10902
0.64219	0.47392	0.14472
0.57683	0.47957	0.049359
0.68438	0.46079	0.13413
0.45136	0.48514	-0.045864
0.40759	0.47632	-0.049943
0.33271	0.47731	0.097783
0.44861	0.48222	0.16593
0.39947	0.47341	0.14837
0.35049	0.4723	0.12108
0.35626	0.49417	0.002718
0.53523	0.46576	0.042523
0.66222	0.45774	0.14313
0.64399	0.46592	0.0691
0.68313	0.45552	0.11656
0.48892	0.46077	0.14687
0.318	0.4766	0.056435
0.52024	0.46845	0.0087303
0.37925	0.46375	-0.04682
0.44639	0.47373	0.16353
0.53903	0.45443	0.13933
0.50016	0.44296	-0.038145
0.56185	0.44907	0.041379
0.32099	0.45883	-0.0031444
0.47811	0.44795	-0.05237
0.59835	0.43709	0.04235
0.67071	0.42625	0.086553
0.30274	0.45664	0.046235
0.64405	0.44271	0.067814
0.33918	0.45297	-0.023991
0.38089	0.45156	0.13977
0.43305	0.44075	-0.064055
0.39818	0.44528	0.13127
0.31501	0.45322	0.097599
0.67156	0.43011	0.1203
0.67527	0.43127	0.11119
0.62301	0.43187	0.12806
0.39586	0.44264	-0.060423
0.35892	0.4294	-0.043254
0.29871	0.44289	0.032334
0.54092	0.41902	0.039795
0.34329	0.44252	0.12926
0.5273	0.42104	0.0070103
0.59199	0.41472	0.12039
0.30613	0.43487	-0.0050506
0.45116	0.41933	-0.05804
0.55077	0.41458	0.044613
0.34807	0.41926	0.126
0.32812	0.42187	-0.031048
0.29281	0.42738	0.069124
0.36683	0.41085	0.11228
0.66685	0.40159	0.11288
0.27445	0.42352	0.017983
0.48646	0.40847	-0.025851
0.52996	0.40431	0.11709
0.59391	0.41303	0.046671
0.38152	0.39987	-0.051823
0.4108	0.41821	0.11309
0.33048	0.42028	0.12079
0.63448	0.41024	0.060422
0.41511	0.41134	-0.060897
0.67247	0.39812	0.093539
0.29756	0.41479	0.079209
0.25698	0.4078	0.051597
0.65212	0.39074	0.094409
0.53043	0.39219	0.035886
0.58731	0.39269	0.070069
0.30818	0.40371	0.095218
0.62655	0.39575	0.070604
0.62356	0.39296	0.10421
0.54789	0.39467	0.064077
0.38553	0.3765	0.090584
0.24477	0.39957	-0.0060835
0.2375	0.39729	0.016561
0.5731	0.39817	0.10613
0.53701	0.38913	0.10413
0.58662	0.39022	0.08443
0.3406	0.40932	-0.041756
0.42363	0.3856	-0.041288
0.2807	0.3933	-0.046451
0.54463	0.38803	0.084847
0.35984	0.38573	-0.049224
0.50989	0.38019	0.011151
0.47755	0.37533	0.10015
0.23773	0.3695	0.072551
0.34282	0.38348	0.11257
0.2169	0.3715	0.042089
0.22146	0.38952	-0.028269
0.27035	0.3828	0.078491
0.51445	0.37019	0.10489
0.31529	0.37595	0.082125
0.32673	0.37721	-0.063438
0.2599	0.38854	-0.062734
0.31328	0.37444	-0.073466
0.51807	0.36187	0.069124
0.21019	0.37938	0.0073396
0.41465	0.36915	-0.034974
0.51313	0.36707	0.037816
0.29772	0.36627	0.072384
0.49326	0.35794	0.025249
0.3039	0.36499	-0.084184
0.37084	0.35024	-0.049242
0.33931	0.35639	-0.075532
0.47304	0.34404	0.083101
0.22515	0.35781	-0.057372
0.46096	0.34398	0.090945
0.41105	0.35397	0.083854
0.33638	0.35752	0.077667
0.45657	0.36497	-0.013124
0.46823	0.35067	0.018171
0.36439	0.35442	0.096477
0.38524	0.34852	0.085634
0.31176	0.34766	0.067483
0.38255	0.34757	-0.037236
0.40998	0.35091	-0.019411
0.47905	0.34569	0.059687
0.21589	0.32877	0.070284
0.20335	0.35642	-0.028863
0.42073	0.3362	0.081481
0.3939	0.33375	0.073869
0.25033	0.34519	-0.074743
0.37862	0.33711	0.06421
0.43977	0.33346	0.077721
0.37603	0.32625	-0.020971
0.1915	0.32986	0.032293
0.40898	0.33887	-0.00046265
0.21908	0.33662	-0.072682
0.33374	0.32666	-0.075133
0.38146	0.32828	0.024516
0.35777	0.33446	0.054221
0.4339	0.33338	0.045025
0.29957	0.33664	-0.085781
0.40979	0.33086	0.052057
0.1907	0.33549	-0.039
0.36591	0.31277	-0.0045931
0.19962	0.32987	-0.076055
0.29677	0.31952	-0.093074
0.2425	0.34051	0.077162
0.36033	0.30846	0.015076
0.17885	0.31226	-0.074217
0.35815	0.30898	-0.043063
0.34289	0.32694	0.057052
0.16597	0.3057	-0.049193
0.34811	0.30847	0.041687
0.3178	0.30282	-0.085782
0.18002	0.31929	0.0016988
0.25186	0.30846	-0.10466
0.18992	0.30619	-0.09379
0.21906	0.3155	-0.10646
0.27477	0.30469	-0.1147
-0.77707	0.35814	0.18191
-0.77828	0.37669	0.11924
0.34884	0.30437	-0.056953
-0.75382	0.37078	0.12361
0.24266	0.29782	0.071023
-0.77845	0.36949	0.10003
-0.7477	0.35674	0.16564
-0.78951	0.36825	0.12081
0.17654	0.28255	0.028069
-0.77532	0.35393	0.043887
-0.73474	0.35633	0.12303
-0.78363	0.35292	0.056265
0.33471	0.27191	-0.071982
-0.65799	0.34678	-0.015543
-0.6072	0.34379	-0.0097326
0.20973	0.28873	0.065521
-0.80342	0.32699	0.15392
0.16061	0.29139	-0.019126
-0.76797	0.35573	0.049889
0.22973	0.28078	-0.12022
-0.62764	0.34131	-0.028433
-0.73777	0.33963	-0.023888
-0.64913	0.34232	0.024284
-0.5297	0.33868	-0.018829
-0.58968	0.34188	0.012222
-0.77811	0.31302	-0.038735
-0.76378	0.34164	0.0045542
-0.74492	0.32637	-0.040322
-0.74	0.34894	0.028534
-0.48205	0.32369	-0.01482
0.27073	0.26791	0.069911
-0.51004	0.33143	0.0093611
-0.69312	0.33655	0.0010985
0.30628	0.26027	-0.11813
-0.63961	0.33748	-0.037153
0.32458	0.26124	-0.09674
-0.73588	0.3489	0.072656
-0.53114	0.32465	0.037443
-0.55729	0.32952	-0.045357
0.34284	0.24454	0.0016351
-0.68915	0.3276	-0.038882
-0.72071	0.34058	0.092403
0.31754	0.24496	0.052286
-0.65374	0.33138	0.051513
-0.5923	0.33669	0.032428
-0.72549	0.33169	0.14129
-0.69159	0.33507	0.040669
-0.60762	0.31484	-0.064133
0.34678	0.2577	-0.036257
-0.70702	0.32866	-0.029054
-0.79239	0.3474	0.1775
0.32177	0.28211	0.056227
0.33525	0.24076	0.029175
-0.63264	0.3267	0.064168
0.17173	0.26413	-0.081305
0.19121	0.26713	0.05099
0.26704	0.27524	-0.1271
-0.4894	0.31789	-0.040926
0.15721	0.25976	-0.034636
-0.7108	0.31845	0.10734
-0.69324	0.32298	0.076941
-0.67457	0.32178	-0.051347
-0.7836	0.32191	0.18289
-0.57382	0.31508	0.062313
-0.51837	0.31428	-0.058546
0.20921	0.26527	-0.1175
-0.78644	0.32301	0.025524
0.30784	0.25852	0.060204
0.26715	0.25641	-0.13596
-0.75032	0.31878	0.17067
-0.53411	0.2986	-0.078512
-0.46183	0.30011	0.027079
-0.61585	0.30579	0.091984
-0.76317	0.30595	-0.052305
-0.71483	0.31029	-0.045301
-0.22283	0.29145	-0.042147
-0.2484	0.29268	-0.02155
-0.21581	0.28519	-0.074907
-0.25738	0.28924	-0.066122
-0.43206	0.27885	-0.0037028
-0.20408	0.28417	-0.057082
-0.72128	0.28697	0.13461
0.18437	0.25846	-0.10195
-0.28569	0.28866	-0.012639
-0.18456	0.27775	-0.01313
-0.66906	0.30977	0.085224
-0.26537	0.2886	-0.00020961
-0.49034	0.29288	0.052666
-0.63745	0.29513	-0.071794
-0.69512	0.2969	0.097793
-0.79728	0.32458	0.17595
0.22442	0.24144	0.062887
0.22203	0.24603	-0.13485
0.2453	0.23792	0.063779
-0.22794	0.28078	0.018435
-0.70259	0.28625	-0.051665
-0.30372	0.28327	-0.049634
0.3427	0.24393	-0.071105
-0.49729	0.29433	-0.073623
0.35749	0.22298	-0.095373
-0.74214	0.2976	0.17121
0.3491	0.23541	-0.044097
-0.20228	0.27566	-0.096194
0.16185	0.23933	0.022469
-0.191	0.26424	-0.081861
-0.17372	0.2677	0.0076958
0.25024	0.23616	-0.15671
-0.78255	0.29332	0.21325
-0.79886	0.3036	0.20786
-0.29124	0.27259	-0.088751
-0.44908	0.28225	-0.048249
-0.15987	0.25623	-0.040032
0.15621	0.24775	-0.0060172
-0.55493	0.27418	-0.093248
-0.80707	0.29602	0.18623
-0.31189	0.26748	0.041454
-0.32544	0.27501	-0.057507
0.28199	0.23899	-0.15213
-0.58587	0.27292	0.11435
0.1598	0.24628	-0.076443
-0.25147	0.26098	-0.1145
-0.73988	0.28392	-0.047556
-0.36163	0.26829	-0.019985
-0.20015	0.26805	0.031479
-0.75596	0.29731	0.19343
-0.46375	0.26632	-0.078467
-0.34586	0.26553	0.017695
0.18399	0.23178	-0.13152
0.19486	0.23455	0.055186
-0.32842	0.26646	-0.078024
-0.41292	0.27601	-0.042511
-0.3662	0.26743	-0.059213
0.14592	0.24004	-0.026831
-0.5385	0.29643	0.067194
-0.50265	0.26086	-0.093837
0.34251	0.22636	0.012216
-0.79522	0.28643	0.051478
-0.60334	0.27895	-0.084505
-0.40218	0.27008	-0.010742
0.34509	0.22892	-0.11588
-0.19465	0.25262	-0.10974
-0.41014	0.26827	-0.073691
-0.23495	0.26358	0.0503
-0.14299	0.24144	-0.013683
0.36646	0.2183	-0.056014
0.31914	0.22739	-0.15185
-0.70456	0.27039	0.10755
-0.36938	0.25809	0.0063224
-0.60871	0.27069	0.12068
0.15732	0.22894	-0.11498
-0.81065	0.27337	0.15419
0.24172	0.22627	-0.17925
-0.47153	0.24071	-0.094526
-0.21062	0.24387	-0.13117
-0.45437	0.26474	0.05066
-0.76867	0.28763	-0.046647
-0.30499	0.25719	-0.099159
-0.27871	0.262	0.054489
-0.18303	0.26023	0.032577
-0.44048	0.26557	0.036641
-0.27509	0.23802	-0.12614
0.27882	0.22052	-0.18589
-0.41845	0.25445	0.029998
-0.80313	0.25196	0.012409
0.27229	0.21464	-0.21383
-0.15785	0.23369	-0.074362
0.16691	0.22198	-0.14518
0.1159	0.21379	-0.016592
-0.51157	0.24308	0.084782
0.36562	0.20841	-0.15326
0.13502	0.23166	-0.070822
0.23019	0.22003	-0.21126
0.19572	0.22023	-0.17835
0.35524	0.20569	-0.17635
-0.34825	0.25209	0.047153
0.12629	0.22781	-0.043453
-0.58913	0.25167	-0.095035
-0.80203	0.27318	0.069191
-0.21848	0.2464	0.06348
-0.66502	0.28858	0.10127
-0.67531	0.26672	-0.062785
0.2953	0.20975	0.066045
0.32269	0.21213	-0.18973
0.15946	0.21504	-0.18373
-0.36897	0.24385	-0.096222
0.40184	0.1813	-0.13382
-0.19364	0.22935	-0.13088
0.37896	0.20756	-0.079062
-0.76777	0.25885	0.18242
-0.79589	0.26404	0.19472
-0.39504	0.25382	0.018469
0.35173	0.20174	0.017264
-0.38223	0.22384	0.052299
0.1144	0.21883	-0.13231
-0.17958	0.22755	0.056718
0.32911	0.19919	0.046426
0.26973	0.20506	0.077778
0.331	0.20008	-0.21861
-0.67703	0.26732	0.099881
0.08125	0.21539	-0.13425
-0.80708	0.26003	0.17883
-0.3207	0.23571	0.079064
0.18181	0.19907	-0.2333
0.21006	0.20688	-0.23152
-0.42298	0.241	-0.098383
0.35475	0.19703	-0.20222
-0.17944	0.21908	-0.10929
-0.64577	0.23856	0.11407
0.18632	0.20536	0.06299
0.15973	0.20225	-0.21891
-0.26824	0.24342	0.073332
-0.69613	0.25818	0.097014
0.39095	0.19759	-0.051924
-0.33754	0.21626	-0.11535
-0.14085	0.22714	0.025076
-0.10791	0.21811	-0.0062742
-0.71823	0.25482	-0.032364
-0.52873	0.2249	-0.099844
-0.62791	0.23767	-0.078189
0.31562	0.18887	-0.23718
-0.23789	0.22285	0.082063
-0.37209	0.22445	-0.10624
-0.10534	0.21881	-0.025864
0.11499	0.19796	0.038764
0.36293	0.20039	-0.015006
-0.13798	0.2257	-0.063682
-0.73953	0.25348	0.15248
0.40604	0.17919	-0.15208
0.061189	0.19894	-0.094782
-0.47234	0.22453	0.083179
0.0858	0.21052	-0.062172
0.25816	0.18469	-0.26318
0.21344	0.18499	-0.26173
0.097523	0.19536	-0.17799
-0.75554	0.25449	-0.027908
0.30211	0.17975	-0.26184
-0.67047	0.24646	0.097354
0.35805	0.18936	0.040908
-0.70766	0.23904	0.081673
-0.080013	0.2121	-0.017535
-0.77818	0.23834	0.1887
0.40127	0.17878	-0.097271
0.12013	0.21307	0.00714
0.41024	0.18357	-0.042651
-0.23104	0.21541	-0.14384
0.43155	0.15921	-0.0076013
-0.59482	0.2302	0.12878
-0.65887	0.21046	-0.051699
-0.26912	0.21484	0.090171
-0.72147	0.24436	0.11103
0.15518	0.21345	0.04124
0.39386	0.17932	-0.18464
-0.42111	0.22503	0.059086
0.29934	0.1871	0.068962
-0.37019	0.22634	0.054633
0.069659	0.1913	-0.0010925
-0.12673	0.20656	-0.10387
0.070239	0.1674	-0.1975
0.38384	0.18002	0.0080401
0.15802	0.18509	-0.24506
-0.4399	0.22191	-0.10217
-0.51737	0.22719	0.090331
0.26837	0.17473	0.088023
0.23115	0.19171	0.078377
0.14135	0.1921	0.083797
-0.081158	0.20235	-0.073647
0.055949	0.18302	-0.15387
-0.72393	0.23579	-0.0073958
-0.80089	0.23244	0.19607
-0.58677	0.20637	-0.089249
-0.70516	0.23013	-0.020962
-0.44873	0.2393	0.070562
-0.81313	0.24103	0.0816
0.36256	0.17988	0.061723
-0.22007	0.18874	-0.14748
-0.14482	0.18929	-0.12853
-0.29576	0.2109	-0.13077
-0.75022	0.22332	0.15341
-0.2016	0.205	-0.14169
0.58682	0.14164	0.16722
-0.059757	0.19845	-0.057869
-0.073979	0.20139	0.010785
0.089653	0.19419	0.03388
-0.80577	0.2435	0.04077
0.038479	0.1937	-0.058908
0.020009	0.18711	-0.032096
0.38253	0.16308	-0.23675
-0.1124	0.2064	0.020956
0.34433	0.16814	0.077738
-0.016937	0.19698	-0.049465
-0.47836	0.21037	-0.09326
-0.80013	0.23789	0.028427
0.33048	0.16864	-0.2614
0.42747	0.16359	-0.094878
0.3193	0.17212	0.070527
-0.038732	0.19205	-0.024974
0.022105	0.18898	-0.099208
-0.035149	0.1924	-0.067561
0.44272	0.16519	-0.13234
-0.68894	0.22295	0.06093
-0.35113	0.21737	0.08166
0.60565	0.14126	0.19231
0.55293	0.13704	0.16
0.16367	0.18251	0.10298
0.61323	0.13285	0.17673
0.054507	0.18764	0.011869
-0.80945	0.22895	0.080337
-0.13003	0.1959	0.038674
-0.23841	0.18327	0.090892
0.037352	0.1799	-0.13306
0.11124	0.16457	-0.23195
-0.60935	0.21981	0.12661
0.29593	0.13911	-0.30083
0.046914	0.18289	-0.0011471
-0.75849	0.22976	0.016869
0.069541	0.17652	0.044291
-0.71222	0.2233	0.026668
-0.37481	0.19137	0.077666
0.20792	0.17313	0.10791
-0.72195	0.22924	0.061333
-0.51543	0.20897	0.088085
-0.32037	0.20769	0.094416
0.45111	0.15346	-0.16238
-0.7437	0.22254	0.094751
0.1488	0.16479	-0.26041
0.43341	0.15185	-0.18631
0.46896	0.13701	-0.14574
-0.75836	0.22399	0.044887
0.046487	0.15365	-0.17634
-0.28493	0.17762	0.09671
-0.074465	0.16789	-0.12292
-0.088383	0.17832	0.047214
-0.18606	0.18962	-0.13396
-0.74238	0.22067	0.13142
-0.43333	0.20326	0.078999
0.035991	0.18548	-0.021555
-0.01771	0.17825	-0.11586
-0.73132	0.2245	0.036457
0.39021	0.14079	0.096065
0.39146	0.18251	-0.020259
-0.79006	0.2187	0.088533
-0.052943	0.17219	0.033865
-0.45199	0.19351	0.081924
-0.36471	0.1896	-0.10915
-0.1886	0.20281	0.07083
0.43917	0.15191	-0.040396
-0.19391	0.17802	0.076258
-0.27962	0.19115	-0.13944
-0.81425	0.23423	0.16269
0.25723	0.1437	-0.30202
-0.65678	0.21072	0.070325
-0.81062	0.21841	0.12389
0.073773	0.17315	0.064297
-0.13066	0.1783	0.043325
-0.62644	0.2012	0.084057
0.46739	0.13117	0.0013356
0.41974	0.13804	-0.2296
-0.026714	0.16871	0.014035
-0.0087082	0.16289	-0.14603
-0.51083	0.16033	-0.072324
-0.068231	0.17819	-0.10961
-0.76813	0.20727	0.13886
-0.40366	0.18544	-0.099322
0.57247	0.1092	0.13949
0.40076	0.15599	0.0012574
-0.66825	0.20156	0.055775
-0.16081	0.16939	-0.14184
0.1493	0.16184	0.11835
0.068796	0.1481	-0.21665
0.59624	0.11718	0.21015
0.51781	0.12955	0.14543
0.085341	0.15858	0.10179
-0.68471	0.20764	-0.0093419
0.42398	0.12758	0.064178
-0.046958	0.15775	-0.1534
-0.7745	0.21804	0.16692
0.60414	0.101	0.18417
-0.58363	0.18559	-0.082418
0.37315	0.12141	-0.28707
-0.2608	0.16327	-0.13993
-0.53427	0.20107	-0.094496
-0.15749	0.17186	0.060148
0.29372	0.14495	0.079737
-0.31772	0.17572	0.099065
-0.69002	0.20773	0.022473
0.1915	0.14571	0.13082
0.19976	0.1549	-0.28719
0.57493	0.11594	0.21582
0.39675	0.14909	0.078905
0.44619	0.13722	-0.055756
-0.4388	0.1849	-0.09386
-0.41228	0.17383	0.090407
0.032048	0.14801	-0.17508
-0.7959	0.21732	0.17998
-0.09629	0.14804	-0.14074
-0.48026	0.16877	-0.071186
-0.58495	0.19155	0.097462
0.0028313	0.14625	0.045593
0.47649	0.12103	-0.10096
-0.12097	0.1614	0.066762
0.35639	0.10421	-0.30546
-0.196	0.15783	-0.14542
0.24358	0.14407	0.11458
0.48485	0.11901	-0.1551
-0.15025	0.13609	-0.15248
-0.55002	0.18114	0.085692
0.068788	0.14517	0.10293
0.20689	0.11868	-0.31691
0.43394	0.12428	0.020893
-0.4122	0.15357	-0.080633
0.40743	0.10125	-0.27702
-0.53111	0.18972	0.08549
-0.64187	0.19203	0.071133
-0.087583	0.16824	0.059235
0.54697	0.1303	0.16878
-0.34605	0.18794	0.092122
-0.59464	0.18463	0.067338
0.031077	0.1566	0.038134
-0.1396	0.14392	0.054858
0.10182	0.14103	0.12528
0.33549	0.1305	0.075811
-0.55532	0.15949	-0.071702
-0.44675	0.17199	0.080222
0.17892	0.11547	-0.30991
0.11834	0.12591	-0.27427
0.47367	0.11841	-0.035394
-0.20654	0.1368	-0.14334
-0.3704	0.17437	0.083347
-0.66118	0.19146	0.011333
0.27533	0.095963	0.093792
-0.015475	0.13604	-0.1822
-0.59836	0.15609	-0.031376
0.086347	0.12752	-0.24856
0.37726	0.13237	0.10083
0.042757	0.14824	0.060752
0.47271	0.11448	-0.053275
0.48144	0.1129	0.018227
0.42326	0.12169	0.098314
0.26666	0.13115	0.098052
-0.20101	0.14653	0.074528
-0.56854	0.16881	0.044213
0.010234	0.13702	-0.18987
0.46988	0.10284	-0.20176
-0.50294	0.17371	0.074742
-0.58068	0.15619	-0.056639
0.49479	0.095687	-0.072659
0.45361	0.10363	0.050184
-0.63451	0.17449	0.037972
0.49376	0.11166	0.16092
0.39694	0.11879	0.12494
-0.33586	0.1608	-0.11529
0.051229	0.12556	0.096143
0.24733	0.10901	-0.32468
0.51766	0.084467	0.1163
-0.28835	0.14445	-0.12657
0.13752	0.12411	0.14149
0.48881	0.089536	0.11454
-0.61263	0.17449	0.056181
0.1542	0.11338	-0.30345
-0.079487	0.14318	0.06964
0.49401	0.10994	-0.11747
0.3253	0.095211	-0.32172
0.46946	0.095619	0.12744
0.56183	0.11477	0.20027
-0.491	0.15849	0.069129
0.60139	0.097647	0.16717
-0.52679	0.15674	0.055277
-0.45225	0.15269	0.069283
-0.12531	0.14086	0.078708
-0.15581	0.13625	0.052142
-0.28345	0.13881	0.090208
-0.46401	0.1494	-0.051669
0.033888	0.1061	-0.20926
0.50158	0.095984	-0.15221
-0.021752	0.14506	0.047743
-0.066012	0.12651	-0.17889
0.45783	0.10101	0.085279
-0.016863	0.10294	-0.20889
-0.40118	0.14866	0.086887
-0.2386	0.13726	-0.12204
-0.38127	0.13892	-0.079215
-0.32165	0.13503	-0.10241
0.54365	0.10121	0.19233
0.43032	0.10803	0.13556
0.51223	0.088487	0.0030877
-0.029587	0.10408	0.085155
-0.36943	0.15119	0.082715
0.39533	0.10972	0.15136
-0.33319	0.14767	0.090885
0.29108	0.093856	-0.32619
0.24491	0.11401	0.11772
0.16184	0.098211	0.15156
0.47287	0.091557	0.044488
0.37914	0.10179	0.13924
0.21869	0.12086	0.13318
0.53064	0.083778	0.22668
-0.1598	0.11205	0.050935
0.43694	0.098982	0.16849
0.45936	0.098312	0.15388
0.062548	0.10834	-0.23632
-0.1363	0.11202	-0.15755
0.54363	0.098529	0.21947
0.50334	0.095807	-0.025286
0.35753	0.054034	-0.32751
-0.34146	0.12077	-0.078541
-0.56598	0.14468	-0.0014894
-0.50468	0.1403	-0.031775
0.35842	0.10358	0.1875
0.37776	0.10226	0.19113
-0.57515	0.15363	0.019534
0.094001	0.11567	0.13489
0.51391	0.078542	-0.085887
-0.2057	0.088465	-0.13854
-0.45859	0.13711	-0.026177
0.0015393	0.11412	-0.21144
0.44079	0.055088	-0.2653
0.58414	0.091796	0.19932
0.46543	0.095405	0.17328
0.5813	0.081173	0.18499
-0.51135	0.13663	0.010852
-0.53663	0.14058	-0.042379
0.49705	0.084406	0.18014
-0.17619	0.11286	-0.15435
0.388	0.053313	-0.31481
-0.44737	0.13436	0.038048
-0.55298	0.13759	-0.018965
-0.31562	0.12496	0.084608
0.35096	0.11579	0.087467
0.31708	0.081554	0.101
-0.391	0.12852	0.068075
0.075253	0.093337	-0.25979
0.043715	0.11301	0.10008
0.52737	0.05152	-0.13103
0.10615	0.060892	-0.2972
-0.019452	0.12487	0.067489
-0.26007	0.10852	-0.09045
0.04783	0.093424	-0.22178
0.5755	0.072294	0.1626
-0.48956	0.14276	0.044505
0.52748	0.067579	0.11199
0.58881	0.098791	0.14645
0.48571	0.081322	0.20818
0.34567	0.083414	0.19113
0.5041	0.074888	0.035303
0.49145	0.074149	-0.20124
0.4921	0.073995	0.08692
0.43843	0.072021	0.22051
-0.47939	0.13279	0.0079794
0.51743	0.077862	0.020852
0.26875	0.07682	-0.3355
0.49225	0.070145	0.060868
0.29088	0.062151	0.11585
-0.38977	0.11981	0.052742
0.21004	0.08526	-0.32973
-0.084409	0.077867	-0.19679
0.056311	0.095931	0.11367
0.50219	0.077112	0.21449
0.00071232	0.10632	0.085515
0.47791	0.082984	0.19867
0.35615	0.08046	0.23009
-0.45084	0.13032	0.0081427
-0.10212	0.11792	0.084944
-0.13653	0.088264	0.091401
-0.053796	0.10844	-0.19656
-0.29763	0.10834	-0.068985
-0.35952	0.12539	0.075074
0.34073	0.075759	0.12428
-0.17943	0.089882	0.045522
0.24428	0.081012	0.1189
0.1638	0.055444	-0.33033
0.033897	0.0873	-0.218
-0.41414	0.11599	0.0028674
0.52604	0.063704	-0.03001
0.51218	0.039477	-0.19556
-0.3478	0.10749	-0.056232
-0.39589	0.11453	-0.033164
0.54445	0.060973	0.13211
0.20803	0.077374	0.14556
-0.26916	0.11239	0.074182
-0.10671	0.082364	-0.18336
-0.06758	0.077483	-0.2018
0.50944	0.05414	0.081263
-0.18958	0.11174	0.055617
0.40898	0.035295	-0.30533
0.54216	0.045354	0.020957
0.41977	0.073267	0.23455
0.53078	0.059647	0.18636
-0.16732	0.096729	0.074092
0.34841	0.076302	0.16126
0.090448	0.063747	-0.28126
0.32713	0.080499	0.27262
0.32537	0.060953	-0.3354
0.38522	0.07991	0.22881
0.3348	0.077131	0.24437
-0.33756	0.098132	0.052248
0.3549	0.070897	0.2589
-0.22333	0.060829	-0.10825
-0.38197	0.10115	0.011531
0.50267	0.061806	0.20411
0.36834	0.067803	0.25437
0.31528	0.074739	0.26458
0.003539	0.076623	0.11609
0.28763	0.053662	-0.3387
-0.33251	0.092836	-0.035319
-0.25917	0.088339	-0.061317
0.19317	0.055365	-0.33645
0.064487	0.058207	-0.24631
0.41952	0.067569	0.25792
0.33297	0.072519	0.31429
0.30533	0.071561	0.30031
0.31859	0.074043	0.32907
0.25254	0.071994	0.1032
0.5224	0.048646	0.10941
-0.27061	0.094001	0.054703
0.069784	0.06684	-0.25215
0.46647	0.063727	0.21493
0.25733	0.050624	-0.34635
0.52402	0.043609	0.1536
0.11881	0.029073	-0.31502
0.09743	0.055028	0.13505
-0.11984	0.05773	-0.18345
-0.0011526	0.078985	-0.22766
0.32507	0.065599	0.19105
0.30517	0.053442	0.14245
-0.19499	0.081831	0.031893
-0.011441	0.0733	-0.22261
0.15753	0.067529	0.15651
0.3389	0.07632	0.22697
0.08441	0.058448	0.12927
0.30556	0.052788	0.16908
-0.24231	0.085558	-0.085228
0.52788	0.042086	0.13518
-0.18701	0.075336	-0.15682
0.49786	0.046523	0.19783
0.12649	0.073703	0.15198
0.27547	0.030238	-0.34637
-0.27636	0.083004	-0.01234
0.53748	0.052509	-0.0032557
0.3019	0.063735	0.3611
0.29896	0.06697	0.32562
0.29878	0.059942	0.26229
-0.043653	0.073839	0.11148
-0.33516	0.08687	-0.0094078
-0.30265	0.083944	0.0086415
-0.30488	0.093643	-0.033621
0.32671	0.049873	0.37581
-0.31838	0.084199	0.026294
0.30573	0.062677	0.21939
0.02084	0.063051	-0.22277
0.47388	0.052187	0.21335
0.32934	0.022747	-0.34531
-0.10056	0.073934	0.10784
-0.19647	0.074683	0.055907
-0.21615	0.070968	-0.13949
0.021903	0.061597	0.12682
-0.2691	0.079171	0.031283
-0.16242	0.067091	-0.16948
0.50617	0.025207	-0.20894
0.10608	0.034551	-0.30154
0.2755	0.047986	0.33087
-0.17751	0.077335	0.073423
-0.22162	0.066952	-0.16342
0.27695	0.043207	0.27468
0.38279	0.03979	0.28394
-0.27479	0.076061	0.0071951
-0.086704	0.06193	0.11889
0.52972	0.026703	0.045087
0.5417	0.016937	-0.11398
0.52572	0.022705	0.086336
0.28128	0.04016	0.30338
-0.2121	0.064265	0.011548
-0.23915	0.065578	-0.18885
-0.26597	0.066999	-0.23081
0.28513	0.044123	0.21655
-0.0546	0.031027	-0.21441
0.40795	0.040273	0.27417
0.4316	0.037555	0.24597
-0.12276	0.066046	0.11014
0.096959	0.033103	-0.26994
0.52502	0.024504	0.12829
0.35507	0.019945	0.33546
-0.19248	0.055381	0.070492
0.30236	0.027982	-0.34729
0.36843	0.025307	0.30465
-0.26453	0.060668	-0.19307
-0.25847	0.061126	-0.27917
-0.22135	0.059933	-0.19741
0.46379	0.017201	-0.25558
0.13683	0.04333	0.15032
-0.24985	0.051832	-0.16149
0.38615	0.0097548	-0.32369
0.18403	0.035203	0.14632
0.23219	0.041667	0.12017
-0.23269	0.048661	-0.0546
0.30048	0.039256	0.38561
-0.2581	0.052363	-0.37676
-0.27636	0.060849	-0.30984
-0.0069743	0.040608	-0.22031
-0.051055	0.04252	0.12821
-0.23249	0.053191	-0.22374
0.55923	-0.00065261	0.010519
-0.20049	0.045455	-0.19853
-0.23974	0.057959	-0.013334
-0.26163	0.054841	-0.35258
0.51012	0.021948	0.17356
-0.25101	0.05274	-0.33183
-0.21402	0.065063	0.035235
-0.16325	0.044964	-0.18173
0.22377	0.017082	-0.35013
-0.033837	0.044274	0.12493
0.26655	0.018799	0.14309
-0.13738	0.040505	-0.18203
-0.15625	0.050305	0.10856
0.25246	0.032356	0.12857
-0.29067	0.057233	-0.25338
-0.28751	0.056321	-0.31325
-0.25513	0.071412	-0.025052
0.1969	0.014876	0.12893
-0.22219	0.031787	-0.077736
0.51631	-0.0024767	-0.19986
0.31979	0.035184	0.39282
0.26923	0.027838	0.31302
0.39897	0.018926	0.28038
0.046357	0.032908	0.13785
-0.28315	0.053414	-0.21633
0.55404	-0.0085805	-0.016166
0.55169	0.0078204	0.030327
-0.27463	0.046991	-0.35708
-0.22607	0.044906	-0.11076
-0.21318	0.03752	0.045772
0.25119	0.016846	0.2792
-0.30253	0.042678	-0.29991
-0.30712	0.039906	-0.24896
0.41921	-0.008831	0.2628
-0.23447	0.031954	-0.3957
-0.06914	0.0063732	-0.20777
0.49856	0.02191	0.18458
-0.28522	0.040347	-0.19587
0.40884	-0.014159	-0.3115
0.5385	-0.0097162	-0.14567
0.25846	0.036204	0.25682
0.45119	0.016274	0.24249
-0.24134	0.042597	-0.31817
0.26458	0.0015902	0.17422
0.2704	-0.0077391	-0.35063
0.21178	0.011805	0.12696
0.44569	-0.019855	-0.27951
0.12265	0.021862	0.13546
0.54532	0.00075721	-0.083779
0.28012	0.032323	0.17827
0.30596	0.016192	0.39667
-0.23426	0.019937	-0.33684
-0.2368	0.044747	-0.2504
-0.23481	0.028294	-0.30387
-0.20467	0.028224	0.073977
-0.27251	0.03473	-0.37002
0.25288	0.012103	0.24229
0.5379	-0.013211	0.078309
0.53683	-0.015525	0.10895
-0.22478	0.033863	-0.37362
-0.23451	0.01032	-0.28265
0.26493	0.017846	0.21244
0.10059	0.0086254	-0.28111
0.48808	0.022311	0.20615
0.54324	-0.025037	-0.1188
-0.22497	0.045763	0.0044641
-0.15022	0.0029061	-0.18423
0.54629	-0.020204	0.053476
-0.11121	0.0013836	-0.19099
-0.21489	0.014293	-0.21873
0.33668	0.01772	0.38338
0.16023	0.014128	0.13772
0.50655	-0.015932	-0.21407
-0.23126	0.034542	-0.11678
-0.30768	0.019939	-0.28174
0.47115	-0.0082463	0.2244
0.49827	-0.033712	0.19436
-0.22074	0.029725	0.0080149
-0.08212	0.020905	0.12905
0.27659	0.015185	0.35686
-0.2625	0.020658	-0.16709
0.16387	-0.0071652	-0.33494
-0.019868	-0.0024007	-0.2299
0.22019	-0.033816	-0.34787
-0.23182	0.010479	-0.25327
-0.21195	0.020266	-0.043471
-0.299	0.018879	-0.31885
-0.23196	0.016127	-0.3812
0.24568	0.0015407	0.13199
0.11595	-0.0084035	0.13342
0.34062	-0.0067426	0.37456
0.54418	-0.038985	-0.087261
0.3713	-0.01162	0.30837
0.01063	0.0015282	0.12857
0.35448	-0.031521	-0.3345
0.52887	-0.030597	0.14897
-0.21531	0.01057	-0.0037845
0.51924	-0.038186	0.17439
-0.29928	0.013632	-0.22932
0.3259	-0.0021264	0.38984
0.033064	-0.02119	-0.23724
0.39524	-0.0076114	0.28856
0.55685	-0.043407	0.029384
-0.18335	0.016073	-0.19506
0.55123	-0.034842	-0.054755
-0.13809	0.007123	0.12263
0.31098	-0.02744	-0.34951
-0.21921	0.0094944	0.043959
0.040924	-0.016952	0.13456
0.26482	-0.0085757	0.31007
-0.21892	-0.0050504	-0.11697
0.013851	-0.0067432	-0.23355
-0.034487	0.011408	0.12849
-0.26627	0.010478	-0.37548
-0.29685	0.0027984	-0.30268
-0.27827	0.010297	-0.18738
0.2619	-0.021052	0.22613
0.47828	-0.0090473	-0.24126
0.26418	-0.0082318	0.19594
0.24741	-0.0025644	0.25482
0.10378	-0.017033	-0.3049
0.21945	-0.034639	0.12292
0.11431	-0.038089	-0.31371
0.056106	0.0047404	-0.24865
0.17646	-0.0060211	0.13262
-0.1829	-0.0093767	-0.18564
-0.24184	0.0021731	-0.34949
0.3539	-0.016693	0.33202
-0.24625	0.0029386	-0.15525
-0.30416	0.0062397	-0.25174
0.52413	-0.053617	-0.18299
-0.18484	0.012153	0.099107
0.2606	-0.018051	0.1486
-0.19177	-0.0013842	0.085611
-0.27988	-0.0068217	-0.21087
0.42803	-0.041456	-0.29327
0.49107	-0.043904	0.2105
0.056718	-0.027633	-0.25268
-0.21392	-0.016007	-0.084734
-0.21595	0.00069131	-0.029284
-0.25388	-0.0070416	-0.32777
-0.28606	-0.012605	-0.25602
0.27197	-0.022435	0.30904
0.27291	-0.015131	0.35083
0.53923	-0.040728	-0.14932
-0.24197	-0.00095951	-0.27509
0.45208	-0.035559	0.24583
0.2468	-0.017487	0.26816
0.54968	-0.04866	-0.026115
0.29164	-0.02435	0.37579
0.19116	-0.041289	-0.33837
0.2691	-0.022214	0.1818
-0.21933	-0.012185	-0.20563
-0.15626	-0.024784	-0.17585
0.39671	-0.027259	0.28544
-0.1885	-0.015632	0.047438
0.14506	-0.01189	0.14131
0.54398	-0.055632	-0.10522
-0.27603	-0.0050216	-0.3235
-0.26086	-0.012131	-0.28228
-0.26569	-0.017882	-0.21529
-0.21994	0.00020463	0.021205
0.46613	-0.05739	-0.24966
0.53938	-0.039389	0.073013
0.27486	-0.075681	-0.33849
0.23445	-0.018967	0.12458
-0.15085	-0.010859	0.11348
-0.27515	-0.015949	-0.2719
0.092046	0.0062783	0.13479
-0.23914	-0.015615	-0.1729
0.25914	-0.031787	0.26676
0.27045	-0.032369	0.29841
-0.23453	-0.0060503	-0.005497
0.39662	-0.053832	-0.31582
-0.25476	-0.010621	-0.016293
-0.23481	-0.011397	-0.2296
0.41393	-0.05826	0.28295
0.1633	-0.062373	-0.33073
0.19537	-0.040397	0.14153
0.16147	-0.042676	0.1575
0.35454	-0.037107	0.29966
-0.21175	-0.022609	-0.14316
-0.20494	-0.017211	0.033015
0.52311	-0.056695	0.1849
0.53673	-0.059345	0.069107
-0.23469	-0.020524	-0.19142
0.36606	-0.064441	-0.32989
-0.10794	-0.018314	0.11782
0.53615	-0.060546	0.12417
-0.023637	-0.036032	-0.21597
0.36883	-0.03578	0.28802
0.31731	-0.034956	0.37951
-0.17633	-0.032775	-0.16517
-0.23141	-0.013275	0.016319
-0.28608	-0.018125	-0.010664
-0.20009	-0.024201	-0.16354
0.49665	-0.075517	-0.21161
0.53151	-0.064872	0.10495
0.45367	-0.097777	-0.24349
-0.30893	-0.020642	0.00817
0.46518	-0.056522	0.23032
-0.26612	-0.019816	0.019959
0.19737	-0.074771	-0.33518
-0.21083	-0.023233	-0.11458
0.27327	-0.072303	0.12458
0.23822	-0.071246	0.10675
-0.023724	-0.029658	0.12099
0.29226	-0.05244	0.32661
0.3346	-0.053856	0.33183
0.28719	-0.048271	0.2926
0.2948	-0.062739	0.15587
-0.1292	-0.041706	-0.17856
0.43425	-0.059476	0.25456
-0.16961	-0.016545	0.09312
0.47159	-0.082825	0.22305
0.53605	-0.084091	-0.12348
0.29117	-0.051691	0.17837
0.54046	-0.066723	0.14765
-0.081377	-0.017397	0.12312
0.29873	-0.05776	0.20206
0.33994	-0.062152	0.30366
0.49937	-0.06897	0.21036
0.54755	-0.07035	-0.015355
0.54098	-0.073685	-0.066024
0.04846	-0.062579	-0.23202
0.040124	-0.041372	0.12611
0.071569	-0.050112	-0.27556
-0.23363	-0.040766	-0.061251
0.035341	-0.074802	-0.21368
0.24154	-0.078727	-0.34104
0.54593	-0.069912	0.16747
0.28457	-0.053405	0.25627
-0.12232	-0.048097	0.098044
0.54715	-0.089175	0.015196
0.40925	-0.084978	-0.29603
-0.32978	-0.034286	0.0018667
-0.19845	-0.052523	-0.13381
-0.29785	-0.045988	0.060925
-0.050819	-0.045952	0.10766
0.10092	-0.079167	-0.29878
-0.25267	-0.036705	-0.029199
0.3135	-0.087589	-0.33366
-0.14317	-0.057698	0.0842
-0.17559	-0.052728	0.06238
0.35772	-0.068593	0.26339
0.19092	-0.076269	0.15635
0.55864	-0.10311	0.14343
0.3443	-0.068673	0.276
0.12208	-0.044737	0.15437
0.30716	-0.056091	0.34593
-0.31605	-0.035751	0.044402
-0.35004	-0.03673	0.031915
-0.19076	-0.041513	-0.15032
-0.17249	-0.033217	0.062187
0.011277	-0.055087	-0.21939
0.070893	-0.046192	0.11959
0.17484	-0.10278	-0.31916
0.5187	-0.082875	0.09634
0.0090111	-0.043402	0.11849
-0.34765	-0.033187	0.0023424
-0.37038	-0.035725	0.0018239
0.4221	-0.079261	0.25239
-0.22135	-0.040839	-0.10267
0.55163	-0.079662	0.20954
-0.35345	-0.039258	-0.033818
-0.22712	-0.046702	0.054731
0.3309	-0.08573	0.21532
0.54098	-0.083879	0.045518
0.32237	-0.070644	0.3057
0.57965	-0.093752	0.20332
-0.18492	-0.069199	-0.15155
0.12178	-0.073041	0.15961
0.084547	-0.07569	-0.27966
0.51655	-0.08809	0.072528
0.32731	-0.080419	0.17445
0.048602	-0.061564	0.1127
0.41994	-0.10068	-0.27404
0.5185	-0.10488	-0.16448
-0.39067	-0.055285	0.042861
0.53304	-0.096813	0.12338
0.017259	-0.073641	0.097819
-0.15055	-0.075908	-0.1712
0.378	-0.088917	0.24423
-0.028543	-0.081728	-0.19301
0.32706	-0.078092	0.25123
-0.28601	-0.061871	-0.037431
-0.35263	-0.048382	-0.051455
0.59528	-0.12199	0.23478
0.21847	-0.087155	0.13987
-0.40094	-0.053345	-0.02598
-0.24	-0.057753	-0.098965
0.52227	-0.10627	-0.076768
0.37463	-0.11412	-0.29897
-0.40555	-0.054903	0.01831
0.48706	-0.095923	0.21693
0.55386	-0.11269	0.25144
0.23296	-0.081453	0.11881
-0.077695	-0.050753	-0.19625
-0.096046	-0.084811	0.087388
-0.085991	-0.078668	-0.17862
0.35094	-0.12254	-0.30577
0.044806	-0.083122	0.10408
0.13069	-0.085457	-0.31307
-0.32216	-0.059244	-0.082049
0.50506	-0.10068	0.11144
-0.5182	-0.043854	0.0014361
-0.57331	-0.044432	-0.02802
-0.57419	-0.042618	-0.00097174
-0.53419	-0.046163	-0.024782
0.051572	-0.099263	-0.20831
0.079345	-0.063697	0.13584
0.53837	-0.094594	0.0046071
-0.14326	-0.089154	0.072367
0.066519	-0.096962	-0.25877
0.57443	-0.099486	0.16282
0.46298	-0.098387	0.21042
-0.27382	-0.064939	-0.12512
-0.29308	-0.064558	-0.081734
-0.30785	-0.064198	-0.1234
-0.29351	-0.078334	0.085956
0.32301	-0.088978	0.14848
0.53804	-0.094114	-0.034849
0.033329	-0.10787	-0.18191
0.49665	-0.11552	-0.18714
-0.26369	-0.063646	-0.092628
-0.24575	-0.070223	-0.11788
0.28089	-0.10681	-0.32607
-0.56169	-0.051722	0.033305
0.51579	-0.12409	0.023599
-0.35687	-0.079068	0.088463
0.53456	-0.10301	-0.017353
-0.017358	-0.076705	0.08803
0.15246	-0.10211	0.16082
0.49471	-0.10342	0.19094
-0.26214	-0.071019	-0.13905
-0.4571	-0.086345	-0.057163
0.34991	-0.10083	0.16848
-0.43587	-0.064468	-0.0090567
-0.62259	-0.062525	-0.036428
-0.2117	-0.079446	-0.14017
-0.5388	-0.058283	-0.051675
-0.62121	-0.055735	0.021499
0.50128	-0.10912	0.053776
0.33468	-0.1215	0.11811
0.55701	-0.1244	0.25066
0.56092	-0.12687	0.14772
-0.22879	-0.080792	0.072376
0.48681	-0.11469	0.13935
-0.16272	-0.08719	-0.16202
0.077841	-0.12386	-0.25494
0.45824	-0.13485	0.068607
0.46339	-0.13045	-0.21097
-0.24445	-0.080826	-0.14679
0.60082	-0.11722	0.1853
0.34591	-0.10228	0.23242
-0.4859	-0.068786	-0.027992
-0.41339	-0.068239	0.05273
-0.43572	-0.064021	0.021847
-0.58373	-0.063336	-0.0589
0.11362	-0.10359	0.15152
0.32491	-0.11869	-0.31473
0.2604	-0.11596	0.10705
0.087907	-0.1125	-0.27486
-0.5317	-0.065135	0.048226
0.46352	-0.12246	0.12766
-0.39537	-0.077633	0.071978
-0.45871	-0.066561	0.040544
0.11877	-0.11738	-0.29941
-0.64497	-0.072803	0.055803
-0.33044	-0.065689	-0.094282
-0.48277	-0.061586	0.0084172
-0.40474	-0.092751	-0.090426
0.51103	-0.10163	0.2261
-0.36757	-0.087729	-0.1094
0.35876	-0.12253	0.15773
0.23542	-0.11526	0.12516
-0.29509	-0.089729	-0.14258
0.4675	-0.11391	0.18034
-0.49249	-0.061727	0.04596
0.35686	-0.12005	0.12797
-0.055576	-0.078442	0.088588
0.19518	-0.12819	-0.31871
0.058617	-0.11321	0.1108
0.4922	-0.13737	-0.055166
-0.44794	-0.071132	-0.033055
-0.19447	-0.066397	0.064496
0.4066	-0.1141	0.20714
0.35339	-0.1179	0.19136
0.52354	-0.12078	0.14064
-0.47206	-0.081507	0.077992
-0.11566	-0.084824	-0.16622
0.46936	-0.11692	0.15558
0.43793	-0.12613	0.165
-0.41894	-0.075897	0.081357
0.60804	-0.12699	0.21951
-0.60986	-0.074776	0.062367
-0.57051	-0.074413	-0.069204
0.41054	-0.1283	-0.26598
-0.207	-0.093056	0.069029
0.37269	-0.11844	0.213
0.53914	-0.12652	0.2042
-0.2736	-0.12199	0.095002
0.073128	-0.099612	0.13083
0.30774	-0.14306	-0.30199
0.30359	-0.10771	0.1152
0.55884	-0.14221	0.21705
-0.53603	-0.079798	0.07309
0.1516	-0.11664	-0.31262
0.49681	-0.12326	0.18495
-0.45872	-0.08088	0.070199
0.50223	-0.1353	-0.014263
0.59518	-0.13105	0.17064
-0.064065	-0.10383	-0.16789
0.055128	-0.12827	-0.18228
-0.62707	-0.056454	-0.014249
0.06526	-0.14519	-0.22206
-0.665	-0.069233	0.018738
0.62107	-0.15141	0.20285
-0.504	-0.081375	0.080891
0.48234	-0.15459	-0.16422
0.49162	-0.1323	0.17415
-0.38949	-0.095669	0.08496
0.24084	-0.12028	-0.32509
-0.1997	-0.10663	-0.15263
0.41916	-0.14788	0.11765
-0.80175	-0.061889	0.12564
0.5437	-0.13847	0.1507
-0.48909	-0.090924	-0.056324
0.18336	-0.11861	0.15545
0.23168	-0.12802	0.12628
-0.13927	-0.11378	-0.15793
-0.18895	-0.11591	0.065083
-0.33631	-0.090056	0.095797
-0.34052	-0.10995	-0.12865
0.5254	-0.16046	0.1846
-0.78982	-0.066105	0.17681
0.35987	-0.15302	-0.27279
-0.702	-0.090528	-0.017612
0.62079	-0.16406	0.24013
-0.58008	-0.08727	0.073946
-0.6124	-0.088057	0.071276
-0.77103	-0.068843	0.14407
-0.81435	-0.06762	0.16444
-0.46398	-0.097528	0.089821
0.4649	-0.16286	0.014131
0.39336	-0.13502	0.17425
0.027755	-0.12065	0.065511
-0.40879	-0.099956	-0.10242
0.57938	-0.14497	0.25365
0.41169	-0.14891	-0.2384
-0.26162	-0.089241	-0.15156
0.32711	-0.16105	-0.27737
0.20686	-0.13149	0.14622
-0.68742	-0.087251	0.07338
0.37371	-0.14391	0.14912
0.15368	-0.15271	-0.29643
-0.76418	-0.076362	0.15382
0.59136	-0.17782	0.18984
-0.52305	-0.084795	-0.06866
0.49547	-0.1483	-0.12766
-0.69922	-0.081084	0.047338
-0.16742	-0.11487	-0.15997
0.019427	-0.12884	-0.14788
-0.77757	-0.080561	0.085877
-0.044159	-0.1051	0.063892
-0.034737	-0.12196	-0.15382
0.26876	-0.15013	-0.30767
-0.42695	-0.093416	0.099637
-0.54756	-0.097449	0.092273
-0.16003	-0.11266	0.06409
-0.22921	-0.11553	-0.1546
0.12038	-0.13587	0.14053
-0.074249	-0.13145	-0.1379
-0.53654	-0.11767	-0.084122
0.09228	-0.12772	0.12952
-0.71053	-0.086816	0.0053808
-0.0031543	-0.11395	0.053527
0.11611	-0.14873	-0.27811
0.49162	-0.14601	-0.093739
-0.62495	-0.078022	-0.055515
0.39264	-0.1562	0.12235
0.3592	-0.14365	0.1388
-0.36572	-0.11772	-0.11937
-0.80149	-0.083144	0.066465
-0.36399	-0.11801	0.10118
-0.82487	-0.081703	0.13733
-0.42116	-0.11261	0.10823
-0.19193	-0.13512	-0.15342
-0.34016	-0.11511	0.10245
-0.82767	-0.092363	0.17892
0.040311	-0.14504	-0.12414
0.051198	-0.13266	0.079653
-0.77916	-0.086832	0.18436
-0.016504	-0.1366	0.020674
-0.00012138	-0.13828	-0.12609
-0.44729	-0.1189	-0.090305
0.38962	-0.17272	0.092177
-0.66488	-0.089923	0.085856
0.46823	-0.17523	-0.14491
-0.72218	-0.090094	0.045116
-0.75706	-0.086232	0.10465
-0.10509	-0.14942	-0.1284
0.55431	-0.17812	0.20168
-0.74865	-0.08796	0.057152
0.19318	-0.15791	-0.30277
0.062255	-0.14705	0.084969
-0.81484	-0.10084	0.028783
-0.73265	-0.093638	0.064887
0.43822	-0.17725	-0.03694
-0.70785	-0.1078	-0.036837
0.28459	-0.17836	-0.28101
-0.38951	-0.12116	0.091352
-0.73204	-0.097445	0.0077346
-0.30319	-0.14777	-0.14194
0.16992	-0.13644	0.15113
-0.58929	-0.097155	0.085174
-0.80722	-0.099813	0.0061227
-0.72006	-0.10457	0.081623
-0.41434	-0.12521	-0.11116
0.014047	-0.15313	0.010309
-0.63299	-0.10537	0.10599
-0.81106	-0.079041	0.20021
-0.66526	-0.10608	0.10189
-0.46294	-0.1237	0.096792
-0.73148	-0.11349	-0.02274
0.53733	-0.17304	0.18683
-0.5675	-0.10694	0.096045
0.22568	-0.14597	0.13907
0.2687	-0.15396	0.10805
0.38813	-0.17686	-0.23116
-0.51012	-0.11089	0.10169
-0.15395	-0.14903	0.045856
-0.77001	-0.11168	0.17366
-0.65025	-0.10253	-0.059743
-0.74289	-0.10229	0.11671
-0.035474	-0.15089	-0.10021
-0.50056	-0.12878	-0.072058
0.44387	-0.17697	-0.063025
-0.82129	-0.084871	0.084432
-0.03632	-0.15424	0.0090026
0.083155	-0.16769	-0.20944
0.058669	-0.15459	0.076376
-0.1492	-0.17048	0.030596
0.015765	-0.14973	-0.090952
-0.75243	-0.098013	0.15117
0.34582	-0.15928	0.12138
-0.40963	-0.12549	0.1038
-0.74479	-0.11401	0.1365
0.43701	-0.18526	-0.005244
-0.03338	-0.13727	-0.13246
-0.58856	-0.11454	0.11124
0.44886	-0.18647	-0.098785
-0.5847	-0.11371	-0.081919
-0.79755	-0.10676	-0.020234
-0.4764	-0.12783	-0.078373
0.11161	-0.17212	-0.24764
0.3189	-0.15253	0.10418
-0.77039	-0.10978	-0.023997
0.16497	-0.16561	0.13229
0.58605	-0.185	0.22176
0.058922	-0.1531	-0.14761
0.40963	-0.19464	0.029159
-0.3993	-0.14369	-0.11398
-0.30709	-0.13968	0.09962
0.43239	-0.17556	-0.1853
-0.21669	-0.13215	0.071539
-0.6041	-0.13905	-0.081113
-0.012007	-0.15438	-0.0011164
-0.74628	-0.11969	-0.025539
0.027118	-0.15313	-0.060725
0.22884	-0.18359	-0.28388
-0.81596	-0.11253	0.19804
-0.39529	-0.14908	0.083162
0.10697	-0.15317	0.12147
0.35537	-0.16975	0.11917
-0.70887	-0.12716	0.10641
0.34326	-0.18277	-0.25462
-0.026719	-0.1581	-0.064459
0.065371	-0.17754	-0.17864
0.60737	-0.17818	0.24504
0.038271	-0.15544	0.038762
0.022918	-0.15527	-0.017718
-0.54949	-0.13793	0.10682
-0.63421	-0.13549	0.12296
-0.2332	-0.15631	-0.14799
-0.017822	-0.15785	-0.032817
-0.79962	-0.11296	0.1967
0.036322	-0.16157	-0.0052727
-0.82115	-0.12633	-0.030906
0.099921	-0.16678	0.10014
-0.44728	-0.14234	0.095653
0.14747	-0.18238	-0.2651
-0.65788	-0.12748	0.12164
-0.078969	-0.15807	0.020635
-0.46107	-0.15041	-0.086887
0.20383	-0.1725	0.12852
-0.42987	-0.14797	-0.10135
-0.49959	-0.13682	0.10582
-0.33515	-0.156	0.098346
0.57265	-0.19349	0.20438
-0.16311	-0.16271	-0.14746
0.38647	-0.20182	-0.18776
-0.765	-0.1236	-0.0389
0.62921	-0.1777	0.22186
0.054019	-0.16968	-0.084415
-0.4234	-0.15443	0.084605
-0.70143	-0.12158	-0.045449
-0.72386	-0.13038	0.11201
-0.81718	-0.13896	0.023445
-0.078619	-0.1781	-0.055862
-0.75105	-0.14331	0.15862
-0.68565	-0.12322	0.11179
-0.82952	-0.13202	0.1982
0.61654	-0.18876	0.22299
-0.58072	-0.14202	0.11197
0.31443	-0.19374	0.11073
0.29086	-0.20616	0.10564
0.27694	-0.1831	0.10162
-0.81171	-0.12778	-0.057353
-0.13491	-0.18084	-0.12303
-0.25263	-0.15522	0.08561
0.44356	-0.2036	-0.11755
-0.19709	-0.19587	-0.12462
0.060116	-0.16848	0.049207
0.4288	-0.21365	-0.12349
0.4109	-0.20033	-0.068856
0.2612	-0.20803	0.11316
-0.83164	-0.12134	0.17608
0.38831	-0.20318	0.047502
-0.56246	-0.15816	-0.085531
-0.090663	-0.16794	-0.099554
0.26944	-0.2085	-0.25338
-0.8128	-0.14188	0.22651
-0.18637	-0.17383	0.046124
-0.1048	-0.1893	-0.042689
0.40983	-0.20735	0.013247
-0.17161	-0.19486	-0.13369
-0.47694	-0.15859	0.09554
0.16183	-0.18819	-0.26268
-0.74034	-0.15188	-0.035287
-0.3492	-0.15531	-0.12125
-0.49571	-0.15522	-0.072816
0.23375	-0.21812	-0.24921
-0.69417	-0.15761	-0.048553
-0.28655	-0.17786	-0.13514
0.19746	-0.2117	-0.25426
0.34889	-0.21736	0.081333
0.30729	-0.19781	-0.24949
-0.82636	-0.10425	0.12616
0.41044	-0.21356	-0.0229
0.37338	-0.22742	0.012824
-0.60186	-0.1525	0.12253
-0.78021	-0.1371	0.20388
0.16962	-0.1961	0.10567
0.39311	-0.22334	-0.057517
0.070821	-0.19435	-0.091294
-0.8189	-0.15657	0.057377
-0.82464	-0.15999	0.10632
-0.73874	-0.17269	-0.032117
-0.82295	-0.14927	-0.045303
-0.53394	-0.1606	0.099912
-0.42173	-0.17958	-0.091103
-0.14496	-0.18552	0.012683
0.12204	-0.2048	-0.20557
0.072767	-0.20046	-0.1412
-0.66977	-0.15192	0.11987
-0.21402	-0.17289	0.065162
-0.40766	-0.18084	0.057538
-0.11814	-0.18913	-0.015437
0.06165	-0.18633	-0.011394
-0.36255	-0.16633	0.090592
-0.33167	-0.17619	0.088902
0.14409	-0.21036	0.071687
-0.28024	-0.17376	0.086262
-0.83333	-0.16081	0.16565
-0.48763	-0.18199	-0.055912
-0.10828	-0.18902	-0.076827
0.11407	-0.21209	0.028675
-0.81549	-0.16406	-0.066876
-0.52915	-0.16832	-0.076247
0.2306	-0.19793	0.13153
0.083222	-0.20863	-0.040092
0.31419	-0.22333	-0.21693
-0.57936	-0.16015	0.1015
0.31277	-0.2277	0.095401
0.17121	-0.22106	-0.2154
0.091092	-0.20494	-0.15111
-0.82243	-0.17611	-0.025807
0.14811	-0.20944	-0.22172
-0.36899	-0.17767	-0.10368
-0.78454	-0.15394	-0.060389
-0.63927	-0.16279	0.12377
-0.72614	-0.16609	0.11678
0.35031	-0.22086	-0.19578
0.36844	-0.2312	-0.13614
0.4157	-0.2165	-0.083245
-0.17282	-0.22758	-0.1096
-0.61751	-0.167	-0.074313
0.082413	-0.21608	-0.084655
0.12324	-0.2245	-0.17443
0.11022	-0.22472	-0.017064
0.27821	-0.23002	-0.22016
-0.33552	-0.18535	-0.11339
0.21566	-0.24062	0.11736
0.20352	-0.23524	-0.21861
-0.1698	-0.20635	0.012416
-0.29258	-0.20334	-0.1109
-0.47328	-0.19284	0.061119
0.35747	-0.23317	-0.098304
-0.78656	-0.16628	0.19949
-0.43357	-0.1791	-0.078866
-0.38395	-0.20414	-0.062614
0.394	-0.23251	-0.0048945
-0.20487	-0.19559	0.049629
-0.292	-0.21285	0.060416
-0.6407	-0.18377	-0.060332
-0.43926	-0.18623	0.05317
-0.59791	-0.17513	0.0898
-0.36766	-0.20022	0.061632
-0.51963	-0.19844	-0.06056
0.14161	-0.22375	0.054625
-0.35018	-0.2101	-0.078418
-0.70934	-0.16849	0.10874
-0.13716	-0.21389	-0.036192
0.35993	-0.24083	0.037444
-0.68359	-0.18751	0.10274
0.11755	-0.2316	-0.13686
-0.49222	-0.18591	0.078284
-0.55146	-0.19945	0.077981
-0.83165	-0.17033	0.19017
-0.4488	-0.19324	-0.051357
0.19274	-0.19709	0.11462
0.38143	-0.23232	-0.055071
-0.81736	-0.1775	0.0079341
-0.76136	-0.169	0.17002
-0.65165	-0.18946	0.10141
-0.72702	-0.19002	0.10498
0.29751	-0.2629	0.082577
0.35309	-0.23705	0.00026537
-0.74607	-0.1847	0.14146
-0.20946	-0.22464	-0.096779
-0.50118	-0.19697	0.075647
-0.56043	-0.20089	-0.066427
-0.14124	-0.20621	-0.098911
0.37774	-0.24368	-0.0408
0.34546	-0.24459	-0.10933
0.10776	-0.22692	-0.10518
-0.74302	-0.19297	-0.020486
0.1552	-0.23463	-0.18829
-0.81879	-0.18547	-0.053178
-0.23445	-0.20587	0.052428
-0.79894	-0.17739	0.20247
0.11283	-0.23093	-0.044756
0.35168	-0.24832	-0.030064
-0.79739	-0.19384	-0.050521
-0.4019	-0.19554	0.042117
0.23405	-0.24951	-0.20241
0.13092	-0.24007	0.011918
0.3455	-0.25168	-0.063774
-0.47863	-0.19521	-0.037077
-0.16404	-0.23146	-0.1015
-0.72233	-0.19463	-0.017376
-0.3351	-0.20949	0.058846
-0.83368	-0.21081	0.1238
-0.45658	-0.20127	0.031778
-0.82119	-0.17557	0.20583
0.19392	-0.25377	-0.18005
0.25851	-0.25353	-0.1846
-0.82048	-0.20126	0.024251
0.13528	-0.2416	-0.07958
-0.67644	-0.18883	-0.041591
0.33255	-0.24787	0.0024659
-0.39992	-0.20874	-0.039283
0.29477	-0.25751	-0.16077
0.1557	-0.24388	-0.15913
-0.49382	-0.21664	0.045419
0.13165	-0.24839	-0.060314
-0.44142	-0.20574	-0.0076422
-0.46423	-0.20787	-0.0087201
0.14159	-0.2391	-0.11865
-0.41096	-0.20946	-0.0029541
0.23319	-0.25281	0.11536
-0.15756	-0.22039	-0.009649
-0.1597	-0.23936	-0.072239
-0.38376	-0.21454	0.0083787
0.17846	-0.25187	-0.13524
0.16138	-0.24988	0.068252
0.33393	-0.26285	0.038926
0.18448	-0.23765	0.089509
-0.15939	-0.23323	-0.026535
-0.35881	-0.22301	-0.037894
-0.25589	-0.23023	0.033091
-0.61853	-0.20113	0.082329
-0.20216	-0.2278	0.016977
-0.75807	-0.19388	0.16157
-0.81706	-0.21464	0.20615
0.33573	-0.25827	-0.054472
0.16091	-0.24927	-0.098623
-0.78944	-0.21146	0.18804
-0.60157	-0.21618	-0.047709
0.30935	-0.25918	-0.033614
0.30136	-0.26497	-0.10447
-0.66123	-0.20793	0.0823
0.30505	-0.25764	-0.052788
-0.59417	-0.20699	0.079558
-0.82728	-0.2046	0.071622
-0.24594	-0.22204	-0.10052
0.20027	-0.26056	-0.1109
0.22606	-0.26438	-0.14862
0.12735	-0.255	-0.016257
0.278	-0.26615	-0.12611
-0.69858	-0.20676	0.076287
-0.48885	-0.21635	-0.012214
0.32703	-0.26265	-0.074595
-0.81148	-0.21085	-0.015442
-0.29927	-0.23192	0.031466
-0.2946	-0.23438	-0.064299
-0.77411	-0.2074	-0.022331
-0.22408	-0.24125	-0.065643
0.27513	-0.26256	-0.14947
0.23247	-0.26318	-0.16526
0.24292	-0.2686	-0.11157
-0.19916	-0.24807	-0.067527
0.14098	-0.25018	0.039288
-0.34331	-0.22641	0.024618
0.14949	-0.26097	-0.077386
-0.73616	-0.20585	0.084981
0.2788	-0.26491	-0.088702
-0.32862	-0.23667	-0.0044493
-0.69269	-0.21039	-0.010765
0.31561	-0.26718	0.061074
-0.83767	-0.22007	0.15117
-0.73819	-0.2103	0.02261
0.31027	-0.26857	-0.0093237
-0.83009	-0.20888	0.19959
0.26683	-0.26324	0.097051
-0.70595	-0.21158	0.019484
-0.21953	-0.24949	-0.0084098
0.28843	-0.26806	-0.0643
-0.75959	-0.21131	0.13269
0.18855	-0.27643	0.091028
-0.64261	-0.22199	0.05741
-0.29779	-0.24032	-0.045424
-0.71324	-0.21097	0.047162
-0.65468	-0.22102	-0.011406
-0.20113	-0.25197	-0.039716
-0.61058	-0.23059	-0.024231
0.20607	-0.27169	0.090185
-0.56318	-0.23008	0.050025
-0.50984	-0.2275	-0.021086
-0.74874	-0.21506	0.050592
-0.50455	-0.23189	0.0029713
-0.80868	-0.21104	0.017745
-0.25051	-0.2478	-0.027285
-0.28256	-0.24258	-0.0016171
-0.66924	-0.22655	0.024062
-0.62254	-0.22202	0.064152
-0.78427	-0.21669	0.024461
0.17589	-0.27783	-0.088041
-0.76749	-0.21605	0.08957
-0.80501	-0.21454	0.06842
-0.78788	-0.22169	0.10707
0.12766	-0.27017	0.0049288
0.20664	-0.27644	-0.10134
0.24404	-0.28729	0.080022
-0.63497	-0.23435	0.029526
-0.52366	-0.23897	0.012386
-0.82153	-0.21459	0.087505
0.30664	-0.28313	0.0055146
0.27771	-0.28109	0.071697
0.15021	-0.29411	-0.063962
-0.55235	-0.24517	-0.017211
-0.77668	-0.22029	0.15583
0.29988	-0.28858	0.028408
-0.82894	-0.22354	0.12522
0.25325	-0.28425	-0.092049
-0.60532	-0.23962	0.0079494
0.28827	-0.30836	-0.057558
0.12442	-0.29539	-0.014895
0.14861	-0.30122	0.072405
0.13794	-0.29428	-0.05245
-0.57959	-0.24078	0.029507
0.28663	-0.29205	0.051311
0.13228	-0.27441	-0.04176
0.13091	-0.30736	0.030781
-0.79679	-0.23216	0.15012
0.2281	-0.29415	-0.092294
-0.82395	-0.22646	0.17373
0.20411	-0.29439	-0.099312
0.18442	-0.29873	-0.096532
0.29873	-0.31397	-0.021111
0.21153	-0.30257	0.083783
0.26029	-0.30461	0.066397
0.1633	-0.34395	0.084839
0.25857	-0.30727	-0.086392
0.22122	-0.31088	-0.094913
0.28121	-0.32904	0.051624
0.13227	-0.31693	-0.020015
0.15013	-0.34105	-0.02901
0.16759	-0.32558	-0.072936
0.27441	-0.34531	-0.054162
0.29335	-0.34854	0.01022
0.23484	-0.36508	0.074754
0.20424	-0.34915	0.080823
0.14628	-0.32849	0.064386
0.23863	-0.34734	-0.075708
0.15525	-0.34534	-0.048008
0.18396	-0.34188	-0.077449
0.21073	-0.34631	-0.08128
0.17915	-0.35604	0.078774
0.28658	-0.3673	-0.018655
0.16186	-0.35464	-0.065527
0.14108	-0.35449	0.043936
0.14455	-0.3651	0.064519
0.27437	-0.38295	-0.039832
0.26368	-0.38116	0.059644
0.14362	-0.35952	0.0068011
0.27784	-0.38488	0.039667
0.22808	-0.38299	-0.076651
0.249	-0.38509	-0.065695
0.13834	-0.37359	-0.049109
0.13178	-0.37716	-0.016191
0.16602	-0.37763	-0.071137
0.13195	-0.37514	0.019813
0.17126	-0.37297	0.075204
0.15125	-0.38958	0.050315
0.22641	-0.37771	0.080053
0.1431	-0.39259	0.025247
0.19254	-0.38441	0.084357
0.20264	-0.39385	-0.058735
0.16199	-0.38964	-0.050544
0.28327	-0.39195	-0.0032787
0.24509	-0.39806	-0.048514
0.16387	-0.38855	0.068969
0.21445	-0.41119	-0.052522
0.14159	-0.40375	-0.0077168
0.26705	-0.40298	0.080077
0.26785	-0.40455	-0.031453
0.23955	-0.40792	0.097192
0.15996	-0.40746	-0.035187
0.17479	-0.41467	-0.043594
0.28317	-0.416	0.059626
0.29156	-0.42811	0.024267
0.19586	-0.40949	0.10557
0.14993	-0.41313	0.094646
0.29023	-0.439	0.001275
0.12352	-0.42083	0.067193
0.12386	-0.41222	0.031161
0.26787	-0.45021	0.096732
0.21192	-0.41899	0.1061
0.16083	-0.44495	-0.049138
0.10461	-0.44717	0.033161
0.12717	-0.42133	-0.009006
0.13387	-0.43378	0.099559
0.19898	-0.45952	-0.059104
0.17598	-0.43219	0.10424
0.24203	-0.45341	-0.05042
0.15053	-0.43913	0.10852
0.29112	-0.45065	0.055181
0.28959	-0.45951	0.00544
0.22779	-0.4579	0.092981
0.12649	-0.47344	-0.046544
0.27131	-0.46506	-0.029713
0.11576	-0.4775	-0.030514
0.10345	-0.46509	0.01474
0.29677	-0.4747	0.051616
0.28366	-0.46705	0.083251
0.10806	-0.48262	0.090654
0.092396	-0.50673	0.067382
0.13534	-0.47539	0.11374
0.26878	-0.48492	0.095982
0.15355	-0.48291	-0.063883
0.12342	-0.47863	0.1084
0.16132	-0.47201	0.10606
0.29098	-0.48286	0.0098884
0.17629	-0.48999	-0.071535
0.24635	-0.48588	0.092038
0.27658	-0.49175	-0.021025
0.12229	-0.49486	-0.05055
0.29065	-0.50768	0.024266
0.23771	-0.55712	0.10844
0.29359	-0.51188	0.064664
0.11178	-0.55338	0.12468
0.21146	-0.50739	-0.072488
0.2786	-0.51884	0.09517
0.10643	-0.5181	-0.015624
0.22111	-0.52768	-0.061052
0.12354	-0.54274	-0.040976
0.17024	-0.5282	-0.06706
0.27096	-0.52253	-0.013697
0.28667	-0.54005	0.073977
0.10676	-0.5386	-0.024764
0.09341	-0.54743	0.10661
0.25806	-0.56358	0.11687
0.26996	-0.5584	0.0087269
0.28279	-0.55309	0.037648
0.084122	-0.54055	0.065648
0.092733	-0.54	0.029171
0.19374	-0.56583	-0.054275
0.14045	-0.55766	-0.04468
0.10602	-0.55516	0.0019908
0.084201	-0.56203	0.040085
0.16052	-0.57267	0.12326
0.23899	-0.58811	-0.013729
0.086978	-0.5801	0.091645
0.2713	-0.57204	0.084821
0.23676	-0.5821	0.1217
0.22568	-0.57106	-0.042152
0.22245	-0.58745	-0.032354
0.24708	-0.59148	0.11287
0.16597	-0.5912	-0.032937
0.097787	-0.58757	0.11983
0.26458	-0.58993	0.050525
0.23842	-0.61668	0.030536
0.16942	-0.59529	0.12184
0.12516	-0.57935	-0.015787
0.12399	-0.59558	0.11725
0.21325	-0.59345	0.11813
0.094443	-0.59572	0.042895
0.13833	-0.59898	0.12035
0.18289	-0.61515	0.0017405
0.19586	-0.60614	0.12157
0.090789	-0.60229	0.081499
0.11912	-0.62202	0.032552
0.10564	-0.61009	0.1104
0.10285	-0.62204	0.050316
0.20876	-0.6321	0.11353
0.24725	-0.6166	0.078833
0.24332	-0.62615	0.051191
0.14904	-0.61731	0.012704
0.21831	-0.61645	0.011351
0.20302	-0.63071	0.015878
0.24672	-0.62987	0.074573
0.099593	-0.62216	0.081256
0.14199	-0.63634	0.021926
0.22203	-0.63726	0.022177
0.1772	-0.63665	0.014825
0.23082	-0.62582	0.10379
0.24051	-0.65295	0.03609
0.098847	-0.64572	0.092456
0.24294	-0.66064	0.10241
0.17541	-0.6398	0.11548
0.11321	-0.65296	0.10538
0.10386	-0.66467	0.030155
0.076995	-0.69527	0.064664
0.25429	-0.66749	0.092932
0.12517	-0.67332	0.022469
0.25857	-0.67413	0.070481
0.21443	-0.67636	0.11038
0.14591	-0.66495	0.11163
0.22334	-0.66532	0.020761
0.080296	-0.70234	0.044889
0.19183	-0.68534	0.018962
0.28223	-0.71857	0.077865
0.15445	-0.71008	0.025358
0.25421	-0.69055	0.037039
0.21929	-0.7054	0.026171
0.075394	-0.7095	0.078649
0.18826	-0.75729	0.10946
0.21963	-0.7336	0.10777
0.27952	-0.72851	0.071156
0.26451	-0.72204	0.1058
0.25534	-0.72089	0.051684
0.26901	-0.70212	0.10167
0.072654	-0.72721	0.062708
0.087602	-0.70275	0.095404
0.13913	-0.73032	0.10899
0.11289	-0.70723	0.032134
0.10364	-0.70839	0.10433
0.17969	-0.713	0.028205
0.14419	-0.73816	0.03824
0.096824	-0.73898	0.050216
0.21593	-0.72898	0.039068
0.23682	-0.73968	0.066823
0.18448	-0.73795	0.043142
0.085509	-0.75284	0.10432
0.2384	-0.73487	0.098045
0.27387	-0.73155	0.097014
0.22699	-0.75352	0.094425
0.16956	-0.76158	0.1064
0.18699	-0.76284	0.066863
0.11676	-0.76049	0.09962
0.13813	-0.76067	0.057762
0.21406	-0.76819	0.088659
0.11487	-0.76179	0.071446
0.095491	-0.76289	0.1024
0.17836	-0.77111	0.08265
0.14651	-0.79076	0.11123
0.095198	-0.76421	0.08193
0.12693	-0.76966	0.095083
0.53557	0.042951	-0.062137
-0.23759	0.046254	-0.38662
0.12977	-0.54952	0.1212
0.20712	-0.77326	0.11312
-0.29798	-0.064211	-0.043469
