3	1889	1875	1898
3	1898	1885	1911
3	1946	1924	1954
3	1926	1919	1946
3	1931	1926	1946
3	1914	1931	1942
3	14	10	18
3	32	26	45
3	32	45	52
3	52	45	62
3	62	45	63
3	52	62	74
3	62	63	74
3	37	47	46
3	46	47	56
3	47	51	56
3	619	653	726
3	568	484	509
3	703	702	722
3	822	838	909
3	1907	1997	1921
3	1921	1916	1929
3	1885	1907	1919
3	1885	1919	1922
3	1907	1921	1924
3	1922	1919	1926
3	1907	1924	1919
3	1898	1911	1914
3	1911	1885	1922
3	1914	1911	1931
3	1931	1911	1922
3	1931	1922	1926
3	1919	1924	1946
3	1	2	6
3	2	7	6
3	6	7	9
3	9	7	36
3	9	36	52
3	51	9	52
3	6	0	1
3	0	6	9
3	10	0	18
3	0	9	18
3	27	14	18
3	27	18	34
3	27	34	37
3	18	9	34
3	37	34	47
3	34	9	51
3	14	27	17
3	31	17	27
3	37	31	27
3	47	34	51
3	31	37	46
3	329	313	312
3	312	313	394
3	329	312	393
3	668	619	687
3	687	619	726
3	706	668	687
3	700	592	706
3	484	506	509
3	506	484	507
3	592	506	507
3	592	507	619
3	506	574	509
3	506	592	574
3	509	574	581
3	592	619	668
3	509	581	670
3	581	574	721
3	574	592	700
3	10	14	11
3	845	805	832
3	832	852	845
3	832	827	852
3	845	852	945
3	945	852	878
3	852	827	878
3	827	834	878
3	845	945	867
3	945	878	966
3	878	834	954
3	878	954	966
3	702	692	713
3	713	692	712
3	713	712	797
3	751	713	797
3	797	712	764
3	712	747	832
3	764	712	832
3	764	832	798
3	747	793	827
3	764	798	800
3	797	764	804
3	764	800	804
3	790	797	812
3	832	747	827
3	653	722	726
3	702	713	751
3	722	702	763
3	722	763	726
3	702	751	763
3	751	797	790
3	790	812	751
3	746	763	820
3	763	751	820
3	820	751	881
3	820	881	854
3	751	812	881
3	838	803	820
3	592	668	706
3	706	687	726
3	706	746	700
3	700	746	761
3	706	726	746
3	746	726	763
3	721	700	791
3	721	791	723
3	761	746	803
3	700	761	803
3	742	723	822
3	723	791	822
3	700	803	791
3	791	803	838
3	822	791	838
3	838	820	854
3	838	968	941
3	909	838	941
3	838	854	968
3	581	721	723
3	670	581	723
3	574	700	721
3	670	723	742
3	945	961	1024
3	954	948	966
3	945	966	961
3	961	966	1023
3	966	948	1023
3	1021	961	1023
3	961	1021	1024
3	1023	948	1056
3	1023	1056	1021
3	1024	1021	1052
3	1021	1056	1121
3	854	881	946
3	854	980	968
3	854	946	980
3	946	881	938
3	980	946	1051
3	980	1051	1105
3	1041	980	1105
3	375	398	404
3	354	371	398
3	375	354	398
3	324	354	375
3	380	433	435
3	380	404	433
3	380	375	404
3	411	461	480
3	411	370	461
3	370	430	461
3	391	345	411
3	309	370	411
3	345	309	411
3	345	391	358
3	309	316	370
3	307	345	358
3	307	309	345
3	309	285	316
3	282	309	307
3	282	285	309
3	361	325	365
3	314	325	361
3	325	307	358
3	283	307	325
3	314	283	325
3	301	283	314
3	283	282	307
3	282	280	285
3	280	282	283
3	418	365	481
3	361	418	426
3	389	361	426
3	361	365	418
3	389	334	361
3	336	334	389
3	334	321	361
3	336	321	334
3	301	314	361
3	321	301	361
3	301	288	283
3	389	426	409
3	357	409	465
3	409	330	389
3	330	409	357
3	330	346	389
3	346	336	389
3	315	346	330
3	335	336	346
3	315	335	346
3	318	339	422
3	303	357	339
3	303	330	357
3	303	339	318
3	330	303	315
3	275	303	318
3	303	262	315
3	381	318	422
3	342	318	381
3	252	318	342
3	252	275	318
3	275	269	303
3	252	243	275
3	385	293	423
3	293	381	423
3	293	342	381
3	293	252	342
3	266	252	293
3	326	421	439
3	421	300	385
3	326	300	421
3	300	293	385
3	266	293	300
3	326	279	300
3	245	266	300
3	278	279	326
3	279	245	300
3	232	279	278
3	254	245	279
3	232	254	279
3	360	326	439
3	230	360	368
3	278	326	360
3	230	232	278
3	261	238	273
3	224	204	261
3	204	238	261
3	199	217	240
3	238	199	240
3	204	199	238
3	746	820	803
3	204	191	199
3	201	191	204
3	175	191	201
3	182	199	191
3	199	182	207
3	186	182	191
3	175	186	191
3	186	155	182
3	175	155	186
3	259	202	287
3	202	270	287
3	203	224	270
3	194	202	259
3	202	203	270
3	203	201	224
3	201	204	224
3	202	190	203
3	194	190	202
3	203	181	201
3	181	175	201
3	190	181	203
3	197	194	259
3	269	262	303
3	228	262	269
3	243	269	275
3	225	243	252
3	239	252	266
3	245	239	266
3	218	239	245
3	232	226	254
3	231	230	271
3	230	226	232
3	155	157	182
3	148	157	155
3	147	148	155
3	1587	1598	1678
3	1598	1599	1678
3	1598	1506	1599
3	1678	1715	1724
3	1713	1725	1724
3	1672	1724	1725
3	1661	1672	1725
3	1672	1678	1724
3	1661	1606	1672
3	1547	1606	1661
3	1672	1587	1678
3	1606	1587	1672
3	1713	1671	1725
3	1690	1679	1713
3	1713	1679	1671
3	1671	1661	1725
3	1671	1609	1661
3	1653	1671	1679
3	1653	1609	1671
3	1593	1590	1653
3	1631	1604	1679
3	1604	1653	1679
3	1604	1568	1653
3	1568	1593	1653
3	1591	1604	1631
3	1591	1568	1604
3	1541	1524	1601
3	1549	1611	1607
3	1469	1529	1506
3	1469	1403	1529
3	1469	1324	1403
3	1434	1469	1506
3	1354	1469	1434
3	1256	1324	1469
3	1354	1256	1469
3	1481	1506	1598
3	1481	1434	1506
3	1569	1445	1591
3	1445	1568	1591
3	1483	1445	1569
3	1465	1483	1569
3	1445	1460	1568
3	1483	1320	1445
3	1465	1318	1483
3	1318	1320	1483
3	1395	1318	1465
3	1367	1227	1395
3	1395	1227	1318
3	1370	1227	1367
3	1377	1370	1454
3	1370	1367	1399
3	1370	1399	1454
3	1377	1317	1370
3	1541	1505	1524
3	1505	1406	1524
3	1335	1406	1505
3	1335	1505	1366
3	1377	1406	1335
3	1335	1295	1377
3	1527	1505	1541
3	1489	1527	1549
3	1392	1505	1527
3	1489	1392	1527
3	1375	1392	1489
3	1392	1366	1505
3	1375	1328	1392
3	1328	1366	1392
3	1355	1328	1375
3	1418	1489	1549
3	1418	1375	1489
3	1355	1375	1418
3	1281	1355	1418
3	1545	1418	1549
3	1467	1338	1545
3	1338	1418	1545
3	1423	1387	1467
3	1387	1338	1467
3	1338	1281	1418
3	1256	1228	1324
3	1182	1364	1324
3	1228	1182	1324
3	1103	1228	1256
3	1103	1101	1228
3	1101	1182	1228
3	1101	1035	1182
3	1035	1049	1182
3	1318	1227	1214
3	1188	1227	1370
3	1133	1214	1227
3	1188	1133	1227
3	1159	1133	1188
3	1295	1317	1377
3	1204	1188	1317
3	1317	1188	1370
3	1295	1204	1317
3	1202	1188	1204
3	1202	1094	1188
3	1094	1159	1188
3	1186	1295	1335
3	1366	1253	1335
3	1253	1186	1335
3	1295	1202	1204
3	1116	1295	1186
3	1116	1202	1295
3	1058	1116	1186
3	1328	1253	1366
3	1355	1244	1328
3	1355	1257	1244
3	1244	1253	1328
3	1175	1253	1244
3	1195	1141	1244
3	1175	1186	1253
3	1097	1058	1186
3	1175	1097	1186
3	1230	1244	1257
3	1278	1223	1338
3	1058	973	1116
3	1116	973	1202
3	365	325	449
3	1547	1661	1609
3	1590	1609	1653
3	1552	1598	1587
3	1318	1214	1320
3	1129	1214	1133
3	987	902	1016
3	853	1028	1016
3	853	811	1028
3	902	853	1016
3	940	987	1094
3	879	902	987
3	1080	1057	1090
3	1080	974	1057
3	965	989	1050
3	989	974	1080
3	957	989	965
3	957	974	989
3	904	906	974
3	957	904	974
3	1072	1090	1065
3	1072	1080	1090
3	1065	1046	1072
3	1064	1080	1072
3	1064	1050	1080
3	989	1080	1050
3	1065	1039	1046
3	1039	1034	1046
3	1034	1019	1046
3	1003	1039	1020
3	1039	1003	1034
3	1034	979	1019
3	942	1003	1020
3	1003	937	1034
3	937	979	1034
3	942	937	1003
3	929	937	942
3	958	957	965
3	937	936	979
3	947	957	958
3	919	936	937
3	720	862	892
3	720	892	788
3	615	720	788
3	728	615	788
3	811	819	883
3	819	794	883
3	883	794	863
3	738	863	794
3	735	738	794
3	735	637	738
3	775	811	853
3	830	853	902
3	830	826	853
3	826	775	853
3	811	735	819
3	741	811	775
3	735	794	819
3	704	735	811
3	741	704	811
3	704	637	735
3	677	704	741
3	830	902	879
3	719	826	830
3	919	920	936
3	890	957	947
3	919	937	929
3	890	904	957
3	877	891	904
3	920	877	890
3	890	877	904
3	877	919	929
3	877	920	919
3	877	889	891
3	889	877	929
3	491	561	615
3	605	615	728
3	583	615	605
3	517	605	666
3	491	615	583
3	517	497	605
3	497	583	605
3	497	491	583
3	440	497	517
3	554	436	517
3	436	440	517
3	424	497	440
3	628	591	612
3	591	628	663
3	529	591	663
3	591	436	554
3	437	436	591
3	529	437	591
3	464	437	529
3	637	629	738
3	629	663	738
3	629	529	663
3	515	629	637
3	573	515	637
3	515	529	629
3	464	529	515
3	414	407	464
3	573	704	677
3	573	637	704
3	424	402	497
3	436	369	440
3	408	369	436
3	407	437	464
3	437	408	436
3	407	408	437
3	1286	1409	1360
3	1327	1371	1409
3	1286	1327	1409
3	1146	1265	1308
3	1231	1146	1308
3	1146	1205	1265
3	1091	1197	1205
3	1146	1091	1205
3	1069	1011	1146
3	1231	1308	1371
3	1327	1231	1371
3	1134	1231	1327
3	1107	1134	1327
3	1134	1069	1231
3	1069	1146	1231
3	1312	1360	1272
3	1312	1286	1360
3	1161	1286	1312
3	1207	1161	1312
3	1286	1107	1327
3	1161	1107	1286
3	1082	1161	1207
3	1055	1107	1161
3	1055	1161	1082
3	1107	988	1134
3	1272	1144	1312
3	1144	1207	1312
3	1027	1082	1207
3	1144	1027	1207
3	1078	1139	1091
3	895	943	1078
3	999	1091	1146
3	1011	999	1146
3	999	895	1078
3	999	1078	1091
3	1011	855	999
3	855	895	999
3	887	855	1011
3	949	1069	1134
3	988	949	1134
3	949	1011	1069
3	840	949	988
3	949	887	1011
3	913	840	988
3	949	840	887
3	1107	1055	988
3	1082	986	1055
3	986	988	1055
3	1027	986	1082
3	774	988	986
3	774	913	988
3	774	810	913
3	967	863	1025
3	1025	823	1027
3	823	986	1027
3	863	823	1025
3	823	774	986
3	992	956	1031
3	1031	958	965
3	956	958	1031
3	992	964	956
3	956	947	958
3	964	910	956
3	910	947	956
3	1996	910	964
3	1063	1064	1072
3	1063	1045	1064
3	1045	1050	1064
3	1046	1019	1072
3	1019	1063	1072
3	1018	1045	1063
3	1031	1045	1018
3	1045	1031	1050
3	1019	991	1063
3	991	1018	1063
3	979	991	1019
3	979	936	991
3	991	960	1018
3	936	960	991
3	920	932	960
3	920	960	936
3	895	728	788
3	708	895	855
3	708	728	895
3	807	855	887
3	807	796	855
3	855	796	708
3	605	728	708
3	694	666	796
3	666	708	796
3	605	708	666
3	821	840	913
3	810	821	913
3	840	807	887
3	807	840	821
3	754	807	821
3	821	758	754
3	694	796	807
3	758	657	754
3	657	694	754
3	754	694	807
3	612	657	758
3	758	821	810
3	774	758	810
3	663	758	774
3	663	628	758
3	628	612	758
3	863	738	823
3	823	663	774
3	738	663	823
3	1996	908	910
3	910	890	947
3	908	900	932
3	1996	900	908
3	920	908	932
3	910	908	901
3	901	908	920
3	901	890	910
3	901	920	890
3	517	666	694
3	657	517	694
3	554	517	657
3	612	554	657
3	612	591	554
3	939	964	992
3	1018	992	1031
3	939	992	1018
3	960	939	1018
3	900	939	960
3	932	900	960
3	1996	939	900
3	1996	964	939
3	223	231	214
3	231	226	230
3	231	223	233
3	169	163	180
3	151	163	169
3	151	108	163
3	133	108	151
3	108	137	163
3	100	108	133
3	1002	1088	1135
3	1171	1179	1241
3	1297	1350	1385
3	1339	1325	1252
3	1331	1362	1430
3	1557	1537	1614
3	805	798	832
3	798	795	800
3	797	804	812
3	1052	1021	1075
3	1021	1121	1124
3	1021	1124	1075
3	946	938	1051
3	941	968	981
3	909	941	981
3	909	981	1002
3	981	968	980
3	981	980	1041
3	1002	981	1088
3	981	1041	1088
3	1124	1136	1075
3	1136	1124	1171
3	1124	1121	1179
3	1136	1171	1189
3	1171	1124	1179
3	1187	1149	1259
3	1149	1189	1259
3	1259	1189	1171
3	1171	1241	1292
3	1187	1259	1304
3	1171	1292	1259
3	1291	1187	1304
3	1304	1259	1292
3	1105	1051	1117
3	1105	1117	1166
3	1105	1166	1119
3	1119	1166	1220
3	1119	1220	1199
3	1291	1166	1187
3	1220	1166	1291
3	1238	1220	1282
3	1220	1291	1282
3	1282	1291	1297
3	1297	1291	1350
3	1119	1041	1105
3	1088	1041	1126
3	1041	1119	1126
3	1135	1088	1168
3	1088	1126	1168
3	1126	1119	1199
3	1168	1126	1200
3	1126	1199	1200
3	1200	1199	1277
3	1238	1199	1220
3	1200	1277	1249
3	1199	1238	1277
3	1277	1238	1305
3	1277	1305	1249
3	1305	1310	1249
3	1238	1282	1313
3	1305	1238	1313
3	1313	1282	1325
3	1305	1313	1339
3	1339	1313	1325
3	1135	1168	1174
3	1135	1174	1258
3	1174	1168	1192
3	1192	1168	1200
3	1258	1174	1299
3	1174	1192	1299
3	1258	1299	1322
3	1316	1219	1258
3	1316	1258	1322
3	1200	1249	1353
3	1350	1291	1304
3	1305	1339	1407
3	1339	1252	1430
3	1339	1430	1407
3	1343	1192	1353
3	1192	1200	1353
3	1249	1310	1353
3	1322	1299	1343
3	1299	1192	1343
3	1316	1322	1362
3	1250	1316	1362
3	1322	1343	1508
3	1353	1310	1464
3	1310	1305	1407
3	1322	1508	1362
3	1310	1407	1464
3	1484	1353	1464
3	1430	1362	1504
3	1362	1518	1504
3	1407	1430	1504
3	1362	1508	1518
3	1343	1484	1508
3	1464	1407	1504
3	1464	1504	1518
3	1484	1464	1518
3	1508	1484	1518
3	795	798	805
3	814	795	805
3	795	814	813
3	815	813	814
3	815	814	844
3	814	805	845
3	814	845	874
3	844	814	874
3	845	867	874
3	844	874	864
3	864	874	926
3	874	867	935
3	795	813	800
3	812	804	868
3	800	813	888
3	804	800	888
3	812	868	880
3	813	885	888
3	868	804	888
3	885	813	850
3	881	812	880
3	881	880	927
3	938	881	927
3	935	945	1024
3	935	1024	1052
3	1014	935	1052
3	935	867	945
3	864	926	984
3	926	874	935
3	926	935	1014
3	984	926	1014
3	984	1014	1048
3	1014	1052	1075
3	1047	1014	1076
3	1076	1014	1075
3	1048	1014	1047
3	1048	1047	1112
3	1047	1076	1112
3	1076	1075	1114
3	1112	1076	1114
3	880	868	927
3	868	888	927
3	888	885	997
3	938	927	1006
3	927	888	1006
3	1006	888	997
3	997	885	1032
3	885	995	1032
3	1032	995	1113
3	1059	1006	1095
3	1006	997	1095
3	997	1032	1085
3	1032	1113	1085
3	1081	1059	1095
3	997	1085	1095
3	1085	1113	1125
3	938	1006	1059
3	938	1059	1081
3	1051	938	1117
3	1117	938	1081
3	1054	1112	1154
3	1054	1048	1112
3	1075	1136	1114
3	1112	1114	1173
3	1154	1112	1173
3	1114	1136	1173
3	1113	1154	1173
3	1173	1136	1189
3	1095	1085	1152
3	1081	1095	1149
3	1149	1095	1152
3	1152	1085	1125
3	1125	1113	1173
3	1081	1149	1187
3	1152	1125	1173
3	1152	1173	1189
3	1081	1166	1117
3	1081	1187	1166
3	1343	1353	1484
3	843	815	844
3	815	843	850
3	843	844	864
3	813	815	850
3	843	864	899
3	850	843	925
3	843	899	925
3	899	864	984
3	925	899	955
3	850	925	975
3	955	899	984
3	1004	925	955
3	955	984	1054
3	1004	955	1096
3	955	1054	1096
3	984	1048	1054
3	995	1004	1096
3	885	850	975
3	885	975	995
3	975	925	1004
3	995	975	1004
3	1113	995	1096
3	1096	1054	1154
3	1113	1096	1154
3	146	156	157
3	151	169	168
3	136	151	168
3	146	136	156
3	136	168	156
3	136	111	151
3	111	133	151
3	115	133	111
3	132	136	146
3	115	100	133
3	132	111	136
3	93	111	132
3	147	134	148
3	134	146	148
3	127	134	147
3	134	103	146
3	103	132	146
3	99	103	134
3	127	99	134
3	142	159	172
3	150	142	172
3	142	147	159
3	128	142	150
3	127	147	142
3	128	127	142
3	76	97	108
3	76	72	97
3	76	43	72
3	43	33	72
3	76	108	100
3	86	100	115
3	79	76	100
3	79	100	86
3	59	79	86
3	43	76	79
3	59	43	79
3	60	59	86
3	59	40	43
3	111	92	115
3	84	93	132
3	103	84	132
3	93	92	111
3	92	86	115
3	73	92	93
3	84	73	93
3	48	73	84
3	60	86	92
3	73	60	92
3	65	48	84
3	48	60	73
3	60	40	59
3	99	84	103
3	78	84	99
3	78	65	84
3	40	23	43
3	48	40	60
3	65	29	48
3	29	40	48
3	1903	1891	1912
3	1904	1893	1903
3	1892	1893	1904
3	1888	1903	1893
3	1888	1891	1903
3	1888	1882	1891
3	1861	1867	1888
3	1859	1861	1888
3	1893	1880	1888
3	1892	1876	1893
3	1883	1876	1892
3	1876	1880	1893
3	1880	1859	1888
3	1866	1876	1883
3	1876	1855	1880
3	1855	1859	1880
3	1866	1855	1876
3	1859	1839	1861
3	1834	1837	1839
3	1823	1837	1834
3	1823	1824	1837
3	1823	1810	1824
3	1827	1834	1835
3	1827	1823	1834
3	1825	1816	1827
3	1827	1813	1823
3	1812	1813	1827
3	1816	1812	1827
3	1813	1810	1823
3	1810	1805	1824
3	1810	1799	1805
3	1800	1810	1813
3	1800	1799	1810
3	1782	1805	1799
3	1793	1791	1800
3	1791	1799	1800
3	1791	1780	1799
3	1768	1780	1791
3	1811	1816	1825
3	1804	1812	1816
3	1811	1804	1816
3	1803	1804	1811
3	1804	1794	1812
3	1812	1800	1813
3	1794	1800	1812
3	1803	1775	1804
3	1794	1793	1800
3	1775	1794	1804
3	1763	1794	1775
3	1768	1793	1794
3	1768	1791	1793
3	1730	1763	1775
3	1768	1794	1763
3	1599	1529	1600
3	1706	1718	1732
3	1718	1708	1732
3	1663	1701	1718
3	1650	1718	1706
3	1678	1706	1715
3	1599	1650	1706
3	1678	1599	1706
3	1650	1663	1718
3	1650	1613	1663
3	1613	1637	1663
3	1599	1613	1650
3	1600	1559	1637
3	1613	1600	1637
3	1599	1600	1613
3	1743	1782	1799
3	1780	1743	1799
3	1768	1726	1780
3	1732	1743	1780
3	1726	1732	1780
3	1713	1715	1726
3	1726	1715	1732
3	1706	1732	1715
3	1732	1708	1743
3	1763	1712	1768
3	1702	1712	1763
3	1712	1726	1768
3	1726	1690	1713
3	1730	1702	1763
3	1712	1690	1726
3	1674	1702	1730
3	1702	1690	1712
3	1674	1684	1702
3	1684	1690	1702
3	1775	1785	1788
3	1730	1775	1788
3	1681	1730	1788
3	1681	1674	1730
3	1657	1674	1681
3	1651	1684	1674
3	1657	1651	1674
3	1651	1631	1684
3	1657	1603	1651
3	1586	1603	1657
3	1603	1569	1651
3	1586	1560	1603
3	1560	1569	1603
3	1509	1560	1586
3	1688	1628	1694
3	1648	1688	1665
3	1648	1665	1601
3	1601	1524	1648
3	1539	1628	1688
3	1581	1539	1688
3	1648	1581	1688
3	1758	1727	1750
3	1723	1727	1758
3	1688	1750	1727
3	1721	1723	1758
3	1688	1694	1750
3	1723	1645	1727
3	1727	1665	1688
3	1601	1665	1727
3	1711	1723	1721
3	1645	1601	1727
3	1711	1645	1723
3	1527	1601	1645
3	1527	1645	1711
3	1747	1721	1758
3	1626	1611	1721
3	1611	1711	1721
3	1626	1607	1611
3	1695	1626	1721
3	1616	1626	1695
3	1616	1695	1677
3	1616	1594	1626
3	1594	1607	1626
3	1566	1594	1616
3	1635	1616	1677
3	1664	1635	1683
3	1615	1566	1635
3	1566	1616	1635
3	1499	1615	1635
3	1580	1499	1635
3	1501	1566	1615
3	1624	1754	1776
3	1647	1624	1776
3	1664	1717	1754
3	1624	1664	1754
3	1580	1664	1624
3	1580	1635	1664
3	1624	1584	1580
3	1584	1546	1580
3	1534	1584	1624
3	1751	1704	1776
3	1704	1647	1776
3	1620	1647	1704
3	1602	1647	1620
3	1534	1624	1647
3	1602	1534	1647
3	1749	1704	1751
3	1734	1704	1749
3	1620	1704	1734
3	1666	1675	1734
3	1675	1620	1734
3	1666	1548	1675
3	1548	1620	1675
3	1548	1602	1620
3	1659	1652	1722
3	1652	1563	1666
3	1563	1652	1659
3	1563	1548	1666
3	1595	1563	1659
3	1595	1544	1563
3	1719	1654	1659
3	1654	1583	1659
3	1583	1595	1659
3	1592	1564	1654
3	1564	1583	1654
3	1523	1595	1583
3	1383	1442	1456
3	1403	1383	1456
3	1403	1364	1383
3	1324	1364	1403
3	1600	1530	1559
3	1526	1600	1529
3	1526	1530	1600
3	1403	1526	1529
3	1456	1530	1526
3	1456	1442	1530
3	1403	1456	1526
3	1465	1569	1560
3	1509	1465	1560
3	1448	1474	1482
3	1395	1465	1509
3	1474	1395	1509
3	1648	1535	1581
3	1524	1535	1648
3	1581	1514	1539
3	1566	1545	1594
3	1499	1501	1615
3	1534	1378	1584
3	1602	1471	1534
3	1548	1471	1602
3	1595	1507	1544
3	1563	1511	1548
3	1523	1583	1564
3	147	155	175
3	148	146	157
3	1724	1715	1713
3	1684	1679	1690
3	1631	1679	1684
3	1651	1591	1631
3	1569	1591	1651
3	1527	1541	1601
3	1549	1527	1711
3	1549	1711	1611
3	1506	1529	1599
3	165	145	162
3	166	126	165
3	140	145	165
3	102	140	165
3	126	102	165
3	105	102	126
3	112	126	161
3	105	126	112
3	122	145	140
3	122	117	145
3	113	122	140
3	113	140	102
3	104	117	122
3	113	88	122
3	88	104	122
3	102	96	113
3	69	58	89
3	90	69	89
3	55	69	90
3	55	90	81
3	58	67	89
3	68	81	83
3	68	53	81
3	53	55	81
3	55	58	69
3	58	46	67
3	58	35	46
3	55	35	58
3	35	31	46
3	53	41	55
3	41	35	55
3	67	91	89
3	91	75	98
3	51	75	91
3	67	51	91
3	56	51	67
3	46	56	67
3	54	53	68
3	54	41	53
3	75	70	109
3	52	70	75
3	51	52	75
3	109	70	112
3	70	87	112
3	74	87	70
3	52	74	70
3	36	32	52
3	105	85	102
3	87	85	105
3	87	105	112
3	63	96	102
3	85	63	102
3	63	64	96
3	74	85	87
3	74	63	85
3	42	64	63
3	42	61	64
3	45	42	63
3	42	28	61
3	28	50	61
3	44	50	28
3	96	88	113
3	64	88	96
3	64	61	88
3	35	17	31
3	41	17	35
3	16	41	54
3	12	16	54
3	16	17	41
3	16	14	17
3	11	14	16
3	12	11	16
3	5	11	12
3	8	5	12
3	11	0	10
3	5	1	11
3	1	0	11
3	7	32	36
3	7	13	32
3	7	3	13
3	15	22	24
3	8	12	22
3	15	4	22
3	13	4	15
3	4	8	22
3	3	4	13
3	4	5	8
3	2	3	7
3	2	1	5
3	4	2	5
3	3	2	4
3	13	26	32
3	26	20	28
3	20	21	28
3	13	19	26
3	13	15	19
3	24	19	15
3	19	20	26
3	26	42	45
3	28	30	44
3	26	28	42
3	21	30	28
3	1983	1998	1988
3	1978	1983	1988
3	1991	1988	1998
3	1998	1984	1991
3	1991	1985	1988
3	1987	1991	1992
3	1963	1984	1998
3	1989	1987	1992
3	1971	1994	1992
3	1984	1992	1991
3	1971	1986	1994
3	1994	1989	1992
3	1987	1985	1991
3	1969	1993	1980
3	1993	1990	1980
3	1993	1986	1990
3	1994	1986	1989
3	1986	1993	1989
3	1993	1976	1989
3	1965	1958	1982
3	1958	1968	1982
3	1977	1988	1985
3	1983	1964	1998
3	1977	1978	1988
3	1979	1977	1985
3	1981	1964	1983
3	1982	1981	1978
3	1978	1981	1983
3	1982	1978	1965
3	1966	1981	1982
3	1977	1965	1978
3	1966	1964	1981
3	1967	1965	1977
3	1982	1968	1966
3	1961	1967	1977
3	1953	1964	1966
3	1961	1960	1967
3	1960	1965	1967
3	1968	1953	1966
3	1960	1958	1965
3	1968	1945	1953
3	1984	1971	1992
3	1964	1963	1998
3	1975	1985	1987
3	1975	1979	1985
3	1954	1971	1984
3	1963	1954	1984
3	1953	1963	1964
3	1953	1954	1963
3	1971	1980	1990
3	1971	1990	1986
3	1976	1987	1989
3	1969	1976	1993
3	1980	1962	1969
3	1976	1975	1987
3	1969	1956	1976
3	1971	1973	1980
3	1970	1962	1980
3	1973	1970	1980
3	1962	1949	1969
3	1949	1956	1969
3	1971	1954	1973
3	1944	1962	1970
3	1954	1947	1973
3	1973	1947	1970
3	1950	1968	1958
3	1952	1950	1958
3	1950	1945	1968
3	1943	1958	1960
3	1943	1952	1958
3	1955	1943	1960
3	1933	1950	1952
3	1945	1942	1953
3	1943	1933	1952
3	1933	1937	1950
3	1942	1931	1953
3	1937	1945	1950
3	1937	1932	1945
3	1932	1942	1945
3	1933	1932	1937
3	1918	1933	1943
3	1932	1914	1942
3	1917	1933	1918
3	1917	1932	1933
3	1938	1949	1962
3	1944	1938	1962
3	50	71	61
3	22	12	39
3	25	20	19
3	25	19	24
3	1974	1961	1977
3	1974	1977	1979
3	1956	1972	1976
3	1617	1555	1643
3	1708	1705	1743
3	1783	1714	1788
3	1714	1681	1788
3	1662	1767	1728
3	1662	1714	1767
3	1605	1714	1662
3	1605	1681	1714
3	1605	1657	1681
3	1605	1586	1657
3	1662	1582	1605
3	1574	1605	1582
3	1628	1687	1694
3	1539	1573	1628
3	1573	1567	1628
3	1742	1758	1750
3	1750	1694	1742
3	1710	1673	1772
3	1748	1731	1755
3	1707	1716	1746
3	1761	1746	1770
3	1753	1761	1786
3	1646	1753	1680
3	1621	1612	1669
3	1767	1789	1728
3	1676	1692	1738
3	1899	1884	1900
3	1206	1351	1396
3	1206	1381	1351
3	1488	1497	1570
3	1488	1570	1596
3	1556	1488	1596
3	1487	1519	1588
3	1565	1487	1588
3	1519	1556	1588
3	1502	1565	1542
3	1495	1542	1510
3	1477	1572	1575
3	1576	1503	1623
3	1503	1575	1623
3	1571	1525	1578
3	1538	1571	1618
3	1381	1369	1398
3	1369	1498	1398
3	1287	1206	1396
3	1351	1381	1424
3	1381	1398	1424
3	1287	1396	1410
3	1351	1424	1396
3	1396	1446	1410
3	1446	1396	1485
3	1396	1424	1485
3	1494	1410	1446
3	1446	1485	1528
3	1577	1494	1446
3	1558	1478	1577
3	1478	1494	1577
3	1446	1528	1582
3	1446	1582	1577
3	1255	1466	1233
3	1349	1233	1466
3	1255	1401	1466
3	1401	1533	1466
3	1555	1466	1533
3	1466	1555	1540
3	1247	1255	1233
3	1553	1562	1579
3	1579	1562	1668
3	1562	1710	1668
3	1562	1561	1710
3	1668	1710	1772
3	1772	1765	1766
3	1772	1779	1668
3	1766	1744	1790
3	1480	1512	1597
3	1480	1597	1627
3	1516	1480	1627
3	1641	1627	1597
3	1627	1641	1630
3	1597	1644	1641
3	1630	1641	1716
3	1716	1641	1731
3	1641	1644	1744
3	1716	1731	1748
3	1641	1744	1731
3	1755	1731	1764
3	1731	1744	1766
3	1764	1731	1766
3	1765	1764	1766
3	1570	1516	1627
3	1556	1596	1640
3	1596	1570	1630
3	1570	1627	1630
3	1596	1630	1640
3	1622	1640	1697
3	1707	1630	1716
3	1640	1630	1707
3	1697	1640	1707
3	1697	1707	1746
3	1761	1697	1746
3	1565	1588	1622
3	1588	1556	1640
3	1588	1640	1622
3	1565	1622	1633
3	1565	1633	1646
3	1633	1622	1709
3	1622	1697	1709
3	1709	1697	1761
3	1633	1709	1753
3	1753	1709	1761
3	1542	1565	1646
3	1632	1542	1646
3	1612	1632	1646
3	1680	1612	1646
3	1646	1633	1753
3	1572	1510	1621
3	1510	1612	1621
3	1510	1542	1632
3	1510	1632	1612
3	1575	1572	1623
3	1578	1576	1619
3	1576	1623	1667
3	1619	1576	1667
3	1623	1572	1660
3	1571	1578	1655
3	1578	1619	1655
3	1696	1655	1619
3	1619	1667	1720
3	1618	1571	1655
3	1577	1582	1625
3	1625	1582	1662
3	1577	1625	1691
3	1625	1662	1728
3	1691	1625	1728
3	1558	1577	1693
3	1636	1558	1693
3	1693	1577	1691
3	1745	1693	1691
3	1686	1608	1752
3	1608	1693	1752
3	1693	1745	1752
3	1784	1745	1691
3	1642	1589	1740
3	1735	1642	1774
3	1735	1774	1778
3	1740	1686	1769
3	1686	1752	1769
3	1642	1740	1774
3	1774	1740	1769
3	1778	1774	1787
3	1533	1401	1629
3	1401	1551	1629
3	1551	1589	1642
3	1555	1533	1629
3	1692	1555	1629
3	1676	1555	1692
3	1629	1551	1735
3	1551	1642	1735
3	1692	1629	1735
3	1692	1735	1778
3	1773	1692	1778
3	1736	1668	1779
3	1772	1766	1779
3	1736	1779	1792
3	1779	1766	1790
3	1691	1728	1784
3	1728	1789	1784
3	1784	1789	1809
3	1789	1817	1809
3	1809	1817	1818
3	1752	1796	1769
3	1752	1745	1796
3	1745	1784	1798
3	1796	1745	1814
3	1745	1798	1814
3	1798	1784	1809
3	1796	1808	1807
3	1796	1814	1808
3	1807	1808	1831
3	1798	1809	1818
3	1787	1774	1797
3	1774	1769	1797
3	1778	1787	1801
3	1787	1797	1801
3	1769	1796	1797
3	1797	1796	1807
3	1778	1801	1806
3	1801	1797	1820
3	1797	1807	1820
3	1822	1806	1801
3	1817	1828	1818
3	1818	1828	1832
3	1830	1818	1832
3	1830	1832	1852
3	1851	1830	1852
3	1830	1851	1849
3	1851	1852	1856
3	1858	1849	1851
3	1808	1814	1831
3	1814	1798	1829
3	1814	1829	1831
3	1798	1818	1829
3	1818	1830	1829
3	1831	1829	1833
3	1829	1830	1838
3	1833	1829	1838
3	1833	1838	1849
3	1833	1849	1848
3	1831	1833	1848
3	1838	1830	1849
3	1848	1849	1862
3	1854	1848	1860
3	1849	1858	1862
3	1860	1848	1862
3	1854	1860	1865
3	1865	1860	1878
3	1801	1820	1822
3	1807	1831	1820
3	1820	1831	1841
3	1841	1831	1843
3	1847	1822	1846
3	1822	1820	1846
3	1820	1841	1846
3	1843	1831	1848
3	1841	1843	1853
3	1843	1848	1854
3	1846	1841	1853
3	1853	1843	1854
3	1847	1846	1863
3	1846	1853	1863
3	1853	1854	1865
3	1863	1853	1871
3	1851	1856	1872
3	1851	1872	1858
3	1874	1858	1877
3	1872	1856	1873
3	1877	1858	1872
3	1877	1872	1897
3	1873	1856	1869
3	1897	1872	1873
3	1860	1862	1878
3	1862	1858	1874
3	1862	1874	1878
3	1885	1865	1878
3	1878	1887	1997
3	1864	1847	1863
3	1863	1871	1870
3	1853	1865	1875
3	1871	1853	1875
3	1881	1875	1865
3	1871	1875	1889
3	1871	1889	1886
3	1870	1871	1886
3	1885	1881	1865
3	1886	1889	1895
3	1875	1881	1885
3	1898	1875	1885
3	1864	1863	1870
3	1879	1870	1884
3	1884	1870	1886
3	1873	1869	1901
3	1887	1877	1897
3	1897	1873	1901
3	1901	1869	1902
3	1902	1906	1901
3	1897	1901	1909
3	1909	1901	1906
3	1916	1897	1909
3	1909	1906	1927
3	1906	1923	1927
3	1916	1909	1927
3	1886	1895	1900
3	1884	1886	1900
3	1889	1898	1895
3	1900	1895	1910
3	1900	1910	1917
3	1895	1898	1910
3	1898	1914	1910
3	1910	1914	1932
3	1917	1910	1932
3	1916	1927	1929
3	1921	1929	1924
3	1927	1923	1930
3	1929	1927	1938
3	1927	1930	1938
3	1929	1938	1944
3	1929	1944	1947
3	1924	1929	1947
3	1938	1930	1949
3	1924	1947	1954
3	1949	1930	1956
3	1947	1944	1970
3	1931	1946	1954
3	1931	1954	1953
3	1687	1698	1742
3	1694	1687	1742
3	1687	1610	1698
3	1618	1655	1698
3	1628	1610	1687
3	1610	1618	1698
3	1567	1610	1628
3	1567	1538	1610
3	1610	1538	1618
3	1567	1447	1538
3	1759	1758	1742
3	1759	1733	1758
3	1733	1747	1758
3	1720	1759	1742
3	1742	1696	1720
3	1720	1733	1759
3	1619	1720	1696
3	1698	1696	1742
3	1698	1655	1696
3	1733	1695	1747
3	1667	1733	1720
3	1729	1689	1733
3	1667	1729	1733
3	1689	1695	1733
3	1685	1695	1689
3	1623	1689	1729
3	1685	1677	1695
3	1667	1623	1729
3	1623	1660	1689
3	1682	1677	1685
3	1660	1685	1689
3	1682	1669	1683
3	1683	1635	1682
3	1682	1635	1677
3	1669	1682	1685
3	1621	1669	1685
3	1660	1621	1685
3	1660	1572	1621
3	1680	1753	1771
3	1754	1717	1756
3	1756	1680	1771
3	1669	1680	1756
3	1717	1669	1756
3	1669	1612	1680
3	1683	1669	1717
3	1761	1770	1786
3	1751	1781	1760
3	1749	1751	1760
3	1746	1760	1770
3	1716	1760	1746
3	1734	1749	1760
3	1716	1741	1760
3	1741	1734	1760
3	1716	1748	1741
3	1762	1755	1764
3	1765	1762	1764
3	1737	1755	1762
3	1748	1737	1741
3	1737	1748	1755
3	1666	1734	1741
3	1737	1666	1741
3	1722	1652	1737
3	1652	1666	1737
3	1765	1757	1762
3	1757	1719	1762
3	1722	1737	1762
3	1673	1757	1765
3	1772	1673	1765
3	1673	1719	1757
3	1719	1722	1762
3	1638	1592	1673
3	1592	1654	1673
3	1561	1673	1710
3	1561	1638	1673
3	1638	1564	1592
3	1513	1638	1561
3	1513	1564	1638
3	1288	1349	1453
3	1383	1413	1442
3	1288	1413	1383
3	1315	1349	1288
3	1554	1453	1540
3	1559	1530	1554
3	1530	1413	1554
3	1413	1453	1554
3	1453	1349	1540
3	1349	1466	1540
3	1442	1413	1530
3	1288	1453	1413
3	1582	1528	1574
3	1574	1586	1605
3	1509	1586	1574
3	1528	1485	1574
3	1485	1492	1574
3	1492	1509	1574
3	1492	1474	1509
3	1424	1486	1492
3	1424	1492	1485
3	1472	1486	1424
3	1486	1472	1490
3	1486	1474	1492
3	1490	1474	1486
3	1490	1539	1514
3	1444	1498	1539
3	1490	1444	1539
3	1490	1472	1444
3	1472	1398	1444
3	1424	1398	1472
3	1398	1498	1444
3	1498	1567	1573
3	1498	1573	1539
3	1498	1447	1567
3	1321	1342	1380
3	1365	1321	1380
3	1358	1321	1365
3	1417	1429	1473
3	1462	1417	1473
3	1429	1380	1414
3	1417	1380	1429
3	1380	1342	1414
3	1404	1408	1412
3	1408	1404	1417
3	1368	1408	1388
3	1404	1380	1417
3	1365	1380	1404
3	1513	1493	1564
3	1411	1493	1513
3	1421	1493	1411
3	1443	1411	1513
3	1458	1417	1462
3	1388	1408	1417
3	1421	1417	1458
3	1388	1417	1421
3	1388	1421	1411
3	1053	1127	1128
3	1315	1233	1349
3	1288	1226	1315
3	1315	1216	1233
3	1196	1226	1288
3	1235	1216	1315
3	1226	1235	1315
3	1226	1216	1235
3	1128	1226	1196
3	1226	1127	1216
3	1128	1127	1226
3	1127	1053	1138
3	1044	1132	1145
3	1145	1132	1190
3	1142	1098	1106
3	1106	1104	1155
3	1165	1169	1194
3	1140	1999	1169
3	1156	1165	1183
3	1164	1140	1169
3	1165	1164	1169
3	1104	1164	1165
3	1156	1104	1165
3	1164	1104	1140
3	1155	1104	1156
3	1140	1104	1099
3	1261	1262	1271
3	1198	1242	1262
3	1261	1198	1262
3	1183	1198	1261
3	1198	1194	1242
3	1165	1194	1198
3	1183	1165	1198
3	1275	1242	1260
3	1242	1271	1262
3	1275	1271	1242
3	1275	1283	1271
3	1283	1210	1268
3	1210	1283	1275
3	1210	1275	1260
3	1210	1232	1268
3	1213	1210	1260
3	1232	1273	1300
3	1232	1246	1273
3	1246	1212	1319
3	1211	1243	1319
3	1212	1211	1319
3	1212	1246	1232
3	1210	1212	1232
3	1212	1210	1211
3	1211	1210	1213
3	1321	1319	1342
3	1273	1321	1358
3	1246	1321	1273
3	1246	1319	1321
3	1053	1007	1138
3	1009	930	1053
3	930	905	1053
3	953	930	1009
3	1009	1053	1128
3	996	1009	1128
3	930	842	905
3	1995	930	953
3	1060	1066	1087
3	1087	1066	1098
3	1066	1077	1098
3	1001	990	1044
3	1066	1001	1044
3	1001	982	990
3	1012	982	1066
3	982	1001	1066
3	907	898	982
3	970	907	982
3	990	982	898
3	934	911	970
3	911	875	970
3	1077	1104	1106
3	1031	965	1050
3	1077	1079	1104
3	1149	1152	1189
3	1079	1099	1104
3	1079	1044	1145
3	1098	1077	1106
3	1079	1145	1099
3	1066	1044	1077
3	1695	1721	1747
3	1664	1683	1717
3	1659	1722	1719
3	1673	1654	1719
3	1482	1490	1514
3	1260	1242	1289
3	1242	1194	1289
3	990	1043	1044
3	898	907	921
3	872	1995	953
3	1995	842	930
3	777	842	1995
3	716	650	777
3	777	689	842
3	689	777	707
3	707	777	650
3	875	907	970
3	230	278	360
3	829	860	875
3	875	869	907
3	860	869	875
3	860	851	869
3	1140	1145	1190
3	848	841	869
3	841	809	921
3	849	841	848
3	841	769	809
3	849	769	841
3	851	848	869
3	851	802	847
3	851	847	848
3	847	849	848
3	808	849	847
3	780	808	847
3	799	802	851
3	802	780	847
3	799	757	802
3	776	780	802
3	757	776	802
3	757	729	776
3	765	718	776
3	729	765	776
3	718	780	776
3	730	711	724
3	725	711	730
3	752	718	765
3	729	752	765
3	724	711	752
3	711	718	752
3	743	752	729
3	752	743	724
3	743	671	724
3	710	730	724
3	724	714	710
3	710	636	730
3	652	710	714
3	671	645	724
3	645	714	724
3	630	707	650
3	630	689	707
3	630	560	689
3	650	640	630
3	594	630	640
3	550	560	630
3	594	550	630
3	498	550	594
3	448	560	550
3	544	569	450
3	448	450	560
3	448	550	498
3	544	463	569
3	510	460	518
3	540	489	490
3	487	460	510
3	460	540	518
3	487	447	460
3	435	489	540
3	494	562	602
3	540	490	602
3	490	494	602
3	494	500	562
3	500	546	562
3	489	494	490
3	500	486	546
3	494	502	500
3	444	486	500
3	485	444	500
3	470	444	485
3	662	652	714
3	645	662	714
3	652	636	710
3	652	633	636
3	633	577	636
3	570	633	652
3	589	577	633
3	570	589	633
3	504	589	570
3	589	521	577
3	521	475	577
3	504	521	589
3	524	542	521
3	472	475	521
3	532	521	542
3	519	521	532
3	519	472	521
3	439	472	519
3	496	519	532
3	488	496	511
3	496	439	519
3	368	439	496
3	488	368	496
3	382	368	488
3	417	450	448
3	544	396	463
3	429	396	544
3	450	417	544
3	349	429	544
3	417	349	544
3	349	306	429
3	392	349	417
3	306	396	429
3	340	396	306
3	302	306	349
3	306	244	340
3	253	244	306
3	253	306	302
3	240	217	302
3	217	253	302
3	253	193	244
3	447	372	460
3	372	380	435
3	308	372	447
3	337	380	372
3	308	317	372
3	317	337	372
3	324	375	380
3	324	380	337
3	263	324	337
3	317	263	337
3	263	259	324
3	308	213	317
3	222	263	317
3	213	222	317
3	460	372	540
3	372	435	540
3	492	419	512
3	486	420	492
3	427	444	470
3	444	427	420
3	444	420	486
3	420	419	492
3	370	427	430
3	348	420	427
3	420	348	419
3	348	427	370
3	348	310	419
3	316	310	348
3	316	289	310
3	289	328	310
3	285	289	316
3	285	280	289
3	289	299	328
3	281	299	289
3	281	291	299
3	291	281	288
3	280	281	289
3	281	280	283
3	331	352	397
3	331	327	352
3	320	331	379
3	321	336	327
3	301	321	327
3	288	327	331
3	320	288	331
3	288	301	327
3	291	288	320
3	397	352	395
3	352	343	395
3	343	367	395
3	284	364	367
3	336	343	327
3	327	343	352
3	343	284	367
3	336	335	343
3	335	284	343
3	315	284	335
3	284	276	364
3	234	284	315
3	262	234	315
3	234	276	284
3	234	236	276
3	472	421	475
3	439	421	472
3	341	368	382
3	368	271	230
3	271	368	341
3	216	271	341
3	216	214	271
3	217	207	253
3	189	193	253
3	195	189	253
3	207	195	253
3	199	207	217
3	156	195	207
3	178	189	195
3	182	156	207
3	168	178	195
3	156	168	195
3	169	180	178
3	157	156	182
3	188	194	197
3	190	194	188
3	150	188	200
3	188	181	190
3	150	172	188
3	172	181	188
3	159	181	172
3	181	159	175
3	197	259	263
3	213	200	222
3	222	197	263
3	200	197	222
3	188	197	200
3	236	242	276
3	228	234	262
3	234	228	236
3	242	236	249
3	236	229	249
3	219	228	243
3	228	229	236
3	229	228	219
3	219	243	225
3	227	237	251
3	248	227	251
3	227	248	249
3	229	227	249
3	218	225	239
3	218	219	225
3	219	227	229
3	219	218	227
3	254	237	245
3	227	218	237
3	226	237	254
3	237	218	245
3	237	241	251
3	226	233	237
3	237	233	241
3	214	231	271
3	231	233	226
3	168	169	178
3	716	777	1995
3	718	676	780
3	636	649	730
3	730	649	725
3	498	594	640
3	417	448	498
3	502	485	500
3	577	452	636
3	430	427	470
3	316	348	370
3	288	281	283
3	243	228	269
3	239	225	252
3	159	147	175
3	1141	1175	1244
3	1141	1157	1175
3	1157	1097	1175
3	1108	1157	1141
3	1108	1086	1157
3	1086	1100	1157
3	1100	1097	1157
3	1338	1223	1281
3	1281	1239	1355
3	1239	1257	1355
3	1239	1221	1230
3	1239	1230	1257
3	1221	1239	1281
3	1223	1221	1281
3	977	1101	1067
3	977	1035	1101
3	1022	977	1067
3	1035	924	1049
3	924	1035	977
3	924	944	1049
3	940	1094	1202
3	785	879	940
3	971	973	1058
3	973	940	1202
3	125	135	149
3	114	116	123
3	121	123	131
3	83	81	114
3	215	250	264
3	165	162	176
3	161	166	173
3	173	166	174
3	598	556	566
3	468	508	467
3	587	467	607
3	736	762	806
3	733	625	634
3	681	750	755
3	1010	917	1036
3	98	75	109
3	89	91	106
3	106	91	98
3	81	90	116
3	90	89	106
3	161	126	166
3	166	165	174
3	109	112	138
3	138	112	161
3	138	161	173
3	144	160	158
3	160	138	173
3	98	109	130
3	129	98	130
3	131	129	130
3	135	125	131
3	135	131	130
3	125	121	131
3	109	138	144
3	135	130	144
3	130	109	144
3	149	135	144
3	149	144	158
3	106	98	124
3	124	98	129
3	116	119	123
3	106	124	119
3	123	119	131
3	124	129	131
3	119	124	131
3	114	81	116
3	90	106	116
3	106	119	116
3	205	211	206
3	206	211	208
3	205	206	255
3	255	206	212
3	255	212	221
3	205	255	267
3	211	205	274
3	208	211	215
3	215	211	250
3	250	211	274
3	177	160	173
3	267	255	295
3	255	221	295
3	274	205	267
3	267	313	329
3	295	221	319
3	305	274	329
3	267	295	313
3	274	267	329
3	313	295	319
3	319	221	355
3	394	313	405
3	313	319	405
3	305	329	431
3	405	319	355
3	393	312	394
3	329	393	431
3	431	393	445
3	405	355	553
3	393	394	445
3	250	274	286
3	264	250	286
3	286	274	305
3	286	305	431
3	323	353	451
3	394	405	473
3	394	473	445
3	473	405	553
3	482	445	580
3	598	553	556
3	580	445	598
3	538	482	566
3	553	598	473
3	445	473	598
3	482	580	566
3	580	598	566
3	431	445	482
3	576	611	624
3	624	611	715
3	715	611	656
3	715	656	736
3	508	469	572
3	469	576	572
3	508	572	590
3	572	576	624
3	590	572	660
3	572	624	660
3	696	590	660
3	660	624	715
3	467	508	523
3	508	590	523
3	523	590	467
3	467	590	607
3	607	590	699
3	695	607	699
3	587	607	643
3	643	607	695
3	543	493	638
3	543	638	654
3	642	543	654
3	638	732	654
3	692	654	698
3	642	654	688
3	688	654	692
3	642	688	667
3	688	692	702
3	688	702	703
3	667	688	703
3	681	642	667
3	575	667	703
3	619	507	575
3	619	575	653
3	575	568	658
3	575	658	661
3	667	575	661
3	575	507	484
3	575	484	568
3	568	509	745
3	745	509	670
3	846	856	870
3	870	856	882
3	806	690	846
3	846	870	914
3	806	846	914
3	859	806	914
3	870	903	914
3	715	736	760
3	760	736	859
3	736	806	859
3	833	760	859
3	715	760	824
3	760	833	824
3	833	859	928
3	696	660	715
3	696	715	839
3	831	696	839
3	715	824	839
3	782	696	831
3	831	839	893
3	839	824	893
3	699	590	696
3	782	699	696
3	695	699	782
3	773	695	782
3	782	831	896
3	773	782	897
3	782	896	897
3	816	773	897
3	643	695	634
3	733	634	756
3	732	625	733
3	695	773	816
3	634	695	816
3	771	733	828
3	828	733	756
3	756	634	816
3	756	816	918
3	918	816	897
3	828	756	915
3	954	834	915
3	834	828	915
3	692	698	712
3	771	732	733
3	654	732	771
3	712	698	747
3	698	654	771
3	698	771	793
3	747	698	793
3	793	771	834
3	834	771	828
3	793	834	827
3	653	575	722
3	575	703	722
3	667	661	681
3	681	661	750
3	658	568	744
3	568	745	744
3	750	661	658
3	750	658	786
3	786	658	744
3	744	745	781
3	745	742	781
3	744	781	817
3	781	742	822
3	786	744	817
3	817	781	836
3	781	822	836
3	873	786	817
3	817	836	884
3	836	822	884
3	745	670	742
3	1010	1036	1071
3	870	882	983
3	870	983	903
3	1010	882	917
3	882	1010	983
3	1123	983	1092
3	1010	1071	1092
3	859	914	998
3	998	914	1017
3	914	903	1017
3	1017	903	983
3	1017	983	1123
3	998	1017	1111
3	916	973	971
3	912	916	971
3	916	825	973
3	825	759	973
3	759	940	973
3	1108	1015	1086
3	1086	1074	1100
3	1074	1090	1100
3	1097	1030	1058
3	1030	1097	1100
3	1057	1030	1100
3	1057	1100	1090
3	1086	1033	1074
3	1033	1086	1015
3	1030	971	1058
3	1008	971	1030
3	1008	1030	1057
3	974	1008	1057
3	974	906	1008
3	912	971	1008
3	906	912	1008
3	1090	1074	1065
3	1074	1039	1065
3	1020	1039	1074
3	1033	1020	1074
3	985	1020	1033
3	1015	985	1033
3	978	985	1015
3	985	942	1020
3	894	985	978
3	933	894	978
3	894	889	942
3	933	858	894
3	862	778	924
3	924	778	944
3	892	862	977
3	862	924	977
3	720	778	862
3	778	678	737
3	720	749	778
3	749	678	778
3	647	678	749
3	647	749	720
3	719	677	775
3	759	785	940
3	759	768	785
3	768	682	785
3	759	680	768
3	635	719	682
3	861	916	912
3	825	784	759
3	861	825	916
3	784	825	705
3	680	759	784
3	705	680	784
3	599	680	705
3	906	861	912
3	891	837	906
3	866	837	891
3	876	866	891
3	837	861	906
3	858	837	866
3	705	825	861
3	717	837	858
3	837	705	861
3	727	705	837
3	717	727	837
3	717	631	727
3	609	705	727
3	631	717	684
3	866	894	858
3	876	889	894
3	866	876	894
3	889	876	891
3	647	608	678
3	527	608	647
3	615	647	720
3	615	561	647
3	561	527	647
3	561	530	527
3	491	530	561
3	491	456	530
3	432	527	530
3	456	432	530
3	410	456	491
3	438	515	573
3	438	464	515
3	646	677	719
3	597	677	646
3	597	533	677
3	533	573	677
3	533	462	573
3	514	533	597
3	471	462	533
3	438	573	462
3	404	462	471
3	680	682	768
3	635	646	719
3	635	682	680
3	579	635	680
3	579	563	635
3	635	563	646
3	563	597	646
3	563	514	597
3	599	579	680
3	609	599	705
3	535	579	599
3	571	599	609
3	571	480	599
3	609	727	631
3	606	609	631
3	479	631	684
3	606	571	609
3	479	606	631
3	537	571	606
3	537	480	571
3	483	537	606
3	449	483	606
3	584	479	684
3	552	584	659
3	552	479	584
3	479	449	606
3	449	479	552
3	481	449	552
3	481	552	418
3	402	410	491
3	410	378	456
3	374	432	456
3	387	378	410
3	402	387	410
3	378	374	456
3	350	378	387
3	369	402	424
3	366	402	369
3	402	366	387
3	376	356	369
3	366	350	387
3	356	366	369
3	356	322	366
3	322	350	366
3	311	322	356
3	408	407	376
3	388	407	414
3	369	408	376
3	377	376	407
3	377	407	388
3	371	377	388
3	377	356	376
3	371	332	377
3	311	356	377
3	438	414	464
3	398	414	438
3	398	388	414
3	398	371	388
3	404	438	462
3	404	398	438
3	358	483	449
3	358	391	483
3	365	449	481
3	325	358	449
3	1552	1587	1606
3	1547	1536	1606
3	1536	1552	1606
3	1550	1547	1609
3	1590	1550	1609
3	1341	1354	1434
3	1552	1481	1598
3	1415	1356	1552
3	1356	1481	1552
3	1481	1341	1434
3	1415	1371	1356
3	1356	1341	1481
3	1371	1308	1356
3	1356	1205	1341
3	1547	1415	1536
3	1536	1415	1552
3	1475	1415	1547
3	1371	1415	1475
3	1543	1590	1593
3	1590	1543	1550
3	1475	1547	1550
3	1409	1475	1550
3	1543	1409	1550
3	1360	1543	1496
3	1360	1409	1543
3	1460	1593	1568
3	1460	1543	1593
3	1460	1496	1543
3	1496	1460	1360
3	1460	1382	1360
3	1445	1254	1460
3	1382	1272	1360
3	1320	1254	1445
3	1254	1382	1460
3	1254	1267	1382
3	1320	1218	1254
3	1103	1067	1101
3	1302	1354	1341
3	1205	1302	1341
3	1302	1103	1354
3	1103	1256	1354
3	1197	1302	1205
3	1302	1181	1103
3	1197	1181	1302
3	1139	1181	1197
3	1091	1139	1197
3	1181	1139	1103
3	1139	1040	1103
3	1265	1356	1308
3	1265	1205	1356
3	1267	1272	1382
3	1267	1144	1272
3	1254	1177	1267
3	1177	1144	1267
3	1218	1177	1254
3	1131	1177	1218
3	1025	1144	1177
3	1025	1027	1144
3	1131	1025	1177
3	1214	1218	1320
3	1214	1129	1218
3	1129	1131	1218
3	1129	1042	1131
3	1005	1133	1159
3	1133	1005	1129
3	951	1022	1067
3	951	892	1022
3	892	977	1022
3	1040	1067	1103
3	1078	1040	1139
3	1040	951	1067
3	943	1040	1078
3	943	951	1040
3	788	951	943
3	967	1025	1042
3	1028	883	967
3	1028	811	883
3	883	863	967
3	1005	1042	1129
3	1042	1025	1131
3	1016	1005	1159
3	987	1016	1159
3	967	1042	1028
3	1028	1005	1016
3	1028	1042	1005
3	1094	987	1159
3	940	879	987
3	904	891	906
3	892	951	788
3	719	775	826
3	677	741	775
3	785	830	879
3	682	830	785
3	682	719	830
3	889	929	942
3	402	491	497
3	369	424	440
3	1409	1371	1475
3	943	895	788
3	220	171	260
3	171	220	209
3	171	213	260
3	213	179	200
3	171	179	213
3	192	171	209
3	179	150	200
3	141	179	171
3	242	249	268
3	249	248	258
3	251	246	265
3	246	215	264
3	241	215	246
3	241	208	215
3	210	214	216
3	212	210	216
3	210	223	214
3	223	208	241
3	210	208	223
3	206	208	210
3	206	210	212
3	121	114	123
3	110	114	121
3	154	152	170
3	149	158	170
3	152	149	170
3	152	120	149
3	120	125	149
3	137	152	154
3	137	120	152
3	137	97	120
3	101	121	125
3	120	95	125
3	101	110	121
3	95	101	125
3	97	95	120
3	164	154	170
3	163	164	180
3	137	154	164
3	163	137	164
3	153	143	192
3	167	145	153
3	162	145	167
3	145	117	153
3	117	143	153
3	139	143	117
3	117	104	118
3	94	107	118
3	104	94	118
3	141	150	179
3	139	141	171
3	192	139	171
3	143	139	192
3	128	150	141
3	117	118	139
3	139	118	141
3	118	128	141
3	128	118	107
3	127	128	107
3	80	114	110
3	101	80	110
3	80	83	114
3	80	68	83
3	57	68	80
3	57	54	68
3	39	54	57
3	77	101	95
3	66	77	95
3	97	66	95
3	77	80	101
3	57	80	77
3	72	66	97
3	66	57	77
3	33	66	72
3	38	57	66
3	33	38	66
3	38	39	57
3	44	65	49
3	50	44	49
3	82	94	104
3	88	82	104
3	94	78	99
3	82	78	94
3	88	61	82
3	61	71	82
3	49	78	82
3	49	65	78
3	71	49	82
3	50	49	71
3	12	54	39
3	24	22	38
3	33	24	38
3	38	22	39
3	23	24	33
3	29	25	23
3	23	25	24
3	44	30	65
3	30	29	65
3	25	29	30
3	21	20	25
3	21	25	30
3	1957	1961	1974
3	1957	1955	1961
3	1959	1979	1975
3	1959	1974	1979
3	1972	1959	1975
3	1951	1959	1972
3	1959	1957	1974
3	1972	1975	1976
3	1948	1972	1956
3	1948	1951	1972
3	1961	1955	1960
3	1940	1943	1955
3	1936	1940	1955
3	1940	1918	1943
3	1935	1918	1940
3	1935	1940	1936
3	1908	1918	1935
3	1913	1908	1935
3	1951	1957	1959
3	1951	1941	1957
3	1957	1936	1955
3	1948	1939	1951
3	1951	1939	1941
3	1941	1936	1957
3	1928	1939	1948
3	1934	1941	1939
3	1925	1936	1941
3	1934	1925	1941
3	1928	1934	1939
3	1925	1935	1936
3	1913	1935	1925
3	1920	1934	1928
3	1915	1913	1925
3	1930	1948	1956
3	1930	1928	1948
3	1918	1900	1917
3	1903	1912	1913
3	1899	1900	1918
3	1908	1899	1918
3	1912	1908	1913
3	1891	1908	1912
3	1894	1899	1908
3	1891	1894	1908
3	1894	1884	1899
3	1915	1925	1934
3	1915	1903	1913
3	1920	1915	1934
3	1904	1915	1920
3	1928	1930	1923
3	1920	1928	1923
3	1906	1920	1923
3	1906	1905	1920
3	1896	1904	1920
3	1905	1896	1920
3	1906	1902	1905
3	1896	1892	1904
3	1883	1892	1896
3	1890	1896	1905
3	1902	1890	1905
3	1864	1870	1879
3	1882	1894	1891
3	1894	1879	1884
3	1882	1879	1894
3	1864	1879	1882
3	1867	1864	1882
3	1850	1864	1867
3	1850	1847	1864
3	1869	1890	1902
3	1890	1883	1896
3	1869	1868	1890
3	1868	1866	1890
3	1869	1857	1868
3	1857	1855	1866
3	1857	1866	1868
3	1842	1850	1867
3	1861	1842	1867
3	1837	1842	1861
3	1842	1836	1850
3	1836	1847	1850
3	1836	1822	1847
3	1837	1819	1842
3	1819	1836	1842
3	1824	1819	1837
3	1815	1806	1836
3	1819	1815	1836
3	1806	1822	1836
3	1805	1819	1824
3	1844	1855	1857
3	1844	1845	1855
3	1844	1826	1835
3	1826	1825	1835
3	1811	1825	1826
3	1821	1811	1826
3	1856	1857	1869
3	1856	1852	1857
3	1840	1844	1857
3	1852	1840	1857
3	1832	1840	1852
3	1826	1844	1840
3	1832	1826	1840
3	1828	1826	1832
3	1821	1826	1828
3	1817	1821	1828
3	1795	1778	1806
3	1795	1773	1778
3	1738	1773	1795
3	1805	1815	1819
3	1795	1806	1815
3	1805	1795	1815
3	1782	1795	1805
3	1738	1795	1782
3	1743	1738	1782
3	1803	1811	1821
3	1817	1789	1821
3	1802	1803	1821
3	1789	1802	1821
3	1775	1803	1802
3	1785	1775	1802
3	1789	1783	1802
3	1783	1785	1802
3	1785	1783	1788
3	1776	1786	1781
3	1771	1786	1776
3	1770	1781	1786
3	1751	1776	1781
3	1637	1617	1649
3	1554	1617	1637
3	1559	1554	1637
3	1617	1540	1555
3	1705	1738	1743
3	1738	1692	1773
3	1705	1676	1738
3	1701	1705	1708
3	1701	1658	1705
3	1658	1676	1705
3	1663	1658	1701
3	1658	1643	1676
3	1649	1658	1663
3	1617	1658	1649
3	1643	1555	1676
3	1637	1649	1663
3	1658	1617	1643
3	1767	1714	1783
3	1789	1767	1783
3	1756	1771	1776
3	1754	1756	1776
3	1771	1753	1786
3	1781	1770	1760
3	1554	1540	1617
3	223	241	233
3	108	97	137
3	107	99	127
3	94	99	107
3	29	23	40
3	43	23	33
3	1904	1903	1915
3	1888	1867	1882
3	1866	1883	1890
3	1839	1837	1861
3	1845	1859	1855
3	1845	1839	1859
3	1845	1834	1839
3	1844	1834	1845
3	1835	1834	1844
3	1825	1827	1835
3	1701	1708	1718
3	1369	1447	1498
3	1369	1285	1447
3	1285	1436	1447
3	1203	1374	1436
3	1285	1203	1436
3	1436	1336	1447
3	1336	1538	1447
3	1470	1525	1571
3	1538	1470	1571
3	1336	1470	1538
3	1374	1336	1436
3	1336	1303	1470
3	1290	1336	1374
3	1217	1290	1374
3	1578	1468	1503
3	1525	1306	1578
3	1306	1468	1578
3	1470	1306	1525
3	1303	1251	1470
3	1251	1306	1470
3	1306	1393	1468
3	1224	1393	1306
3	1503	1576	1578
3	1503	1389	1575
3	1389	1477	1575
3	1393	1389	1503
3	1389	1416	1477
3	1468	1393	1503
3	1389	1326	1416
3	1123	1092	1143
3	1123	1143	1111
3	1180	1163	1185
3	1089	1102	1162
3	1287	1410	1379
3	1379	1307	1287
3	1379	1410	1494
3	1379	1494	1478
3	1551	1479	1589
3	1744	1777	1790
3	1644	1597	1699
3	1589	1686	1740
3	1779	1790	1792
3	1887	1878	1874
3	1885	1878	1907
3	824	833	893
3	833	952	893
3	922	897	896
3	897	922	950
3	915	756	918
3	873	817	884
3	884	822	909
3	1017	1123	1111
3	998	1111	1163
3	859	998	928
3	833	928	1073
3	1013	1073	928
3	928	998	1013
3	1013	998	1163
3	1073	1013	1130
3	1160	1073	1130
3	831	893	896
3	896	893	976
3	976	893	952
3	952	833	1073
3	976	952	994
3	976	994	1061
3	1029	976	1061
3	994	952	1073
3	1061	994	1153
3	1029	1061	1084
3	994	1073	1160
3	1084	1061	1153
3	918	897	950
3	918	950	993
3	896	976	922
3	993	950	1070
3	922	976	1029
3	950	922	1026
3	950	1026	1070
3	1026	922	1029
3	1026	1029	1083
3	1083	1029	1084
3	954	915	948
3	915	918	993
3	948	915	1037
3	915	993	1037
3	948	1037	1056
3	1037	993	1070
3	1121	1056	1115
3	1056	1037	1115
3	1037	1070	1109
3	1109	1070	1110
3	884	963	873
3	884	909	1000
3	962	873	963
3	963	884	1000
3	1068	962	963
3	1000	909	1002
3	963	1000	1093
3	1068	963	1093
3	1068	1102	1089
3	1000	1002	1122
3	1068	1093	1102
3	1093	1000	1122
3	1426	1340	1347
3	1330	1340	1346
3	1340	1330	1347
3	1111	1143	1163
3	1130	1013	1163
3	1160	1130	1180
3	1130	1163	1180
3	1215	1160	1206
3	1160	1180	1206
3	1215	1206	1307
3	1206	1287	1307
3	1153	994	1215
3	994	1160	1215
3	1084	1153	1176
3	1084	1176	1150
3	1153	1215	1176
3	1150	1176	1237
3	1176	1215	1307
3	1237	1176	1264
3	1264	1176	1307
3	1070	1026	1110
3	1026	1083	1193
3	1201	1026	1193
3	1083	1084	1150
3	1110	1026	1201
3	1083	1150	1193
3	1150	1237	1333
3	1193	1150	1280
3	1201	1193	1280
3	1280	1150	1357
3	1334	1280	1357
3	1150	1333	1357
3	1115	1037	1109
3	1121	1115	1179
3	1115	1109	1225
3	1179	1115	1225
3	1225	1109	1309
3	1248	1225	1309
3	1109	1110	1266
3	1309	1109	1266
3	1110	1201	1266
3	1266	1201	1280
3	1266	1280	1334
3	1241	1179	1284
3	1179	1225	1284
3	1279	1241	1284
3	1284	1225	1248
3	1279	1292	1241
3	1282	1297	1296
3	1269	1296	1329
3	1252	1296	1269
3	1329	1296	1297
3	1122	1002	1135
3	1093	1122	1151
3	1102	1093	1184
3	1162	1102	1184
3	1093	1151	1184
3	1122	1135	1219
3	1151	1122	1219
3	1162	1184	1209
3	1178	1162	1209
3	1178	1209	1269
3	1184	1151	1250
3	1209	1184	1293
3	1255	1178	1269
3	1209	1252	1269
3	1252	1209	1293
3	1184	1250	1293
3	1293	1250	1331
3	1282	1296	1325
3	1252	1293	1430
3	1219	1135	1258
3	1151	1219	1316
3	1151	1316	1250
3	1361	1346	1340
3	1426	1347	1394
3	1347	1390	1394
3	1340	1397	1361
3	1397	1340	1426
3	1361	1397	1449
3	1397	1437	1449
3	1426	1476	1491
3	1397	1426	1491
3	1394	1390	1553
3	1532	1394	1553
3	1437	1397	1491
3	1426	1394	1476
3	1476	1394	1517
3	1517	1394	1532
3	1491	1476	1537
3	1437	1491	1557
3	1491	1537	1557
3	1517	1537	1476
3	1532	1553	1579
3	1532	1579	1517
3	1452	1361	1449
3	1452	1449	1515
3	1449	1437	1515
3	1515	1437	1557
3	1237	1264	1419
3	1264	1307	1379
3	1264	1379	1376
3	1264	1376	1419
3	1379	1478	1376
3	1419	1376	1463
3	1463	1376	1478
3	1463	1478	1558
3	1333	1237	1419
3	1334	1357	1432
3	1357	1333	1419
3	1357	1419	1432
3	1432	1419	1500
3	1419	1463	1500
3	1585	1432	1500
3	1500	1463	1558
3	1531	1432	1585
3	1500	1558	1636
3	1248	1309	1461
3	1309	1266	1461
3	1266	1433	1461
3	1266	1334	1433
3	1334	1432	1433
3	1461	1433	1522
3	1521	1461	1522
3	1433	1432	1531
3	1522	1433	1531
3	1461	1521	1520
3	1521	1522	1531
3	1292	1279	1359
3	1292	1359	1304
3	1359	1279	1386
3	1279	1284	1386
3	1304	1359	1350
3	1350	1359	1385
3	1284	1248	1461
3	1386	1284	1450
3	1284	1461	1450
3	1385	1359	1479
3	1386	1450	1479
3	1359	1386	1479
3	1450	1461	1520
3	1385	1479	1401
3	1450	1520	1479
3	1401	1479	1551
3	1479	1520	1589
3	1329	1297	1385
3	1255	1269	1329
3	1255	1329	1401
3	1401	1329	1385
3	1293	1331	1430
3	1331	1250	1362
3	1517	1579	1634
3	1537	1517	1670
3	1614	1537	1670
3	1670	1517	1634
3	1656	1614	1670
3	1614	1656	1639
3	1670	1634	1739
3	1656	1670	1700
3	1700	1670	1739
3	1639	1656	1703
3	1579	1668	1736
3	1634	1579	1736
3	1703	1656	1700
3	1639	1703	1699
3	1739	1634	1736
3	1699	1703	1777
3	1744	1699	1777
3	1515	1557	1614
3	1515	1614	1639
3	1597	1515	1639
3	1597	1639	1699
3	1644	1699	1744
3	1585	1500	1608
3	1500	1636	1608
3	1585	1608	1686
3	1608	1636	1693
3	1520	1521	1589
3	1589	1521	1531
3	1589	1531	1686
3	1531	1585	1686
3	1777	1703	1790
3	1703	1700	1790
3	1739	1736	1792
3	1700	1792	1790
3	1739	1792	1700
3	1907	1878	1997
3	1874	1877	1887
3	1887	1897	1916
3	1997	1887	1921
3	1887	1916	1921
3	1224	1337	1393
3	1234	1389	1393
3	1337	1234	1393
3	1270	1326	1389
3	1572	1477	1510
3	1502	1542	1495
3	1451	1495	1510
3	1416	1510	1477
3	1416	1451	1510
3	1451	1391	1495
3	1391	1428	1495
3	1416	1391	1451
3	1348	1428	1391
3	1326	1391	1416
3	1372	1348	1391
3	1326	1372	1391
3	1502	1435	1565
3	1435	1487	1565
3	1428	1502	1495
3	1428	1435	1502
3	1435	1373	1487
3	1348	1435	1428
3	1294	1435	1348
3	1323	1373	1435
3	1348	1314	1294
3	1294	1323	1435
3	1311	1373	1323
3	1519	1455	1556
3	1455	1488	1556
3	1431	1519	1487
3	1373	1431	1487
3	1431	1455	1519
3	1425	1488	1455
3	1455	1420	1425
3	1420	1455	1431
3	1344	1420	1431
3	1373	1344	1431
3	1344	1345	1420
3	1344	1300	1345
3	1311	1344	1373
3	1497	1516	1570
3	1425	1497	1488
3	1425	1427	1497
3	1427	1516	1497
3	1402	1358	1516
3	1427	1402	1516
3	1420	1345	1425
3	1345	1427	1425
3	1273	1402	1427
3	1345	1273	1427
3	1300	1273	1345
3	1273	1358	1402
3	1452	1515	1597
3	1512	1452	1597
3	1422	1439	1512
3	1439	1452	1512
3	1480	1422	1512
3	1516	1422	1480
3	1412	1439	1422
3	1516	1358	1422
3	1405	1439	1412
3	1361	1452	1439
3	1412	1408	1405
3	1408	1368	1405
3	1358	1365	1422
3	1405	1346	1439
3	1346	1361	1439
3	1368	1346	1405
3	1562	1553	1561
3	1553	1513	1561
3	1443	1513	1553
3	1390	1443	1553
3	1443	1388	1411
3	1330	1368	1388
3	1330	1388	1443
3	1347	1443	1390
3	1330	1346	1368
3	1347	1330	1443
3	1247	1178	1255
3	1233	1172	1247
3	1216	1138	1233
3	1138	1172	1233
3	1172	1178	1247
3	1138	1007	1172
3	1089	1178	1172
3	1089	1162	1178
3	1007	1089	1172
3	1206	1185	1381
3	1180	1185	1206
3	1236	1369	1381
3	1185	1236	1381
3	1236	1285	1369
3	1163	1236	1185
3	1143	1285	1236
3	1163	1143	1236
3	1203	1217	1374
3	1137	1217	1203
3	1137	1147	1217
3	1143	1203	1285
3	1143	1137	1203
3	1092	1137	1143
3	1137	1071	1147
3	1092	1071	1137
3	1303	1336	1290
3	1217	1148	1290
3	1290	1251	1303
3	1290	1170	1251
3	1158	1148	1217
3	1147	1158	1217
3	1148	1170	1290
3	1148	1087	1170
3	1060	1148	1158
3	1087	1098	1170
3	1118	1158	1147
3	1060	1087	1148
3	1071	1118	1147
3	1251	1224	1306
3	1251	1170	1224
3	1170	1142	1224
3	1234	1270	1389
3	1224	1234	1337
3	1155	1270	1234
3	1142	1234	1224
3	1155	1183	1270
3	1142	1155	1234
3	1155	1156	1183
3	1326	1298	1372
3	1298	1348	1372
3	1298	1314	1348
3	1261	1314	1298
3	1270	1298	1326
3	1261	1298	1270
3	1261	1271	1314
3	1270	1183	1261
3	1323	1283	1311
3	1294	1283	1323
3	1283	1268	1311
3	1283	1294	1314
3	1271	1283	1314
3	1232	1300	1344
3	1311	1268	1344
3	1007	1068	1089
3	905	972	1007
3	972	1068	1007
3	972	962	1068
3	905	931	972
3	931	871	972
3	871	962	972
3	871	873	962
3	1012	1060	1158
3	1118	1038	1158
3	1038	1012	1158
3	1071	1036	1118
3	1066	1060	1012
3	1036	1038	1118
3	1038	959	1012
3	1036	959	1038
3	959	934	1012
3	934	982	1012
3	917	959	1036
3	886	934	959
3	917	886	959
3	905	789	931
3	786	873	871
3	789	871	931
3	842	789	905
3	789	748	871
3	748	755	871
3	789	753	748
3	755	786	871
3	755	750	786
3	842	753	789
3	842	689	753
3	748	697	755
3	641	748	753
3	689	641	753
3	641	697	748
3	697	681	755
3	651	681	697
3	736	639	762
3	656	639	736
3	806	762	690
3	664	856	846
3	690	664	846
3	762	739	690
3	602	739	762
3	856	767	882
3	766	767	856
3	664	766	856
3	766	673	767
3	865	886	917
3	857	934	886
3	857	911	934
3	882	865	917
3	767	865	882
3	865	857	886
3	865	772	857
3	767	792	865
3	792	772	865
3	772	787	829
3	701	772	792
3	701	787	772
3	673	701	792
3	767	673	792
3	623	701	673
3	623	674	701
3	829	783	818
3	787	783	829
3	675	731	783
3	787	644	783
3	644	675	783
3	818	799	860
3	818	731	799
3	783	731	818
3	731	770	799
3	731	693	770
3	691	734	770
3	693	691	770
3	675	693	731
3	770	757	799
3	734	729	757
3	734	757	770
3	734	672	729
3	691	683	734
3	683	672	734
3	729	672	743
3	672	669	743
3	669	671	743
3	641	613	697
3	613	651	697
3	578	642	681
3	651	578	681
3	639	602	762
3	602	679	739
3	664	690	739
3	664	618	766
3	618	673	766
3	674	787	701
3	674	644	787
3	675	588	693
3	534	588	675
3	620	691	693
3	620	632	691
3	632	683	691
3	683	627	672
3	596	627	683
3	1404	1412	1422
3	1365	1404	1422
3	1127	1138	1216
3	1142	1106	1155
3	1098	1142	1170
3	1268	1232	1344
3	1053	905	1007
3	934	970	982
3	829	818	860
3	860	799	851
3	689	560	641
3	1448	1395	1474
3	1367	1395	1448
3	1399	1367	1448
3	1535	1440	1514
3	1440	1482	1514
3	1482	1474	1490
3	1440	1448	1482
3	1377	1440	1535
3	1406	1377	1535
3	1377	1454	1440
3	1440	1399	1448
3	1399	1440	1454
3	1535	1514	1581
3	1406	1535	1524
3	1467	1545	1566
3	1501	1467	1566
3	1499	1423	1501
3	1423	1467	1501
3	1459	1423	1499
3	1459	1400	1423
3	1400	1352	1423
3	1352	1278	1423
3	1276	1352	1400
3	1240	1276	1400
3	1546	1499	1580
3	1441	1546	1584
3	1459	1499	1546
3	1378	1441	1584
3	1441	1459	1546
3	1332	1400	1459
3	1441	1332	1459
3	1378	1363	1441
3	1363	1332	1441
3	1332	1240	1400
3	1363	1260	1332
3	1471	1457	1534
3	1457	1378	1534
3	1438	1457	1471
3	1384	1457	1438
3	1457	1301	1378
3	1301	1363	1378
3	1384	1301	1457
3	1511	1471	1548
3	1438	1471	1511
3	1414	1438	1511
3	1384	1438	1414
3	1342	1384	1414
3	1319	1384	1342
3	1507	1473	1544
3	1511	1563	1544
3	1429	1511	1544
3	1473	1429	1544
3	1429	1414	1511
3	1462	1473	1507
3	1493	1523	1564
3	1523	1507	1595
3	1458	1523	1493
3	1462	1507	1523
3	1458	1462	1523
3	1421	1458	1493
3	1364	1196	1383
3	1196	1288	1383
3	1120	1196	1364
3	1120	1128	1196
3	1062	996	1120
3	996	1128	1120
3	1167	1141	1195
3	1108	1141	1167
3	1043	1108	1167
3	1229	1222	1190
3	1208	1999	1222
3	1195	1229	1190
3	1229	1221	1222
3	1222	1221	1223
3	1229	1230	1221
3	1229	1195	1230
3	1132	1167	1195
3	1043	1167	1132
3	1276	1278	1352
3	1274	1278	1276
3	1223	1278	1274
3	1191	1274	1276
3	1208	1222	1274
3	1274	1222	1223
3	1191	1208	1274
3	1194	1191	1240
3	1169	1999	1208
3	1191	1169	1208
3	1169	1191	1194
3	1289	1194	1240
3	1240	1191	1276
3	1332	1289	1240
3	1260	1289	1332
3	1301	1245	1363
3	1245	1260	1363
3	1245	1213	1260
3	1263	1301	1384
3	1243	1263	1384
3	1263	1245	1301
3	1211	1245	1263
3	1245	1211	1213
3	1243	1211	1263
3	1319	1243	1384
3	1049	1062	1120
3	1049	969	1062
3	969	996	1062
3	996	953	1009
3	969	953	996
3	872	953	969
3	872	969	944
3	1044	1043	1132
3	1015	1108	1043
3	923	1015	1043
3	990	923	1043
3	923	978	1015
3	923	933	978
3	898	923	990
3	801	933	923
3	801	858	933
3	737	872	944
3	778	737	944
3	737	1995	872
3	737	716	1995
3	737	678	716
3	678	665	716
3	717	858	801
3	835	801	923
3	898	835	923
3	809	835	898
3	740	835	809
3	684	717	801
3	684	801	835
3	769	740	809
3	740	684	835
3	686	740	769
3	659	684	740
3	808	709	849
3	779	709	808
3	780	779	808
3	709	769	849
3	685	709	779
3	709	686	769
3	659	740	686
3	780	685	779
3	780	614	685
3	711	676	718
3	564	711	725
3	649	626	725
3	626	564	725
3	716	665	650
3	603	650	665
3	608	665	678
3	531	603	665
3	608	531	665
3	603	640	650
3	603	498	640
3	608	527	531
3	503	498	603
3	531	503	603
3	527	503	531
3	503	390	498
3	432	503	527
3	446	417	498
3	390	446	498
3	432	390	503
3	501	433	514
3	433	471	514
3	489	433	501
3	579	565	563
3	565	579	535
3	565	541	563
3	502	541	565
3	501	514	541
3	494	501	541
3	502	494	541
3	470	485	502
3	494	489	501
3	480	535	599
3	470	502	565
3	461	535	480
3	535	461	565
3	461	470	565
3	461	430	470
3	411	480	537
3	584	684	659
3	685	686	709
3	686	655	659
3	685	655	686
3	567	548	655
3	548	552	655
3	426	418	548
3	676	614	780
3	567	655	685
3	614	567	685
3	595	567	614
3	465	567	595
3	465	548	567
3	465	426	548
3	600	676	711
3	564	600	711
3	600	614	676
3	600	595	614
3	495	595	600
3	585	564	626
3	564	495	600
3	495	564	585
3	465	595	495
3	422	495	585
3	357	465	495
3	422	339	495
3	339	357	495
3	582	626	649
3	582	585	626
3	582	474	585
3	474	381	585
3	381	422	585
3	381	474	423
3	636	452	649
3	452	582	649
3	452	474	582
3	475	452	577
3	452	423	474
3	475	421	452
3	390	392	446
3	446	392	417
3	304	392	390
3	349	392	304
3	304	390	374
3	344	304	374
3	304	302	349
3	350	344	374
3	238	304	344
3	238	344	350
3	240	302	304
3	322	273	350
3	240	304	238
3	273	238	350
3	311	273	322
3	297	311	332
3	324	332	354
3	273	311	297
3	287	270	332
3	270	297	332
3	297	261	273
3	224	297	270
3	224	261	297
3	354	332	371
3	287	332	324
3	259	287	324
3	433	404	471
3	435	433	489
3	391	411	483
3	465	409	426
3	452	385	423
3	385	452	421
3	368	360	439
3	1594	1545	1607
3	1545	1549	1607
3	1278	1387	1423
3	1278	1338	1387
3	1182	1120	1364
3	1049	1120	1182
3	1195	1244	1230
3	1049	944	969
3	514	471	533
3	563	541	514
3	483	411	537
3	655	552	659
3	548	418	552
3	374	390	432
3	350	374	378
3	332	311	377
3	578	651	613
3	560	450	641
3	613	569	578
3	578	593	642
3	593	543	642
3	450	613	641
3	450	569	613
3	638	625	732
3	493	625	638
3	463	578	569
3	493	499	625
3	178	180	183
3	178	183	189
3	379	331	397
3	299	291	362
3	291	320	362
3	310	328	363
3	310	363	419
3	496	532	545
3	511	496	545
3	524	521	504
3	645	621	662
3	540	602	622
3	518	540	622
3	162	167	196
3	248	251	265
3	268	249	258
3	167	153	192
3	167	192	209
3	167	209	235
3	196	167	256
3	167	235	256
3	198	196	247
3	272	256	235
3	247	196	256
3	176	162	184
3	165	176	174
3	176	184	183
3	180	187	183
3	187	180	185
3	184	162	196
3	187	176	183
3	187	174	176
3	187	173	174
3	185	173	187
3	189	183	193
3	198	184	196
3	183	184	193
3	184	198	193
3	193	198	244
3	198	247	257
3	244	198	257
3	170	160	185
3	160	170	158
3	164	170	185
3	185	160	177
3	180	164	185
3	185	177	173
3	212	216	341
3	212	341	382
3	221	212	382
3	355	221	382
3	355	382	477
3	382	488	477
3	248	265	290
3	265	246	294
3	246	264	294
3	290	265	384
3	265	294	384
3	264	286	294
3	294	286	351
3	294	403	384
3	403	294	351
3	403	351	416
3	403	416	441
3	351	286	454
3	286	431	454
3	416	351	443
3	443	351	454
3	258	248	290
3	268	258	277
3	277	258	290
3	277	290	384
3	323	277	353
3	353	277	384
3	353	384	412
3	384	403	412
3	412	403	441
3	451	353	412
3	242	268	338
3	292	242	338
3	323	268	277
3	268	323	338
3	373	338	323
3	323	451	466
3	373	323	466
3	276	242	292
3	276	292	359
3	292	338	373
3	359	292	373
3	276	359	364
3	364	359	476
3	359	373	476
3	434	476	373
3	476	367	364
3	367	476	457
3	395	367	397
3	362	320	406
3	362	406	415
3	320	379	406
3	379	397	459
3	406	379	505
3	379	459	505
3	453	415	406
3	347	299	362
3	328	299	347
3	328	347	383
3	347	362	415
3	383	347	415
3	425	383	415
3	425	415	453
3	363	328	399
3	399	328	383
3	419	363	399
3	333	308	413
3	455	308	447
3	308	455	413
3	455	447	428
3	469	455	428
3	413	455	469
3	260	213	308
3	235	209	298
3	296	220	260
3	209	220	298
3	220	296	298
3	296	260	333
3	260	308	333
3	296	333	413
3	298	296	413
3	298	413	401
3	401	413	468
3	256	272	247
3	247	272	386
3	235	401	272
3	235	298	401
3	272	401	386
3	257	247	400
3	247	386	400
3	400	386	458
3	386	401	458
3	467	401	468
3	244	257	340
3	340	257	396
3	257	400	396
3	396	400	442
3	396	442	463
3	355	477	553
3	477	488	511
3	477	511	556
3	553	477	556
3	545	532	528
3	545	528	566
3	511	545	556
3	556	545	566
3	454	431	482
3	441	416	504
3	416	443	504
3	443	524	504
3	454	482	538
3	443	454	528
3	528	454	538
3	524	443	528
3	542	524	528
3	542	528	532
3	566	528	538
3	451	412	516
3	441	504	555
3	412	441	555
3	555	504	570
3	412	555	617
3	516	412	559
3	412	617	559
3	516	559	601
3	559	621	601
3	617	555	570
3	621	559	662
3	559	617	662
3	617	570	652
3	617	652	662
3	525	466	451
3	616	525	451
3	451	516	616
3	616	516	601
3	616	601	610
3	645	601	621
3	616	610	671
3	601	645	610
3	610	645	671
3	434	373	466
3	476	434	539
3	434	547	539
3	434	466	525
3	547	434	525
3	525	616	648
3	627	547	648
3	547	525	648
3	627	648	672
3	648	616	671
3	672	648	669
3	669	648	671
3	397	367	457
3	457	476	539
3	397	522	459
3	397	457	539
3	522	397	539
3	522	505	459
3	522	539	596
3	522	596	632
3	539	547	596
3	596	547	627
3	632	596	683
3	453	406	526
3	526	406	505
3	453	526	534
3	526	505	620
3	534	526	588
3	505	522	620
3	620	522	632
3	588	526	620
3	588	620	693
3	383	425	549
3	425	513	549
3	425	453	513
3	549	513	551
3	513	453	534
3	551	513	644
3	513	534	675
3	513	675	644
3	399	383	549
3	512	399	549
3	419	399	512
3	512	549	586
3	512	586	558
3	549	551	586
3	586	551	674
3	551	644	674
3	558	586	674
3	623	558	674
3	486	492	536
3	536	492	512
3	486	536	546
3	536	512	558
3	536	558	604
3	536	604	618
3	536	618	664
3	546	536	664
3	604	558	623
3	618	604	673
3	604	623	673
3	562	546	679
3	602	562	679
3	546	664	739
3	679	546	739
3	639	622	602
3	428	447	487
3	487	510	520
3	487	520	557
3	469	487	557
3	520	510	518
3	469	557	576
3	520	518	622
3	639	520	622
3	557	520	639
3	576	557	611
3	611	557	639
3	611	639	656
3	413	469	508
3	469	428	487
3	468	413	508
3	493	458	499
3	401	467	458
3	458	467	587
3	458	587	499
3	499	587	625
3	587	634	625
3	587	643	634
3	442	400	478
3	478	400	493
3	400	458	493
3	463	442	593
3	442	478	593
3	593	478	543
3	478	493	543
3	463	593	578
3	1999	1140	1190
3	1099	1145	1140
3	1077	1044	1079
3	1132	1195	1190
3	138	160	144
3	983	1010	1092
3	894	942	985
3	241	246	251
3	1296	1252	1325
3	1222	1999	1190
3	921	809	898
3	841	921	869
3	911	857	875
3	772	829	857
3	857	829	875
3	869	921	907
