-0.10668	0.31734	-0.43139
-0.085442	0.31263	-0.42588
-0.087874	0.28457	-0.46433
-0.12687	0.2927	-0.46155
-0.10287	0.27086	-0.47393
-0.1332	0.32544	-0.4074
-0.14509	0.30934	-0.43741
-0.048206	0.15926	-0.58282
-0.15001	0.28242	-0.46103
-0.10428	0.3334	-0.38435
-0.036475	0.16745	-0.56962
-0.038439	0.28355	-0.40508
-0.067856	0.18902	-0.53667
-0.18381	0.28218	-0.43984
-0.027027	0.13132	-0.58519
-0.034348	0.23843	-0.45995
-0.083133	0.3233	-0.39159
-0.034765	0.2671	-0.42725
-0.062624	0.23769	-0.4782
-0.11402	0.24643	-0.48162
-0.041174	0.18148	-0.53522
-0.17243	0.31102	-0.40538
-0.06941	0.21381	-0.49108
-0.12663	0.3344	-0.37096
-0.10504	0.17896	-0.54388
-0.16004	0.22586	-0.47077
-0.079842	0.32808	-0.34392
-0.020301	0.157	-0.52587
-0.10959	0.14856	-0.57236
-0.093002	0.11832	-0.59882
-0.038133	0.30051	-0.37211
-0.049758	0.19907	-0.49174
-0.037753	0.10704	-0.59985
-0.088245	0.21046	-0.49394
-0.16784	0.3207	-0.36921
-0.017566	0.13597	-0.56443
-0.11693	0.1995	-0.48863
-0.032869	0.21697	-0.47143
-0.027974	0.17606	-0.48672
-0.11604	0.21991	-0.48526
-0.19952	0.28102	-0.41376
-0.0486	0.31388	-0.33442
-0.11386	0.11261	-0.59409
-0.19273	0.29659	-0.39241
-0.0082467	0.22693	-0.42547
-0.017087	0.13708	-0.5385
-0.189	0.25277	-0.44882
-0.022869	0.10741	-0.57505
-0.069532	0.094817	-0.59902
-0.17936	0.30234	-0.3283
-0.14584	0.32192	-0.32665
-0.016718	0.28252	-0.34679
-0.10217	0.073578	-0.60235
-0.0089077	0.25986	-0.37699
-0.062181	0.086531	-0.58748
-0.16844	0.14891	-0.52116
-0.09228	0.32631	-0.29526
-0.024787	0.29312	-0.32205
-0.20052	0.25619	-0.42182
-0.026897	0.14557	-0.47939
-0.011824	0.18717	-0.45852
-0.12897	0.10922	-0.58315
-0.19801	0.27	-0.36886
-0.071845	0.07586	-0.57451
-0.01882	0.15188	-0.46237
-0.19276	0.2938	-0.35685
-0.031944	0.12599	-0.51502
-0.063906	0.088994	-0.54464
-0.080405	0.058498	-0.60328
-0.11837	0.073434	-0.59391
-0.15227	0.17911	-0.47096
-0.060028	0.3136	-0.29992
-0.18716	0.21063	-0.44808
-0.14423	0.062544	-0.59156
-0.17981	0.14697	-0.50273
-0.12265	0.32762	-0.29947
-0.0015253	0.24843	-0.3253
-0.11126	0.3466	-0.24691
-0.16233	0.12193	-0.55873
-0.19746	0.24231	-0.40906
-0.16933	0.31225	-0.30059
-0.14824	0.32193	-0.30234
-0.035077	0.28725	-0.28736
-0.13444	0.37358	-0.23049
-0.10999	0.060663	-0.58184
-0.17342	0.36527	-0.23883
-0.13153	0.35241	-0.24894
-0.16517	0.33753	-0.26962
-0.061468	0.30649	-0.28231
-0.18476	0.29228	-0.30916
-0.054968	0.11577	-0.49697
-0.097311	0.065606	-0.57032
0.00065209	0.17083	-0.42585
-0.092629	0.32305	-0.24623
0.0034454	0.20989	-0.3927
0.0029679	0.22288	-0.35899
-0.039129	0.13514	-0.46419
-0.10847	0.36173	-0.21453
-0.011773	0.26005	-0.30309
-0.13731	0.37319	-0.21407
-0.17878	0.35109	-0.25965
-0.19244	0.069675	-0.5463
-0.20142	0.32582	-0.27348
-0.20029	0.20456	-0.39794
-0.19469	0.19126	-0.42607
-0.084118	0.088381	-0.52383
-0.18292	0.31266	-0.2881
-0.19549	0.12158	-0.50547
-0.081403	0.32082	-0.27179
6.3532e-05	0.16474	-0.40021
-0.19889	0.25493	-0.32162
0.0012083	0.1843	-0.37279
-0.095081	0.34399	-0.21543
-0.16366	0.060646	-0.56802
-0.18253	0.14329	-0.48104
-0.19945	0.086549	-0.53127
-0.0085682	0.14309	-0.41834
-0.1717	0.15595	-0.45219
-0.03162	0.2563	-0.26905
-0.201	0.34312	-0.23734
-0.036939	0.13674	-0.43542
-0.20291	0.22854	-0.3496
-0.003163	0.20278	-0.33687
-0.006698	0.17151	-0.37584
-0.11486	0.06909	-0.52444
-0.21442	0.30674	-0.26201
-0.13079	0.36377	-0.18058
-0.19768	0.27491	-0.29892
-0.19414	0.088191	-0.49581
-0.15819	0.36897	-0.18539
-0.2067	0.28165	-0.28572
-0.035718	0.15419	-0.40382
-0.14468	0.04296	-0.58086
-0.19217	0.15901	-0.4024
-0.13189	0.042702	-0.57735
-0.077811	0.26645	-0.24232
-0.11339	0.34863	-0.15608
-0.016286	0.18993	-0.34437
-0.074022	0.11909	-0.45428
-0.19759	0.35872	-0.18677
-0.084899	0.29681	-0.23611
-0.17002	0.1366	-0.44297
-0.037679	0.18757	-0.35134
-0.1812	0.11152	-0.4708
-0.19922	0.25225	-0.29337
-0.22187	0.34393	-0.20202
-0.079518	0.13592	-0.41004
-0.12372	0.076747	-0.50444
-0.011274	0.21014	-0.30534
-0.22668	0.32253	-0.22844
-0.15313	0.3678	-0.15383
-0.19528	0.1702	-0.37811
-0.040112	0.19827	-0.32578
-0.22042	0.28188	-0.25479
-0.19435	0.056482	-0.52933
-0.020598	0.19975	-0.31161
-0.15758	0.11714	-0.43743
-0.22635	0.349	-0.17348
-0.018126	0.21963	-0.28737
-0.20539	0.36533	-0.15018
-0.097933	0.12063	-0.41865
-0.11638	0.36252	-0.11787
-0.13904	0.080225	-0.47847
-0.16888	0.052013	-0.52031
-0.16738	0.046589	-0.55213
-0.19251	0.19486	-0.33943
-0.24059	0.28805	-0.22516
-0.10403	0.33673	-0.15286
-0.088605	0.31198	-0.17834
-0.16253	0.092963	-0.46422
-0.12746	0.10545	-0.4343
-0.19222	0.23579	-0.28894
0.77877	0.16294	-0.11528
-0.15447	0.37156	-0.095797
-0.17135	0.076408	-0.4796
-0.07111	0.24291	-0.23838
-0.14714	0.106	-0.43736
0.765	0.14656	-0.1286
-0.041635	0.19733	-0.2865
-0.089467	0.26455	-0.1564
0.79416	0.17176	-0.08516
-0.16925	0.12291	-0.39825
0.73651	0.11352	-0.13825
-0.23015	0.3579	-0.14924
-0.08602	0.18761	-0.31235
-0.21537	0.37079	-0.13041
0.7348	0.17025	-0.094159
-0.089705	0.25549	-0.20454
-0.12567	0.10847	-0.4179
0.83025	0.23022	0.010045
-0.24702	0.31226	-0.19327
0.8153	0.17559	-0.066089
0.6626	0.28248	0.014884
0.78577	0.15202	-0.10782
0.72502	0.27859	0.034797
-0.20839	0.37454	-0.1061
0.7332	0.25906	0.0093825
0.68727	0.24786	-0.012607
0.77515	0.17528	-0.085067
0.64845	0.29484	0.036488
-0.089232	0.32297	-0.12764
0.80342	0.2113	-0.024395
0.75734	0.24679	0.0097623
0.74822	0.27716	0.046096
0.82396	0.19404	-0.03241
-0.14916	0.10754	-0.39945
0.58112	0.28308	0.0041141
0.64199	0.25641	-0.0086055
0.84892	0.23181	0.024615
-0.10098	0.3478	-0.11135
0.71773	0.15897	-0.067249
0.76322	0.22489	-0.0094927
-0.1216	0.1707	-0.30472
-0.17445	0.21942	-0.28072
-0.12024	0.14883	-0.3504
-0.088975	0.29503	-0.14411
0.74097	0.085146	-0.12209
-0.20709	0.25342	-0.25248
-0.10588	0.17992	-0.27739
0.77946	0.24141	0.014797
0.5883	0.29997	0.028611
0.86308	0.20375	0.038404
0.77437	0.19742	-0.046401
-0.081509	0.22551	-0.24363
0.71519	0.28229	0.063924
-0.088669	0.23497	-0.21654
0.6035	0.30481	0.053441
0.7178	0.11473	-0.12607
0.85025	0.20013	0.007536
0.74048	0.18046	-0.060365
0.55039	0.29007	0.019158
-0.17916	0.1716	-0.33453
-0.264	0.2832	-0.19339
0.71981	0.13802	-0.12999
0.68626	0.21918	-0.022146
-0.2639	0.30013	-0.17116
0.59816	0.25434	-0.014433
-0.11277	0.35179	-0.092347
0.67555	0.29248	0.052461
-0.15504	0.14395	-0.32792
0.82572	0.24279	0.058373
0.73285	0.19632	-0.027183
0.72694	0.21378	-0.017205
-0.23717	0.3456	-0.13554
-0.08223	0.19148	-0.26816
-0.1623	0.21504	-0.27025
-0.085717	0.31491	-0.11712
0.77397	0.25166	0.040249
0.65569	0.21669	-0.023595
0.66811	0.29171	0.088078
-0.17039	0.18723	-0.30208
0.71856	0.27622	0.086747
-0.11636	0.21615	-0.24511
0.83503	0.17157	-0.022108
0.70954	0.13769	-0.086563
0.83467	0.22838	0.061726
-0.19912	0.36317	-0.076756
-0.13804	0.12733	-0.3587
-0.18678	0.22935	-0.24511
0.62789	0.20642	-0.023879
0.71807	0.17998	-0.02075
0.51272	0.25046	0.0053929
-0.24309	0.35292	-0.1108
0.56404	0.22235	-0.017669
0.5425	0.25199	-0.0071341
0.78127	0.25011	0.062208
0.75909	0.26651	0.066909
0.72059	0.094867	-0.12226
-0.16788	0.34448	-0.042159
-0.15046	0.13304	-0.34139
0.81602	0.13144	-0.026304
-0.15919	0.21286	-0.2413
0.5497	0.3014	0.077577
-0.1392	0.1755	-0.29026
-0.27465	0.29778	-0.14976
-0.13418	0.20876	-0.2581
-0.24152	0.24519	-0.2077
-0.13621	0.15683	-0.3025
0.60077	0.30367	0.086156
0.53087	0.22938	-0.0090578
0.55181	0.29845	0.040082
0.70174	0.11312	-0.08458
0.85065	0.19922	0.057614
-0.10285	0.23607	-0.17659
0.48714	0.25711	0.03108
-0.24771	0.25835	-0.19984
-0.095578	0.24609	-0.15511
-0.11832	0.33449	-0.07618
-0.24702	0.34522	-0.10477
0.69755	0.16544	-0.012805
0.61197	0.29211	0.11848
0.71766	0.076348	-0.13302
0.55886	0.17897	-0.0071599
0.29313	0.26625	-0.030413
0.77026	0.251	0.079999
0.29949	0.24651	-0.050959
0.33227	0.25633	-0.032487
-0.13951	0.3334	-0.049502
0.627	0.19914	-0.017666
-0.23204	0.22743	-0.20283
0.70924	0.15238	-0.016678
0.80618	0.2297	0.07496
0.28254	0.23138	-0.070295
0.26074	0.26154	-0.036883
-0.15461	0.20233	-0.2183
0.27179	0.27896	-0.010977
-0.26548	0.27473	-0.15587
0.69157	0.061806	-0.13119
-0.23768	0.34908	-0.067807
0.76084	0.052624	-0.064711
-0.11719	0.21661	-0.18633
-0.26248	0.33434	-0.086348
0.34504	0.23154	-0.048189
0.37489	0.26642	0.016104
0.3816	0.24335	-0.014954
0.25745	0.22428	-0.078565
-0.21186	0.20638	-0.19932
-0.099031	0.29381	-0.087271
-0.088814	0.26144	-0.10145
0.39137	0.21142	-0.037739
0.48801	0.2706	0.04634
0.57192	0.29532	0.11306
0.67926	0.27565	0.1143
0.34561	0.18793	-0.073108
0.26653	0.20027	-0.096362
0.24592	0.24666	-0.042526
0.302	0.20489	-0.086536
0.71296	0.053303	-0.13816
0.23925	0.22653	-0.068795
-0.2057	0.35147	-0.045544
0.75397	0.23126	0.10717
0.31149	0.28275	0.012135
-0.1984	0.19791	-0.19359
0.45705	0.28072	0.057114
0.70587	0.13448	-0.03064
0.51008	0.28796	0.076906
0.51739	0.29008	0.098791
0.30558	0.28658	0.049155
0.49093	0.23364	0.01743
0.72125	0.25125	0.11628
0.22571	0.27726	0.0060774
0.59745	0.17749	-0.0078826
-0.11005	0.22113	-0.15721
0.641	0.1673	-0.0064894
0.74681	0.073564	-0.11241
0.69037	0.07947	-0.10225
0.39872	0.27524	0.049378
0.34923	0.28316	0.046784
-0.1142	0.31162	-0.060753
0.41382	0.25314	0.028223
0.33757	0.27919	0.03124
0.45345	0.25176	0.031592
-0.25616	0.3455	-0.035691
0.25294	0.18498	-0.10062
0.50889	0.20278	0.00097255
-0.26299	0.2497	-0.15922
0.82682	0.11314	0.04367
-0.28743	0.29631	-0.12001
0.78483	0.2092	0.091899
0.23603	0.19746	-0.091829
0.43121	0.29182	0.084203
0.41557	0.208	-0.018968
0.69517	0.087739	-0.062672
0.29751	0.16636	-0.099231
-0.13061	0.21595	-0.16542
0.83583	0.17637	0.076301
0.80858	0.19452	0.088105
-0.14337	0.20173	-0.16937
0.23376	0.2495	-0.015326
-0.24497	0.23047	-0.17104
0.27879	0.17496	-0.097074
0.69685	0.10046	-0.040792
0.2444	0.28271	0.027807
0.54112	0.28278	0.12691
0.22039	0.2729	0.0069419
0.47287	0.19644	0.012494
-0.11803	0.31426	-0.024225
-0.14192	0.3296	-0.0097319
-0.2164	0.35153	-0.021852
0.37794	0.28141	0.066931
0.83627	0.13558	0.022009
0.45305	0.21876	0.01838
0.73681	0.040937	-0.095281
-0.17555	0.19056	-0.17959
-0.092965	0.22835	-0.12695
0.21101	0.19347	-0.082878
-0.08701	0.26339	-0.081786
-0.097272	0.2918	-0.045618
0.44536	0.29172	0.10681
0.4018	0.16705	-0.047813
0.24781	0.16644	-0.089581
0.69135	0.06654	-0.082996
0.33525	0.14864	-0.081985
-0.28464	0.32594	-0.064224
0.6388	0.26875	0.14163
0.68337	0.14861	0.0031797
0.42237	0.2241	0.012809
0.82344	0.16349	0.082557
0.61141	0.14887	0.002133
-0.078657	0.27536	-0.050497
0.50285	0.16114	-0.00028136
0.31833	0.27942	0.079723
-0.2148	0.19353	-0.18317
0.19625	0.19936	-0.059217
0.82348	0.093005	0.021504
-0.12143	0.20212	-0.15115
0.70997	0.038515	-0.1337
0.37325	0.28203	0.097066
-0.30336	0.30418	-0.077363
-0.26175	0.35676	-0.0053521
-0.30751	0.28447	-0.10138
-0.1375	0.34295	0.026727
0.6689	0.22365	0.15327
0.58582	0.14902	0.00095643
0.70405	0.045815	-0.08312
0.70855	0.13276	0.0097499
-0.094158	0.20672	-0.12298
-0.075891	0.24551	-0.080783
-0.197	0.35652	0.011469
0.43552	0.18784	0.0091921
0.5581	0.16016	-0.0047403
-0.18167	0.3703	0.041317
0.20959	0.17061	-0.084122
0.20781	0.22389	-0.015448
-0.30365	0.23323	-0.1257
-0.047414	0.2565	-0.044169
-0.23106	0.37487	0.040999
-0.25007	0.20232	-0.17348
0.67926	0.20291	0.15087
-0.095224	0.30514	-0.013239
0.21911	0.23545	0.013751
-0.10967	0.33534	0.026435
-0.31733	0.34933	-0.00095548
0.7269	0.031299	-0.087871
-0.048238	0.30047	0.015058
-0.080849	0.20251	-0.10966
-0.033577	0.28462	-0.0048044
0.80654	0.13594	0.071293
0.79624	0.060388	-0.010358
0.29184	0.13959	-0.084433
0.69153	0.13419	0.027462
0.50587	0.27139	0.13925
0.65943	0.13663	0.018471
-0.25146	0.36932	0.031836
-0.32452	0.3547	0.018923
-0.20866	0.17982	-0.16595
0.37025	0.13071	-0.058825
0.76002	0.19065	0.10974
0.19019	0.218	0.0036011
0.21094	0.26554	0.062687
-0.28664	0.22043	-0.13975
-0.15634	0.36974	0.077543
0.7887	0.17621	0.088197
0.76777	0.17136	0.094034
0.20465	0.1412	-0.088183
0.71278	0.10252	0.0072334
0.43076	0.16826	-0.020745
0.72939	0.18453	0.12255
0.71459	0.03437	-0.088358
-0.23918	0.18234	-0.16268
-0.27148	0.36869	0.020721
0.5927	0.25068	0.1595
0.33179	0.13118	-0.075553
0.41111	0.28306	0.11789
-0.11967	0.35712	0.080532
-0.2727	0.1999	-0.1544
0.27592	0.27248	0.086429
-0.32344	0.27261	-0.09738
-0.3299	0.32472	-0.025974
-0.25951	0.37588	0.050795
-0.022629	0.25681	-0.013461
0.15967	0.18058	-0.056702
0.57713	0.27705	0.13967
0.263	0.13542	-0.087363
-0.01772	0.29105	0.026575
0.70696	0.018662	-0.072931
0.44007	0.27247	0.13901
-0.11916	0.17939	-0.1436
0.72081	0.12518	0.029996
0.16586	0.15356	-0.080778
0.17833	0.20957	-0.015156
0.43079	0.13872	-0.016782
0.41138	0.1295	-0.033206
-0.18452	0.37935	0.085587
-0.048426	0.22695	-0.061359
-0.068309	0.19114	-0.10398
-0.3443	0.34619	0.02244
0.57438	0.12708	0.020318
0.76489	0.13831	0.070744
0.14047	0.17778	-0.060608
-0.36776	0.31623	-0.0084561
0.80473	0.075407	0.015165
0.73238	0.12746	0.049917
0.44143	0.14278	0.0074903
0.70272	0.066279	-0.013276
0.60821	0.12807	0.020982
0.74328	0.14088	0.079192
0.19992	0.24853	0.072121
0.55025	0.24835	0.15886
-0.29795	0.19647	-0.15594
0.21012	0.21999	0.042146
-0.16973	0.16899	-0.15646
0.74611	0.16085	0.10294
-0.086224	0.13031	-0.14454
0.76267	0.10361	0.042427
-0.2588	0.38428	0.089438
-0.30095	0.37345	0.05636
-0.3426	0.26247	-0.096866
-0.041454	0.31524	0.088711
-0.32553	0.19662	-0.13825
0.69251	0.12629	0.072669
0.54469	0.13496	0.008099
0.61697	0.22983	0.16816
0.35807	0.25768	0.12891
0.70278	0.024184	-0.058237
0.2225	0.25007	0.093089
0.23438	0.10456	-0.07728
0.78436	0.045969	-0.015744
0.28413	0.10701	-0.075157
0.11805	0.14664	-0.077264
-0.34987	0.28933	-0.047614
-0.35872	0.24869	-0.092888
0.10383	0.19598	-0.019514
0.74369	0.092239	0.026643
-0.33894	0.21435	-0.10689
-0.0088939	0.26614	0.027086
-0.215	0.14013	-0.15392
0.71661	0.05081	-0.0024788
-0.57384	0.13382	-0.22622
-0.0029355	0.28304	0.078973
-0.042847	0.1694	-0.094925
0.40833	0.24907	0.14914
0.45766	0.11992	0.011518
0.4848	0.12628	0.028349
0.009855	0.22791	-0.0090525
0.15119	0.12628	-0.088151
0.76294	0.061628	0.011904
0.32277	0.10194	-0.062109
0.63115	0.12367	0.064679
-0.064069	0.14649	-0.11836
-0.020035	0.20069	-0.056508
-0.55678	0.14227	-0.22471
-0.29424	0.37923	0.10495
0.47474	0.14609	0.014306
0.33415	0.26063	0.11947
0.73794	0.014847	-0.046396
0.48378	0.23515	0.15854
-0.55851	0.11889	-0.23339
0.0091167	0.25266	0.029736
-0.26766	0.17015	-0.16716
-0.11217	0.11502	-0.155
-0.33909	0.16568	-0.15628
0.090834	0.1775	-0.041538
-0.32079	0.15075	-0.16442
0.17095	0.21857	0.016492
0.066927	0.19479	-0.030242
-0.32239	0.37044	0.057432
0.010093	0.19963	-0.036674
0.092963	0.20458	-0.0035855
-0.11576	0.35542	0.11285
0.057479	0.22363	0.010962
0.66331	0.14796	0.13622
0.66191	0.17474	0.15331
-0.13966	0.093641	-0.16064
-0.015813	0.17975	-0.062816
-0.35383	0.21273	-0.10041
-0.37866	0.21884	-0.10077
0.51822	0.2433	0.15314
0.17701	0.11953	-0.087532
0.42166	0.10604	-0.0065274
0.57807	0.11161	0.050426
0.38458	0.10235	-0.034101
-0.01841	0.1577	-0.086858
0.77017	0.033087	-0.015315
-0.0076034	0.29176	0.095739
-0.36143	0.35586	0.057127
-0.18527	0.12639	-0.15281
0.55221	0.11377	0.037561
0.44063	0.11633	0.014565
-0.26653	0.38354	0.12457
-0.003797	0.16459	-0.065743
-0.15983	0.15214	-0.15324
0.051268	0.24146	0.05294
-0.38878	0.25014	-0.048836
0.18416	0.21623	0.045516
-0.40453	0.21479	-0.093931
-0.53492	0.14375	-0.19817
0.054768	0.1561	-0.048065
0.11531	0.21503	0.042442
0.74024	0.0229	-0.02232
0.26829	0.24155	0.11959
0.50889	0.20643	0.15837
0.11237	0.10025	-0.086542
-0.080047	0.11558	-0.13878
0.71673	0.019669	-0.045387
0.0054423	0.26272	0.077313
-0.50064	0.14361	-0.20982
0.64887	0.12383	0.099857
0.2033	0.2078	0.071425
-0.17332	0.3703	0.14824
0.5207	0.10682	0.058741
-0.034282	0.13101	-0.098979
-0.1388	0.35575	0.16421
0.35318	0.23675	0.14117
-0.32586	0.37643	0.10818
0.019716	0.17755	-0.045768
-0.38465	0.32611	0.017806
0.58033	0.11784	0.091746
0.48566	0.11401	0.0471
0.35528	0.21194	0.14772
0.076556	0.12992	-0.064543
0.58557	0.19073	0.17595
0.63723	0.18913	0.1651
0.35506	0.074586	-0.019273
0.20567	0.089096	-0.068795
0.54774	0.19332	0.17123
-0.0080268	0.14661	-0.069226
-0.040482	0.10883	-0.11297
0.038573	0.12513	-0.059844
-0.56566	0.13393	-0.19972
0.16802	0.076911	-0.086677
0.30297	0.078232	-0.045987
-0.28588	0.13371	-0.14546
-0.3553	0.13241	-0.16429
0.30899	0.24733	0.127
-0.31378	0.12582	-0.14642
-0.063392	0.32357	0.14242
-0.40965	0.31483	0.030726
0.096349	0.22999	0.070744
0.64696	0.13582	0.12723
0.044336	0.25276	0.093912
-0.37181	0.35711	0.10363
0.5477	0.10677	0.068051
-0.5635	0.097646	-0.23312
0.15295	0.19953	0.090778
-0.39432	0.18256	-0.095137
0.43583	0.096782	0.039124
0.45442	0.092049	0.038298
0.41311	0.084083	0.0092026
0.22816	0.070958	-0.052876
0.15123	0.066471	-0.088035
-0.19036	0.3726	0.16796
-0.25108	0.11295	-0.14322
-0.42754	0.23567	-0.034556
-0.0050878	0.10368	-0.08127
-0.37397	0.17427	-0.11488
0.46626	0.20938	0.16132
0.31492	0.21791	0.14444
0.011875	0.25942	0.11291
0.61731	0.1636	0.16307
-0.34492	0.36723	0.13913
-0.47753	0.12745	-0.20001
0.21071	0.22432	0.10447
-0.4343	0.20288	-0.085237
0.098745	0.23265	0.10732
-0.26705	0.37734	0.16153
-0.10887	0.077341	-0.15258
0.59939	0.13074	0.13195
-0.42343	0.19397	-0.093444
-0.40035	0.13928	-0.13847
-0.051381	0.066824	-0.12193
0.24613	0.21056	0.12451
-0.4794	0.12564	-0.17137
-0.51935	0.11772	-0.21588
-0.1957	0.08768	-0.15188
-0.40094	0.3341	0.071422
-0.29991	0.37334	0.1561
-0.42517	0.30924	0.034435
0.45341	0.18582	0.1568
-0.37173	0.35739	0.14461
0.4762	0.10862	0.06875
0.042086	0.25448	0.12885
-0.51639	0.13123	-0.16419
0.28944	0.061185	-0.026484
0.19707	0.059826	-0.063592
-0.062398	0.30965	0.18175
-0.4349	0.28786	0.020239
-0.2133	0.085717	-0.15096
0.20785	0.18984	0.096512
-0.024749	0.078775	-0.094695
0.50438	0.16002	0.146
0.06238	0.081156	-0.071024
0.48769	0.17978	0.15251
-0.36995	0.107	-0.16894
-0.39747	0.11958	-0.15806
0.59144	0.1503	0.15941
-0.54909	0.13271	-0.17412
0.011247	0.2523	0.1537
0.48289	0.11156	0.083025
-0.35976	0.10871	-0.16231
-0.57373	0.10647	-0.19992
-0.44478	0.2984	0.054071
0.37673	0.18136	0.15255
0.024108	0.079574	-0.071242
-0.11354	0.049445	-0.14754
-0.026167	0.29122	0.16464
0.40845	0.18478	0.15638
-0.52893	0.062551	-0.22665
0.52503	0.1117	0.096273
-0.15897	0.34812	0.20286
-0.51158	0.11927	-0.14199
-0.46077	0.24769	0.0038838
-0.25249	0.082893	-0.1293
0.090145	0.031417	-0.07443
0.51378	0.13519	0.13104
-0.45032	0.10737	-0.16674
0.54278	0.13732	0.13999
0.45127	0.095791	0.064041
0.23149	0.1659	0.10004
-0.42449	0.31884	0.080578
0.24807	0.19425	0.12799
0.30617	0.18964	0.14034
0.48206	0.12391	0.10926
-0.13234	0.34093	0.19604
0.47013	0.14485	0.13172
-0.56815	0.11142	-0.17533
-0.45298	0.19144	-0.07998
-0.45195	0.095183	-0.18881
-0.36895	0.08829	-0.17861
-0.22175	0.36282	0.20561
0.059374	0.2387	0.15529
0.43417	0.09445	0.061596
0.098468	0.22486	0.14519
0.42081	0.082344	0.05861
-0.16909	0.051723	-0.14537
0.20099	0.17453	0.11722
0.18532	0.02838	-0.059822
0.32962	0.058665	-0.0034877
-0.45779	0.21517	-0.043527
0.40436	0.074184	0.023326
0.15154	0.037795	-0.076635
-0.43727	0.11447	-0.14998
-0.50781	0.083156	-0.20893
-0.4094	0.33054	0.14144
-0.024409	0.055867	-0.08802
0.2194	0.19764	0.10336
-0.35593	0.048006	-0.20869
-0.42243	0.16036	-0.0943
-0.34793	0.061513	-0.16564
0.39057	0.066625	0.035416
-0.0024264	0.26232	0.15825
-0.2969	0.077906	-0.12832
-0.42782	0.087218	-0.18257
-0.4676	0.11821	-0.1433
0.1377	0.20549	0.11268
0.23424	0.059092	-0.040953
-0.44338	0.14255	-0.10135
-0.34268	0.35635	0.18344
-0.44063	0.24013	-0.01422
0.23745	0.046606	-0.026723
-0.28042	0.35561	0.21018
-0.46971	0.078782	-0.19374
-0.41153	0.02762	-0.21263
0.17618	0.17782	0.12178
-0.11547	0.0064007	-0.12384
-0.55542	0.072386	-0.20523
0.21742	0.15798	0.11597
-0.22406	0.066087	-0.13826
-0.43655	0.065661	-0.19583
0.33664	0.16543	0.14496
0.24171	0.1339	0.096136
0.25392	0.16766	0.11819
0.43204	0.1108	0.10745
-0.46429	0.14668	-0.081492
-0.45989	0.12286	-0.11921
-0.49785	0.05009	-0.21863
-0.47656	0.18079	-0.072486
-0.032812	0.28399	0.19604
-0.32571	0.0661	-0.13987
0.26675	0.135	0.10033
0.037358	0.24238	0.17876
0.25435	0.044304	-0.00025247
-0.47496	0.24952	0.026726
-0.30814	0.35997	0.202
-0.058499	0.29279	0.21007
-0.49641	0.18624	-0.033317
-0.48088	0.21739	-0.0039478
0.41969	0.14072	0.13777
-0.52863	0.10433	-0.14267
0.40309	0.081287	0.076502
0.31284	0.15613	0.13117
-0.063692	0.034779	-0.11105
-0.5706	0.08981	-0.20004
-0.48562	0.11732	-0.13374
-0.36307	0.021024	-0.21699
0.27595	0.19782	0.14008
-0.02981	0.2548	0.20822
-0.18925	0.34058	0.22963
0.31843	0.12497	0.1114
-0.43003	0.032505	-0.20904
0.34748	0.13839	0.13711
-0.4686	0.044136	-0.20771
0.40543	0.10963	0.12032
-0.34408	0.0057266	-0.21825
0.20272	0.020579	-0.042151
-0.2474	0.34803	0.23324
-0.1719	0.027167	-0.1294
-0.47637	0.27208	0.088821
-0.44612	0.30398	0.10456
-0.16509	0.3311	0.23435
-0.51281	0.16421	-0.045693
-0.48431	0.12058	-0.087884
0.22576	0.13627	0.13278
-0.50299	0.04291	-0.17983
-0.27909	0.047859	-0.12135
-0.54163	0.070915	-0.17416
0.37378	0.08323	0.09758
0.37338	0.066822	0.062674
0.13577	0.19481	0.14663
0.34806	0.12313	0.13462
0.099183	0.00020189	-0.062466
0.1278	-0.0099438	-0.05371
-0.046549	0.26819	0.21684
-0.49024	0.24657	0.050693
-0.47038	0.03227	-0.20242
0.27973	0.082326	0.075061
0.019153	0.044199	-0.068379
-0.0163	0.023095	-0.085016
-0.10362	0.29775	0.24431
0.3102	0.084874	0.080713
-0.36909	-0.020564	-0.23336
-0.34175	-0.011539	-0.2269
-0.5301	0.080853	-0.15599
-0.32458	-0.042825	-0.25669
-0.38204	-0.0078434	-0.23011
0.10261	0.17993	0.19547
-0.28834	0.013268	-0.13207
-0.49644	0.11005	-0.11446
-0.13379	0.024844	-0.13708
0.06026	0.0046983	-0.06479
0.23805	0.1127	0.11138
0.23298	0.25249	0.29911
-0.33637	-0.064674	-0.28078
0.10458	0.20302	0.1729
0.0048211	0.21932	0.20947
0.2629	0.038509	0.030889
-0.4936	0.22343	0.027886
0.14201	0.17912	0.16534
0.31098	0.063266	0.079572
-0.42694	-0.0148	-0.23744
0.24412	0.032392	0.019314
-0.43891	0.0071406	-0.21221
0.011187	0.23056	0.19131
-0.21561	0.32228	0.26541
-0.33038	0.0054179	-0.1957
0.34656	0.075467	0.085367
0.19029	-0.0063765	-0.027232
-0.3578	-0.032274	-0.24561
-0.23097	0.039307	-0.10985
-0.075075	0.28703	0.23276
-0.51705	0.14698	-0.049772
-0.00051741	0.0034526	-0.074929
-0.31793	-0.10187	-0.29765
-0.29243	-0.044034	-0.21161
-0.28917	-0.012137	-0.15436
-0.51716	0.075562	-0.13461
0.15609	-0.022336	-0.036898
0.054746	0.21995	0.19355
-0.35258	-0.092426	-0.2986
0.16366	0.16131	0.16112
-0.33407	0.32683	0.2496
-0.31558	-0.074834	-0.27105
-0.33302	-0.10381	-0.31175
0.22529	0.023801	-0.011197
-0.42658	0.31126	0.15056
-0.50686	0.096144	-0.1151
-0.38031	0.32826	0.21579
-0.41271	-0.021214	-0.24275
-0.30753	-0.056707	-0.23448
-0.41084	0.31955	0.18178
-0.064735	0.019264	-0.088866
-0.51004	0.053894	-0.16168
-0.32615	-0.12535	-0.31649
0.29603	0.21458	0.26538
0.036093	-0.020151	-0.064534
0.24637	0.062377	0.10198
0.29656	0.22663	0.28763
-0.44046	-0.022628	-0.21126
-0.037803	0.0013796	-0.083464
-0.096678	0.27105	0.25479
0.24241	0.12796	0.15257
-0.48938	0.022205	-0.1741
-0.30273	-0.11122	-0.27659
-0.3052	-0.09433	-0.2653
0.24087	0.13955	0.17341
-0.29793	-0.021149	-0.17805
0.25915	0.059931	0.089126
-0.41767	-0.060693	-0.22832
-0.47905	0.26793	0.12794
-0.20799	0.019623	-0.097497
0.29585	0.18824	0.23977
0.20661	0.14251	0.14961
-0.46567	0.0035385	-0.20105
0.3154	0.1892	0.25066
-0.35495	0.32078	0.24273
0.24722	0.11221	0.142
0.30042	0.15246	0.19923
-0.25087	-0.0098042	-0.10184
0.21903	-0.016526	0.031732
-0.11335	-0.017514	-0.083472
0.26978	0.14833	0.18905
-0.35512	-0.1471	-0.3249
-0.094533	0.25702	0.24778
0.072001	-0.030656	-0.063313
-0.40187	-0.056624	-0.23896
0.25134	0.043498	0.060793
-0.51232	0.051638	-0.13876
-0.50624	0.12016	-0.055657
0.26982	0.21046	0.2667
-0.44947	0.28184	0.1783
-0.29662	0.31573	0.27048
0.24129	0.089094	0.12009
0.2767	0.17908	0.23763
-0.35194	-0.11954	-0.31646
-0.28645	-0.070485	-0.21267
-0.51238	0.18274	-0.0016287
0.27948	0.11947	0.17224
-0.38763	-0.079237	-0.2464
0.26811	0.15306	0.20648
0.14916	0.15162	0.18713
0.25046	0.25182	0.2971
-0.0068899	-0.017452	-0.06774
0.18239	0.14323	0.17488
0.30991	0.21162	0.29514
-0.52026	0.18627	0.057294
-0.21645	0.0025056	-0.094589
0.053248	0.18819	0.20932
0.28089	0.22639	0.31284
-0.53363	0.14442	0.0079614
-0.28774	-0.096622	-0.23348
0.31074	0.1206	0.19443
0.33318	0.15939	0.24824
0.25077	0.19928	0.27853
-0.51464	0.074487	-0.10601
-0.51118	0.090804	-0.080442
-0.070794	-0.019584	-0.072168
-0.53738	0.12487	-0.027705
0.20619	-0.02526	0.0054128
-0.45672	-0.032285	-0.19952
-0.37778	-0.10485	-0.26919
0.11198	0.15418	0.21129
0.082963	0.18908	0.20424
-0.2974	-0.12304	-0.25747
-0.52614	0.16607	0.021714
0.2259	0.13916	0.18893
-0.27919	-0.039565	-0.16483
-0.41131	0.29549	0.23132
0.3289	0.17215	0.26832
-0.37783	-0.15758	-0.306
-0.31293	-0.14321	-0.28627
-0.2663	-0.021472	-0.11115
-0.17679	-0.01875	-0.070481
-0.33529	-0.15998	-0.30984
0.26354	0.15934	0.23833
-0.52366	0.017711	-0.11926
-0.10381	-0.017576	-0.068498
0.12153	-0.049901	-0.045224
-0.35704	-0.17176	-0.32679
-0.043187	-0.031078	-0.065763
0.2355	0.056542	0.11623
0.24333	0.13792	0.21051
-0.13347	-0.013457	-0.099017
0.22648	0.024417	0.08734
-0.47986	-0.026325	-0.17261
0.14373	-0.054085	-0.039402
0.1829	-0.033149	-0.016768
-0.27289	-0.039141	-0.13561
-0.26425	0.30569	0.28127
-0.52352	0.047866	-0.10567
0.25798	0.22475	0.32882
0.084646	-0.053851	-0.048124
-0.37662	-0.17267	-0.32366
0.32238	0.1198	0.2265
0.32197	0.17505	0.29616
-0.54518	0.12403	-0.015327
-0.39709	-0.088697	-0.24149
0.33114	0.14913	0.2707
-0.17136	0.30779	0.26744
0.28968	0.20091	0.31968
0.25659	0.14477	0.25698
0.23125	0.24612	0.31108
-0.11809	0.26927	0.27962
-0.52586	0.095117	-0.038231
0.057404	-0.0515	-0.054375
0.28438	0.090882	0.18071
-0.42832	0.28157	0.22241
0.21488	0.017034	0.088615
-0.39281	-0.13321	-0.25212
0.25644	0.08131	0.14926
-0.48548	0.24365	0.16587
-0.47449	-0.051761	-0.17565
0.24595	0.12008	0.23744
-0.29257	-0.12814	-0.23926
0.21604	0.11252	0.21762
0.17303	0.10001	0.21485
0.24631	0.1865	0.29445
0.11918	-0.087454	-0.021593
-0.25309	0.27741	0.30827
0.30752	0.10273	0.20025
-0.38284	-0.16766	-0.29323
-0.063535	-0.050223	-0.050442
-0.32333	-0.17413	-0.26785
-0.36521	-0.19384	-0.31135
-0.10271	-0.038458	-0.050549
-0.13962	-0.028768	-0.06963
0.14231	0.1113	0.21893
0.073157	0.16742	0.22762
-0.51212	0.21344	0.12061
0.15767	-0.061424	-0.024056
-0.53005	0.033043	-0.098102
-0.37308	0.29372	0.26566
-0.40189	-0.11743	-0.22516
-0.27584	-0.060252	-0.12431
-0.10248	0.24144	0.2705
-0.078479	0.22705	0.26555
0.26164	0.20069	0.32944
0.2079	-0.04147	0.047765
-0.42224	-0.10119	-0.20583
-0.44064	-0.094526	-0.19141
-0.52494	-0.02284	-0.11309
-0.51216	0.21542	0.071082
0.2088	-0.003579	0.07977
0.020535	-0.052316	-0.044404
0.26338	0.13281	0.27598
0.3187	0.12832	0.27787
0.09833	0.12798	0.23609
-0.16035	-0.040341	-0.056972
-0.043428	0.18659	0.27581
-0.2656	-0.042377	-0.099415
-0.54364	0.11178	0.028528
-0.37776	-0.18943	-0.30371
-0.34473	-0.18937	-0.28073
0.24981	0.19543	0.31931
-0.53441	0.055934	-0.058806
0.32369	0.12322	0.25556
-0.33656	0.28712	0.28723
0.098578	-0.077166	-0.028366
-0.027731	-0.050848	-0.042901
-0.14629	0.24162	0.31204
-0.24905	-0.034452	-0.078132
-0.31134	-0.16701	-0.23936
-0.53754	0.14251	0.047296
-0.53633	0.072659	-0.02533
-0.12342	-0.043126	-0.053375
0.0555	0.14449	0.24616
0.30056	0.16385	0.31124
0.26975	0.064266	0.19826
-0.016527	0.18038	0.25733
-0.27405	-0.073658	-0.14927
0.21594	0.015391	0.14808
0.23934	0.051307	0.15188
0.28954	0.14621	0.30542
0.19347	-0.05811	0.031378
-0.15118	0.26653	0.29511
0.21352	0.0083936	0.12161
0.044144	-0.083731	-0.017188
-0.52021	0.19668	0.12268
-8.045e-05	0.17865	0.25366
-0.19898	-0.036048	-0.049565
0.19122	-0.061619	0.0030015
-0.42736	0.26523	0.24233
0.2757	0.13022	0.28904
-0.55347	0.085658	0.0039234
-0.10294	0.23557	0.29503
0.29967	0.080133	0.23503
-0.37628	-0.18199	-0.27754
-0.54397	0.016397	-0.062649
-0.2959	0.26626	0.30765
-0.28077	-0.058724	-0.095713
0.20837	-0.036148	0.060804
0.22958	0.042529	0.17804
-0.46067	-0.094874	-0.1648
0.22843	0.10186	0.22867
0.22375	-0.080459	0.017053
-0.46692	0.22908	0.21407
-0.36265	-0.19455	-0.28146
-0.29644	-0.139	-0.1861
-0.26972	-0.054848	-0.057011
-0.50936	-0.045361	-0.13393
-0.53837	0.036743	-0.035683
-0.54324	0.044035	0.014036
-0.52968	0.15622	0.094866
-0.28129	-0.11793	-0.16429
-0.28366	-0.099187	-0.14408
-0.08642	0.2148	0.29936
0.16973	-0.076944	0.019999
-0.38811	-0.14667	-0.23037
0.22357	-0.0496	0.060699
-0.36303	-0.2003	-0.25464
0.21839	-0.11464	-0.008388
-0.41007	-0.11926	-0.19414
0.23191	-0.11219	-0.00032883
0.016384	-0.081443	-0.0093744
-0.54151	0.00059284	-0.092432
0.25087	0.079687	0.23756
0.25441	0.059441	0.21464
-0.4868	-0.078281	-0.14607
0.23388	-0.1073	0.042265
0.27252	0.070496	0.24041
-0.054995	-0.079821	-0.010692
0.20951	-0.024675	0.086561
0.028286	0.16004	0.25428
0.2033	-0.044486	0.082624
0.41567	-0.2258	-0.08644
-0.39205	-0.13384	-0.16947
-0.29652	-0.090806	-0.12108
0.42965	-0.2614	-0.12357
0.23973	-0.11109	0.027922
0.36592	-0.21498	-0.084515
0.21047	0.067767	0.21593
0.22255	-0.019122	0.11987
-0.33098	-0.18647	-0.23729
0.40684	-0.24617	-0.11922
0.12557	-0.094289	0.01704
0.21976	0.046102	0.19547
-0.54053	0.11338	0.070525
0.24976	-0.12885	-0.01191
-0.18244	0.23993	0.32164
-0.21729	0.25784	0.31511
-0.22826	-0.064302	-0.029948
0.082981	-0.092515	0.0040328
0.2885	0.094417	0.26316
0.36536	-0.2525	-0.1215
-0.54062	0.0092035	-0.032388
-0.52351	0.1528	0.14665
-0.13911	-0.073457	-0.05316
-0.13117	-0.093309	-0.042914
0.45333	-0.25631	-0.097864
0.27634	-0.16014	-0.024524
-0.31857	-0.16317	-0.20574
0.40579	-0.21711	-0.068119
0.45876	-0.2865	-0.12899
-0.42985	0.23297	0.26482
-0.29082	-0.1338	-0.16602
0.13882	-0.099208	0.016588
-0.52144	-0.056779	-0.11647
-0.56792	-0.023995	-0.082535
-0.031393	-0.081955	0.0028588
0.26874	-0.1197	0.0093742
0.18688	0.06427	0.21924
-0.30204	-0.069225	-0.076696
0.2608	-0.11402	0.027004
-0.55672	-0.031493	-0.098966
0.23012	-0.15627	-0.032181
0.41437	-0.31429	-0.16489
0.19402	-0.13839	-0.020643
-0.38351	-0.17024	-0.22365
0.44206	-0.30643	-0.15589
-0.33554	0.24337	0.31382
-0.54369	0.078013	0.060811
0.23646	-0.029553	0.14187
0.26695	-0.17976	-0.037471
-0.53366	0.037619	-0.0020692
0.2245	-0.08456	0.078298
0.34665	-0.21786	-0.075597
0.21591	0.021859	0.17498
-0.53076	0.12761	0.10381
-0.33104	-0.15366	-0.17417
-0.32395	-0.10623	-0.11328
0.23187	-0.014965	0.17722
-0.10523	-0.056576	-0.024761
-0.45331	-0.11842	-0.17606
0.085152	0.092177	0.2563
0.34456	-0.25319	-0.11169
-0.39368	0.25199	0.28598
-0.33469	-0.17793	-0.21015
-0.28639	0.23835	0.32808
-0.54398	-0.047142	-0.11012
0.020129	0.10505	0.26994
-0.50196	-0.075272	-0.12039
0.31179	-0.23591	-0.090629
0.20781	0.035794	0.2014
-0.55858	-0.0084156	-0.066443
-0.086282	-0.076267	0.0046811
0.44926	-0.24099	-0.0637
0.30569	-0.21178	-0.057445
0.29624	-0.12783	0.043088
0.31215	-0.17792	-0.0096247
0.49396	-0.32793	-0.13675
-0.1734	-0.089483	-0.039623
0.35143	-0.20952	-0.039862
0.33808	-0.18926	0.0046011
-0.024979	0.14299	0.27135
-0.45584	-0.12368	-0.16386
-0.55456	0.066108	0.029253
0.20742	-0.061294	0.09586
-0.55568	-0.0061891	-0.04666
-0.011391	-0.085742	0.00067327
0.2809	-0.21939	-0.065077
-0.2595	-0.069472	-0.01973
0.43702	-0.34098	-0.17713
0.23026	-0.19725	-0.044604
-0.32908	-0.086709	-0.080396
-0.37564	-0.17537	-0.19552
-0.24192	0.21973	0.3384
0.29272	-0.18456	-0.029308
0.28591	-0.11343	0.070717
0.20102	0.030748	0.21529
0.49409	-0.34721	-0.15996
0.38251	-0.30434	-0.15332
0.45087	-0.35318	-0.18554
0.32921	-0.27844	-0.12189
-0.34419	-0.13157	-0.12962
0.11362	0.095306	0.24184
-0.41921	-0.12915	-0.15646
0.48538	-0.29883	-0.10266
-0.30467	0.23502	0.32223
0.16284	0.038471	0.24803
-0.070998	0.15538	0.31833
-0.12348	0.21812	0.3158
0.0075791	0.12049	0.27439
-0.37771	-0.14263	-0.13825
0.26449	-0.11041	0.07139
0.3282	-0.20319	-0.037502
0.42143	-0.22849	-0.032422
0.30164	-0.26234	-0.10741
-0.35968	-0.16159	-0.16352
-0.58899	-0.058347	-0.10222
0.36731	-0.31769	-0.14771
0.48839	-0.3706	-0.18127
-0.52352	0.0050385	-0.0096333
0.3639	-0.21363	-0.023494
0.11876	-0.10505	0.028173
-0.4502	0.20512	0.24964
0.47777	-0.28229	-0.080092
-0.10771	0.1748	0.32608
-0.35796	-0.13768	-0.139
-0.50039	0.17181	0.19703
-0.46847	-0.10152	-0.13735
0.47001	-0.43909	-0.27249
0.47132	-0.4601	-0.297
-0.0081221	-0.086732	0.025905
-0.53861	-0.070911	-0.1128
0.43702	-0.45477	-0.29518
-0.54448	0.042764	0.043
0.17584	-0.17903	-0.029713
0.1478	-0.15826	-0.0082821
0.24425	-0.064973	0.13167
0.25145	-0.22134	-0.066069
0.4999	-0.44686	-0.27052
0.48155	-0.43319	-0.25692
0.43685	-0.46883	-0.30759
-0.18252	0.20957	0.33767
0.23791	-0.1124	0.06738
0.4009	-0.36725	-0.18971
-0.050171	0.15541	0.29688
0.50331	-0.37457	-0.17739
0.46026	-0.26353	-0.04556
0.38671	-0.35177	-0.16968
0.48461	-0.46607	-0.28894
0.52223	-0.4314	-0.24072
0.1212	-0.13673	0.019845
0.54225	-0.40871	-0.20675
0.48639	-0.40644	-0.22294
0.27437	-0.25462	-0.090995
-0.4356	-0.12464	-0.12722
-0.37053	-0.16178	-0.16651
0.22775	-0.23273	-0.071465
-0.34611	-0.091288	-0.080743
-0.5062	-0.087374	-0.10391
0.45149	-0.38472	-0.19729
0.45676	-0.40263	-0.20955
-0.53752	-0.08579	-0.10721
0.4325	-0.44333	-0.26942
0.1399	0.049308	0.24685
-0.41749	0.17493	0.29194
0.041168	-0.099425	0.037182
0.19218	-0.18753	-0.039155
0.05643	-0.10932	0.052816
-0.46094	-0.11171	-0.11627
-0.51689	0.016197	0.020801
-0.032981	0.092765	0.27728
-0.61103	-0.059837	-0.07861
0.29661	-0.10026	0.1048
0.56171	-0.39768	-0.17853
-0.3474	-0.081544	-0.042369
0.40848	-0.23152	-0.0077654
0.07459	-0.10337	0.057209
-0.59458	-0.038206	-0.058023
0.41572	-0.47113	-0.29952
0.25788	-0.25242	-0.080039
0.28838	-0.076014	0.13665
-0.11865	-0.10477	-0.010314
0.52364	-0.37754	-0.16448
-0.071789	-0.088499	0.031722
-0.3458	0.22309	0.31991
-0.56186	-0.091216	-0.11516
0.11051	0.031154	0.25734
-0.52028	0.093935	0.12831
0.29406	-0.29268	-0.11376
0.55444	-0.43611	-0.20675
0.25797	-0.050325	0.17553
0.57459	-0.41604	-0.18742
0.51173	-0.46133	-0.25717
-0.53127	-0.0095961	-0.019598
0.21453	0.00077029	0.20794
0.44574	-0.42788	-0.23638
-0.37918	-0.097021	-0.060657
0.21011	-0.21511	-0.043111
0.51869	-0.36763	-0.1438
0.41407	-0.50424	-0.3088
0.25355	-0.051291	0.15259
0.24073	-0.096976	0.086944
0.30716	-0.097861	0.12652
0.31081	-0.11722	0.096902
0.52825	-0.37823	-0.12939
0.35177	-0.19302	0.025478
0.27195	-0.088556	0.11755
-0.29611	-0.073567	-0.028501
-0.56013	-0.025078	-0.031262
0.44813	-0.4947	-0.30619
0.43834	-0.26009	-0.0067863
-0.38919	-0.14104	-0.1001
-0.50289	-0.048052	-0.02087
0.38387	-0.22922	-0.00012724
0.28233	-0.066918	0.16584
0.59785	-0.40492	-0.1534
0.33796	-0.31288	-0.13722
-0.60535	-0.093614	-0.10335
-0.52103	-0.078096	-0.081948
0.32919	-0.14012	0.097298
-0.059878	0.1145	0.31008
-0.14441	0.17861	0.34033
0.17256	-0.21174	-0.029831
-0.49984	0.00084473	0.03063
0.51532	-0.34536	-0.11871
0.56584	-0.39128	-0.14602
0.5855	-0.42552	-0.17359
-0.34503	-0.088361	0.0012361
0.036626	0.072944	0.27086
-0.39358	0.19042	0.30645
-0.51216	0.14399	0.18534
-0.0090413	0.082026	0.27886
0.35084	-0.36125	-0.16714
0.51016	-0.34763	-0.089737
0.32626	-0.15363	0.071137
-0.20271	0.1822	0.35057
-0.51972	-0.059246	-0.030008
0.14135	-0.19482	-0.0056671
-0.56885	-0.062249	-0.034035
-0.51714	0.11806	0.16713
0.25223	-0.27813	-0.078983
0.21227	-0.2436	-0.065908
-0.15817	-0.12386	-0.018886
0.10173	-0.10036	0.034642
0.38894	-0.38098	-0.18477
0.41259	-0.46013	-0.26925
-0.51706	0.0083449	0.056907
-0.49006	-0.045853	-0.0061827
-0.50242	-0.081859	-0.063412
0.32438	-0.34507	-0.14499
0.41711	-0.42091	-0.1937
-0.49719	0.14436	0.21099
0.19702	-0.23699	-0.033695
-0.59013	-0.099769	-0.099113
0.35925	-0.19951	0.05129
-0.023874	-0.090894	0.075538
-0.28725	0.20476	0.34
-0.24745	-0.11744	-0.0081506
0.11442	-0.17365	0.025774
0.38019	-0.23287	0.023399
-0.36452	-0.12295	-0.099976
0.20251	-0.0038956	0.23363
-0.38428	-0.081014	-0.019304
-0.047544	0.11667	0.28948
0.37925	-0.41207	-0.18224
-0.31388	0.19917	0.3361
0.35565	-0.17904	0.070557
0.3149	-0.3319	-0.12811
-0.50355	0.066574	0.14075
0.42664	-0.43519	-0.20585
0.40823	-0.50251	-0.26509
-0.63824	-0.081794	-0.073269
-0.47791	-0.032638	0.031368
-0.17756	0.16949	0.35562
-0.56005	-0.0837	-0.083056
-0.4767	-0.10071	-0.079721
0.1003	-0.14519	0.049828
-0.23843	0.18823	0.35304
0.59732	-0.43118	-0.15515
-0.072004	-0.095959	0.060343
0.3011	-0.10735	0.16
-0.1423	-0.1316	-0.0043722
0.28971	-0.33138	-0.10739
0.3194	-0.37779	-0.1338
0.26213	-0.30627	-0.087583
-0.50249	-0.074662	-0.046773
0.02874	-0.11036	0.091206
0.00077752	0.047219	0.27025
0.44181	-0.52979	-0.2964
-0.34936	0.16886	0.32913
0.08465	-0.11312	0.077085
-0.48051	-0.075882	-0.027173
-0.52309	0.021594	0.070023
0.52126	-0.38226	-0.096505
0.27377	-0.076652	0.1933
-0.10038	0.14337	0.33322
-0.032613	0.066937	0.27369
0.5723	-0.40518	-0.11633
-0.44193	-0.10975	-0.031386
0.53605	-0.39814	-0.1093
0.41558	-0.46133	-0.23351
0.25175	-0.054866	0.20481
0.23907	-0.28567	-0.066505
0.422	-0.5088	-0.31759
-0.5598	-0.090658	-0.058599
-0.41711	-0.11233	-0.022524
-0.080027	0.093214	0.32745
-0.11617	-0.12237	0.026579
-0.44154	0.1631	0.26991
0.4177	-0.52273	-0.28928
-0.40078	-0.11414	-0.037209
-0.44766	0.11829	0.26262
-0.43002	-0.12556	-0.072427
0.49351	-0.49326	-0.25154
0.39486	-0.25461	0.021403
-0.35466	-0.098559	0.022372
-0.097111	-0.11568	0.066059
0.19698	-0.026716	0.25394
0.12213	-0.19779	0.016379
-0.18233	-0.14387	0.0060322
0.36112	-0.20024	0.082689
-0.3947	-0.10587	-0.02298
-0.062408	0.057844	0.28323
-0.4805	-0.025143	0.096763
-0.50143	0.099086	0.19544
0.47685	-0.31155	-0.030401
0.31592	-0.36126	-0.12732
-0.26601	-0.11874	0.019947
-0.45685	-0.062978	0.030332
0.34204	-0.39952	-0.15607
0.24612	-0.083101	0.22686
-0.60059	-0.053987	-0.048407
0.044191	0.025889	0.26767
-0.55714	-0.089499	-0.042097
0.14162	0.016864	0.2606
0.054114	-0.11619	0.10531
-0.069297	-0.094083	0.12669
-0.01653	-0.08842	0.12748
0.32971	-0.16388	0.12473
0.42631	-0.27144	0.014581
-0.46556	0.088446	0.24123
0.44886	-0.30456	0.0078451
0.29628	-0.12324	0.17722
0.17208	-0.24083	-0.016404
0.4166	-0.45744	-0.18531
0.37634	-0.2346	0.05124
0.2837	-0.34729	-0.089229
-0.62915	-0.10713	-0.072209
-0.37649	0.13511	0.31538
-0.44484	-0.095685	-0.010577
0.61015	-0.4259	-0.12211
0.51854	-0.40715	-0.089063
-0.2631	0.15027	0.36008
0.20444	-0.050595	0.25296
0.20041	-0.25781	-0.019197
-0.073631	0.06773	0.31685
-0.37652	-0.091953	0.0065205
0.38598	-0.44037	-0.16268
0.40861	-0.48376	-0.2432
-0.28712	-0.10134	0.012022
0.44084	-0.55612	-0.28025
0.40937	-0.45457	-0.17138
0.20771	-0.26938	-0.045468
-0.39259	-0.10949	-0.00081283
0.021726	-0.10848	0.1289
-0.49503	-0.01588	0.077766
-0.14254	-0.14427	0.032069
0.096867	-0.0026387	0.26753
0.068172	0.002698	0.26135
-0.050269	0.014954	0.25684
-0.04355	-0.087982	0.13408
0.23034	-0.29254	-0.036069
-0.41871	-0.10248	0.013829
0.57519	-0.47167	-0.13056
0.48085	-0.34397	-0.030477
0.36152	-0.21875	0.084994
-0.14653	0.12405	0.35183
0.16344	-0.026897	0.26856
-0.092079	-0.10695	0.090495
-0.60155	-0.10522	-0.061682
0.57878	-0.42066	-0.10429
0.52113	-0.42479	-0.090126
-0.22098	-0.14194	0.017473
0.09299	-0.18508	0.065479
0.33085	-0.4052	-0.13695
0.072683	-0.13633	0.11858
0.4156	-0.55685	-0.28765
-0.19749	0.14086	0.36386
0.032435	-0.023412	0.25384
-0.30462	-0.12597	0.037238
0.14419	-0.24572	0.01834
0.38457	-0.26952	0.038645
0.077929	-0.168	0.093725
0.40089	-0.49735	-0.2275
-0.31621	0.15317	0.34513
0.49719	-0.39414	-0.061816
0.59824	-0.45332	-0.11267
-0.46246	-0.011779	0.13796
0.26527	-0.33864	-0.066662
0.5866	-0.4546	-0.098136
0.31625	-0.37237	-0.11015
0.41417	-0.4729	-0.19672
0.54553	-0.4735	-0.17065
0.54779	-0.50012	-0.14115
0.46238	-0.5696	-0.23623
-0.082688	0.017725	0.2817
-0.10336	0.076471	0.32766
0.21048	-0.27611	-0.003594
-0.23177	0.13922	0.36393
-0.46528	-0.03628	0.069577
0.31351	-0.19375	0.14945
-0.60473	-0.1025	-0.042374
-0.22929	-0.14081	0.04558
-0.010032	-0.0068991	0.25007
0.13429	-0.22987	0.024262
-0.43189	-0.078253	0.049911
0.05021	-0.12767	0.14918
0.34325	-0.39807	-0.10463
0.28576	-0.13936	0.19338
0.40828	-0.30781	0.035934
-0.63367	-0.095203	-0.052601
0.35853	-0.24297	0.078046
-0.38633	-0.11374	0.014869
0.35649	-0.43187	-0.14004
0.30778	-0.37551	-0.078347
-0.093626	-0.11308	0.11899
0.39525	-0.5315	-0.25318
-0.47562	0.023719	0.1401
-0.12254	-0.12656	0.10534
0.14883	-0.076655	0.27967
-0.093249	0.0087435	0.30089
0.025436	-0.10941	0.15647
0.099718	-0.033606	0.268
-0.48169	0.070673	0.21157
-0.44129	-0.058359	0.099545
0.22917	-0.29303	0.0047658
0.46809	-0.35743	-0.013582
0.51498	-0.53763	-0.16987
0.11364	-0.22275	0.052897
-0.26447	-0.13906	0.050343
-0.18922	-0.15383	0.035515
-0.051628	-0.018067	0.23306
-0.15946	-0.15327	0.05653
0.17601	-0.26724	0.013141
-0.45277	0.001414	0.1591
-0.070903	0.015288	0.26531
-0.05752	-0.053849	0.19969
-0.025805	-0.040956	0.22471
0.41431	-0.57189	-0.27647
-0.3402	-0.12117	0.040942
-0.0657	-0.084419	0.15732
-0.33319	0.12493	0.34173
-0.029851	-0.070333	0.18973
-0.14327	-0.14376	0.095127
-0.20276	0.095765	0.35937
0.34273	-0.24581	0.10231
-0.14899	0.07262	0.34126
0.052262	-0.037564	0.25877
-0.4626	0.049995	0.2226
0.57236	-0.47802	-0.11078
-0.022664	-0.087923	0.16108
0.42272	-0.33986	0.028008
0.36135	-0.29582	0.048628
-0.081646	-0.015273	0.25004
-0.47071	-0.038436	0.10476
0.40637	-0.51979	-0.204
0.49974	-0.43532	-0.087153
0.40392	-0.46154	-0.13626
-0.41256	-0.10151	0.067756
0.55748	-0.46245	-0.094638
-0.085852	-0.076869	0.18334
0.26497	-0.34645	-0.036547
0.0083456	-0.063878	0.22018
0.37065	-0.43823	-0.11597
-0.099613	0.017208	0.31304
-0.39961	0.085179	0.29829
-0.1758	0.095361	0.35601
0.42209	-0.48042	-0.15198
0.33974	-0.40864	-0.080356
-0.35059	-0.13738	0.047703
-0.2707	0.11427	0.36084
0.4089	-0.55376	-0.22475
-0.087543	-0.046428	0.22426
-0.39033	-0.1247	0.064077
-0.098607	-0.10257	0.14846
0.55401	-0.48126	-0.10612
0.023488	-0.094155	0.19949
0.25989	-0.14698	0.21854
-0.11757	0.027176	0.31697
0.43871	-0.5863	-0.24556
0.46814	-0.41571	-0.051055
0.18754	-0.28126	0.034282
0.29109	-0.36594	-0.039489
-0.36343	-0.13551	0.045233
0.42048	-0.51122	-0.16504
0.34097	-0.26697	0.08005
0.22882	-0.10153	0.24194
-0.34092	0.085758	0.3335
0.24851	-0.31413	-0.011072
0.4755	-0.44378	-0.083189
0.3298	-0.25992	0.10248
0.39843	-0.56072	-0.27253
-0.21783	-0.16349	0.084431
0.22204	-0.29031	0.027046
-0.30018	-0.15632	0.068977
-0.24866	0.090133	0.3641
0.026408	-0.075997	0.22892
0.095474	-0.20743	0.085048
0.067181	-0.14668	0.15727
-0.44394	-0.06154	0.12402
0.062168	-0.0695	0.25012
0.054118	-0.12658	0.18834
0.37643	-0.32182	0.047078
0.10732	-0.058411	0.2727
-0.44615	0.021107	0.23167
0.30865	-0.22833	0.1321
0.32087	-0.28311	0.080881
0.28266	-0.18956	0.18831
0.42121	-0.57894	-0.24167
-0.26873	-0.17111	0.093425
-0.43785	-0.0036235	0.18279
0.25425	-0.30088	0.036698
0.32463	-0.4004	-0.052913
0.48785	-0.45808	-0.096789
-0.44754	-0.042754	0.1429
0.04182	-0.08628	0.22668
0.45477	-0.47198	-0.11463
0.16419	-0.27373	0.069366
0.44168	-0.48639	-0.13427
0.31958	-0.31586	0.045376
0.37036	-0.43217	-0.069796
0.42578	-0.46383	-0.11256
0.18059	-0.071487	0.26907
-0.11546	-0.051113	0.25242
-0.20732	-0.16478	0.1088
0.42524	-0.40925	-0.014059
0.053265	-0.10827	0.22418
-0.14142	-0.12881	0.15004
0.43473	-0.38272	0.0036215
0.50407	-0.52297	-0.14922
-0.409	0.047605	0.28243
0.26756	-0.31964	0.013313
0.4768	-0.4939	-0.1218
-0.18668	-0.15509	0.12245
0.41211	-0.53971	-0.17996
0.28778	-0.31595	0.036121
0.087258	-0.083241	0.26442
-0.3294	-0.15395	0.077272
0.43911	-0.45261	-0.089795
0.077331	-0.18672	0.12557
-0.42988	-0.016802	0.20167
-0.19491	0.032395	0.33983
0.40393	-0.45641	-0.10814
0.28282	-0.25957	0.12208
-0.3603	0.050905	0.31793
-0.22727	0.050256	0.34639
0.2942	-0.2926	0.07714
-0.40882	0.012371	0.262
0.30325	-0.37189	0.0053602
-0.42135	-0.078528	0.13534
0.26866	-0.29677	0.066826
-0.13893	0.00039065	0.31214
-0.12503	-0.093268	0.20599
0.36916	-0.37255	0.035983
0.070954	-0.16801	0.19165
-0.31286	0.079005	0.3464
-0.40472	-0.1129	0.10912
0.12844	-0.25177	0.091278
-0.37775	-0.13575	0.078834
0.43767	-0.52627	-0.15686
0.46161	-0.52374	-0.14752
0.29524	-0.23906	0.13464
0.19992	-0.28846	0.071952
0.068955	-0.15158	0.19496
0.23618	-0.29071	0.074789
0.085472	-0.12514	0.25224
0.48489	-0.5769	-0.19319
0.43082	-0.60397	-0.22894
-0.26699	0.056666	0.35441
0.2436	-0.16692	0.22548
0.29867	-0.35298	0.018643
0.33136	-0.34864	0.040439
0.26943	-0.24477	0.15038
0.30414	-0.381	-0.018836
-0.28787	0.069848	0.35353
0.4115	-0.59167	-0.21994
0.1646	-0.12895	0.26509
-0.42601	-0.053731	0.18178
-0.16549	-0.13757	0.15401
0.33505	-0.40047	-0.012896
-0.14052	-0.059207	0.2709
0.4923	-0.55842	-0.16993
0.38692	-0.42298	-0.023607
0.10924	-0.10436	0.27095
0.09704	-0.21781	0.13483
0.14782	-0.11589	0.27789
0.44487	-0.56849	-0.16932
0.23079	-0.19436	0.21749
-0.40423	-0.025328	0.22094
-0.169	-0.024191	0.30869
0.078792	-0.18962	0.14579
-0.14158	-0.10304	0.20208
0.25153	-0.27668	0.11322
-0.42724	-0.079597	0.15876
-0.24859	0.045778	0.3503
-0.35428	-0.13836	0.10401
-0.30989	-0.15849	0.10023
0.24568	-0.21977	0.19233
0.21414	-0.17108	0.23525
-0.40383	-0.087059	0.15669
0.070476	-0.14432	0.22374
0.34171	-0.38378	0.024679
0.2102	-0.27896	0.11802
-0.24367	-0.18157	0.11856
0.3756	-0.38908	0.027458
-0.26934	0.025753	0.34697
-0.4052	-0.10383	0.14199
-0.19496	0.0090761	0.33276
0.45597	-0.59233	-0.19109
-0.3269	0.042569	0.3337
0.42245	-0.58212	-0.19326
-0.2063	-0.173	0.13554
0.1187	-0.23879	0.13729
0.088216	-0.19932	0.18339
0.077687	-0.17496	0.21378
-0.39631	-0.043485	0.22518
-0.41141	-0.062326	0.19955
-0.1758	-0.12299	0.20931
-0.36016	-0.01603	0.29116
-0.33109	0.01032	0.31829
-0.1555	-0.037436	0.29066
-0.37751	-0.038343	0.25372
0.15625	-0.26649	0.12003
-0.35813	-0.11966	0.15897
-0.33888	-0.14537	0.12095
-0.18022	-0.13863	0.19414
-0.38557	-0.10407	0.15655
-0.17031	-0.10136	0.23075
-0.25846	-0.0028504	0.33422
-0.27435	-0.1879	0.11289
0.11756	-0.14601	0.27525
0.15495	-0.17147	0.24873
-0.20995	-0.034353	0.30256
-0.3811	-0.061634	0.22531
-0.18711	-0.081887	0.25844
-0.32061	-0.16613	0.11709
-0.29607	-0.17698	0.10907
0.11533	-0.22422	0.18757
-0.18804	-0.15601	0.17165
0.10938	-0.13976	0.27349
0.091081	-0.16153	0.25001
-0.30039	0.0058433	0.33266
-0.38284	-0.086133	0.19509
0.21058	-0.23808	0.18814
0.18445	-0.26081	0.15679
-0.21144	-0.06471	0.27552
-0.25697	-0.022859	0.31546
-0.3677	-0.083218	0.20241
-0.20158	-0.17485	0.14741
0.17519	-0.20629	0.22335
-0.32959	-0.060948	0.26593
0.20368	-0.2547	0.16799
-0.29733	-0.01927	0.31738
-0.35931	-0.054906	0.25467
0.16081	-0.24408	0.18062
-0.2549	-0.059017	0.28322
-0.22289	-0.20123	0.13892
-0.30242	-0.052956	0.28434
-0.29432	-0.040454	0.29949
0.12542	-0.19427	0.23746
-0.21082	-0.11352	0.2694
-0.36276	-0.11063	0.19833
-0.33806	-0.15993	0.12985
0.10779	-0.20354	0.22089
-0.3036	-0.071496	0.27694
-0.32269	-0.082047	0.2621
-0.35387	-0.17075	0.14596
-0.2612	-0.082609	0.28253
-0.19558	-0.12246	0.24852
-0.35398	-0.10269	0.22038
-0.36994	-0.14013	0.18016
-0.19252	-0.17212	0.22105
-0.22685	-0.091587	0.27811
-0.37483	-0.14971	0.20138
-0.34077	-0.12122	0.25458
-0.36301	-0.20031	0.16619
-0.1937	-0.20189	0.19736
-0.28412	-0.25734	0.12254
-0.20421	-0.21699	0.16351
-0.25004	-0.25622	0.13889
-0.29775	-0.098869	0.28324
-0.24663	-0.12267	0.29012
-0.27911	-0.26415	0.0967
-0.26212	-0.27208	0.099603
-0.34155	-0.22813	0.14155
-0.21748	-0.13772	0.27815
-0.32585	-0.27846	0.079302
-0.30971	-0.25331	0.12571
-0.29831	-0.29786	0.06232
-0.2803	-0.3006	0.070235
-0.36985	-0.1683	0.22475
-0.36376	-0.13423	0.23784
-0.26289	-0.26711	0.1222
-0.29617	-0.1401	0.29257
-0.33801	-0.24873	0.13805
-0.21236	-0.17765	0.26504
-0.23709	-0.2807	0.12194
-0.31769	-0.14223	0.28654
-0.20844	-0.23769	0.17785
-0.29595	-0.34526	0.029426
-0.24737	-0.2834	0.109
-0.28687	-0.33651	0.044169
-0.32783	-0.32808	0.039811
-0.2107	-0.22072	0.22821
-0.36147	-0.27083	0.12381
-0.36924	-0.20192	0.1901
-0.20781	-0.23491	0.20092
-0.28933	-0.3709	0.022486
-0.33304	-0.14396	0.26984
-0.23076	-0.15826	0.28501
-0.36884	-0.30698	0.087226
-0.28357	-0.3362	0.064585
-0.26628	-0.14666	0.29401
-0.34999	-0.14608	0.26119
-0.2177	-0.27787	0.19148
-0.26334	-0.3077	0.10663
-0.36377	-0.20395	0.22924
-0.36628	-0.3318	0.06361
-0.35937	-0.25431	0.16311
-0.3642	-0.24374	0.17665
-0.36507	-0.36595	0.041938
-0.22724	-0.26975	0.16424
-0.33834	-0.35687	0.031379
-0.29546	-0.39043	0.013856
-0.34647	-0.19943	0.25657
-0.31968	-0.39665	0.011405
-0.40244	-0.46852	-0.061348
-0.23785	-0.21046	0.26829
-0.21252	-0.309	0.15152
-0.28774	-0.19815	0.28531
-0.38023	-0.28692	0.13508
-0.23902	-0.31921	0.13431
-0.38947	-0.45413	-0.055639
-0.37448	-0.23563	0.21616
-0.31901	-0.20568	0.2788
-0.37009	-0.26579	0.17416
-0.37623	-0.46334	-0.056192
-0.22385	-0.2864	0.22359
-0.27514	-0.39777	0.052775
-0.32299	-0.4211	0.0053759
-0.20993	-0.30186	0.15822
-0.35539	-0.39341	0.027622
-0.41459	-0.46539	-0.040057
-0.30847	-0.41838	0.011361
-0.35881	-0.2544	0.20436
-0.38317	-0.36881	0.057656
-0.37397	-0.42641	-0.0043834
-0.38942	-0.34569	0.084165
-0.3599	-0.41336	0.016481
-0.41317	-0.44948	-0.025028
-0.34643	-0.43965	-0.017439
-0.25292	-0.22526	0.27397
-0.21241	-0.30064	0.19026
-0.24437	-0.25803	0.26024
-0.34854	-0.47062	-0.029186
-0.35075	-0.25027	0.23923
-0.24344	-0.41607	0.097036
-0.22179	-0.34871	0.15232
-0.38957	-0.42768	0.0155
-0.20532	-0.34697	0.16709
-0.3538	-0.23301	0.26
-0.38176	-0.41634	0.04487
-0.28606	-0.42706	0.031366
-0.22826	-0.26744	0.23321
-0.29102	-0.45082	0.027289
-0.39531	-0.32183	0.12919
-0.36548	-0.50126	-0.042753
-0.399	-0.34529	0.11969
-0.26573	-0.24969	0.28338
-0.39513	-0.38759	0.072322
-0.35044	-0.26791	0.22813
-0.33223	-0.23403	0.27619
-0.38163	-0.2918	0.18728
-0.40557	-0.33406	0.1782
-0.40529	-0.36953	0.10521
-0.42256	-0.4563	-0.0072087
-0.20416	-0.32527	0.19069
-0.29284	-0.24205	0.29055
-0.20367	-0.36523	0.17981
-0.2245	-0.31564	0.22707
-0.31579	-0.45479	0.006612
-0.27309	-0.27495	0.26982
-0.38807	-0.42753	0.066221
-0.32176	-0.50082	0.0087534
-0.22887	-0.40065	0.12889
-0.29975	-0.267	0.27042
-0.3725	-0.30957	0.21429
-0.41511	-0.50363	-0.035535
-0.32084	-0.27158	0.25955
-0.38329	-0.53296	-0.059545
-0.21156	-0.32606	0.21403
-0.41569	-0.47029	0.03383
-0.21098	-0.39111	0.15066
-0.3968	-0.54455	-0.061014
-0.4031	-0.4461	0.044946
-0.39379	-0.50272	-0.05217
-0.36639	-0.54391	-0.040352
-0.25355	-0.28426	0.25583
-0.20925	-0.36575	0.19658
-0.33529	-0.29844	0.24715
-0.28482	-0.31547	0.26175
-0.40494	-0.4009	0.098364
-0.24602	-0.32219	0.24547
-0.22945	-0.45736	0.11059
-0.42259	-0.51194	-0.0062109
-0.21433	-0.40812	0.1586
-0.41755	-0.38795	0.11724
-0.21967	-0.42323	0.12676
-0.39573	-0.3254	0.19676
-0.22188	-0.34626	0.2244
-0.23457	-0.47994	0.10635
-0.38337	-0.55535	-0.065625
-0.24507	-0.34704	0.24611
-0.33576	-0.53159	0.0012129
-0.37922	-0.56929	-0.037524
-0.41035	-0.54842	-0.037446
-0.39494	-0.42913	0.10628
-0.4147	-0.37019	0.15361
-0.2356	-0.38017	0.22186
-0.22908	-0.44449	0.15446
-0.41345	-0.36804	0.17406
-0.4061	-0.36345	0.19812
-0.29497	-0.52301	0.053843
-0.38321	-0.35206	0.22327
-0.38053	-0.45513	0.084238
-0.41072	-0.42142	0.13448
-0.26155	-0.49963	0.083763
-0.42151	-0.49278	0.02332
-0.22414	-0.40337	0.1913
-0.32234	-0.33405	0.25323
-0.37851	-0.51336	0.092551
-0.40954	-0.40692	0.16415
-0.27649	-0.37806	0.24624
-0.38543	-0.48075	0.082833
-0.24633	-0.44035	0.18204
-0.3563	-0.48348	0.10998
-0.31476	-0.37804	0.24848
-0.24277	-0.4944	0.11099
-0.36786	-0.60028	-0.029201
-0.37194	-0.37309	0.23415
-0.38317	-0.59744	-0.018502
-0.40248	-0.51593	0.056154
-0.37346	-0.459	0.13912
-0.40702	-0.5534	0.0096733
-0.26827	-0.41165	0.22177
-0.28079	-0.51809	0.08145
-0.39257	-0.57086	-0.028492
-0.34638	-0.58439	0.0012868
-0.40551	-0.53659	0.047514
-0.39166	-0.44544	0.1528
-0.40062	-0.39364	0.19451
-0.32633	-0.60259	0.040578
-0.33985	-0.39609	0.24627
-0.2891	-0.51756	0.099622
-0.26357	-0.47977	0.1526
-0.26612	-0.45203	0.18554
-0.26792	-0.50291	0.12196
-0.29086	-0.44136	0.203
-0.30355	-0.55577	0.068572
-0.34355	-0.4863	0.12886
-0.39179	-0.42243	0.18754
-0.39877	-0.57295	0.028896
-0.33351	-0.50878	0.11749
-0.35549	-0.60134	0.0077574
-0.35159	-0.40904	0.23605
-0.33872	-0.6215	0.020199
-0.32359	-0.50049	0.12845
-0.30112	-0.51216	0.11264
-0.36683	-0.45868	0.17405
-0.29278	-0.50125	0.13877
-0.29309	-0.48377	0.16668
-0.31249	-0.48629	0.15939
-0.32726	-0.46019	0.18402
-0.37365	-0.55108	0.090973
-0.32613	-0.54085	0.10738
-0.36968	-0.60545	0.016686
-0.36217	-0.44398	0.20293
-0.34186	-0.44872	0.2036
-0.31861	-0.55926	0.092143
-0.38001	-0.6049	0.033232
-0.35175	-0.54546	0.10682
-0.3812	-0.58744	0.064043
-0.35982	-0.63869	0.029176
-0.32588	-0.59058	0.074261
-0.35962	-0.57451	0.093777
-0.34487	-0.6354	0.040349
-0.35859	-0.61818	0.06199
-0.34546	-0.59362	0.086959
0.31695	0.051003	0.036506
