3	1249	1230	1239
3	1249	1293	1414
3	1229	1233	1263
3	1505	1538	1677
3	1494	1527	1566
3	1697	1645	1721
3	1907	1894	1924
3	1924	1933	1976
3	1933	1962	1976
3	1962	1994	1996
3	73	134	132
3	1229	1230	1233
3	1233	1230	1241
3	999	1030	1065
3	1030	1002	1075
3	1002	1031	1075
3	1065	1030	1075
3	1065	1075	1088
3	1230	1249	1310
3	1310	1249	1389
3	1389	1249	1414
3	1389	1414	1461
3	1233	1241	1279
3	1241	1404	1300
3	1279	1241	1300
3	1241	1230	1310
3	1404	1241	1310
3	1263	1233	1346
3	1233	1279	1346
3	1346	1279	1371
3	1279	1300	1371
3	1371	1300	1410
3	1410	1300	1404
3	1346	1371	1459
3	1410	1404	1389
3	1410	1389	1487
3	1494	1459	1527
3	1459	1371	1527
3	1371	1410	1602
3	1527	1371	1602
3	1527	1582	1566
3	1527	1602	1582
3	1590	1461	1505
3	1602	1619	1582
3	1602	1549	1619
3	1619	1549	1590
3	1619	1590	1678
3	1566	1582	1645
3	1582	1619	1686
3	1582	1686	1645
3	1590	1505	1678
3	1678	1505	1677
3	1678	1677	1719
3	1697	1721	1719
3	1678	1719	1686
3	1645	1686	1721
3	1719	1721	1686
3	1847	1837	1843
3	1847	1865	1877
3	1847	1877	1906
3	1837	1847	1906
3	1900	1877	1907
3	1837	1906	1898
3	1906	1877	1900
3	1900	1922	1906
3	1906	1922	1904
3	1853	1898	1915
3	1898	1906	1904
3	1922	1900	1907
3	1843	1837	1853
3	1853	1837	1898
3	1907	1924	1949
3	1949	1924	1958
3	1958	1924	1976
3	1958	1974	1949
3	1898	1904	1926
3	1904	1922	1926
3	1898	1926	1915
3	1922	1907	1925
3	1922	1925	1926
3	1926	1925	1957
3	1925	1907	1949
3	1915	1926	1954
3	1926	1957	1951
3	1925	1949	1957
3	1926	1951	1954
3	1954	1951	1972
3	1958	1976	1974
3	1949	1974	1986
3	1949	1986	1951
3	157	190	235
3	1974	1976	1993
3	1986	1974	1993
3	1990	1986	1993
3	1992	1990	1993
3	1992	1993	1997
3	1976	1962	1996
3	1993	1976	1996
3	1996	1997	1993
3	310	283	364
3	1972	1951	1990
3	1951	1986	1990
3	1404	1310	1389
3	1410	1487	1602
3	1487	1389	1461
3	1487	1461	1549
3	1487	1549	1602
3	1461	1590	1549
3	1619	1678	1686
3	235	232	274
3	1957	1949	1951
3	981	1038	1063
3	1014	1013	1063
3	1014	1084	1027
3	979	991	1023
3	1032	1023	1061
3	1121	1051	1061
3	1024	1051	1121
3	1064	1034	1024
3	1024	1045	1051
3	973	1045	1024
3	910	860	1035
3	750	860	910
3	843	967	997
3	843	910	967
3	843	795	910
3	981	977	1053
3	818	799	977
3	977	799	843
3	799	787	843
3	902	1013	1014
3	1013	981	1063
3	902	879	1013
3	879	981	1013
3	818	977	981
3	849	818	981
3	849	981	879
3	812	879	902
3	812	849	879
3	774	818	849
3	786	902	1014
3	995	1023	1032
3	995	979	1023
3	932	979	995
3	979	953	991
3	932	953	979
3	932	912	953
3	912	918	953
3	908	912	932
3	908	890	912
3	912	890	918
3	873	890	908
3	976	973	1024
3	976	1024	1034
3	972	931	1034
3	931	976	1034
3	947	976	931
3	976	947	973
3	893	923	947
3	931	893	947
3	873	893	890
3	893	896	890
3	896	893	931
3	750	773	860
3	795	750	910
3	795	719	750
3	719	655	750
3	787	795	843
3	787	719	795
3	699	719	787
3	641	719	699
3	818	699	799
3	699	787	799
3	713	699	818
3	675	602	713
3	602	699	713
3	599	641	699
3	774	713	818
3	675	713	774
3	812	774	849
3	668	646	696
3	591	668	682
3	685	615	680
3	611	615	685
3	680	591	682
3	615	591	680
3	649	611	685
3	531	513	603
3	476	463	513
3	463	544	513
3	407	544	463
3	646	609	696
3	546	476	531
3	476	513	531
3	591	646	668
3	591	546	646
3	546	531	609
3	546	609	646
3	567	546	591
3	441	546	567
3	441	476	546
3	498	441	567
3	373	441	498
3	567	591	615
3	498	615	611
3	498	567	615
3	512	498	611
3	461	498	512
3	472	498	461
3	561	649	685
3	562	649	561
3	649	562	612
3	612	611	649
3	562	428	612
3	611	612	512
3	428	412	612
3	612	412	512
3	457	562	561
3	457	428	562
3	502	457	561
3	502	447	457
3	453	447	502
3	441	388	476
3	388	463	476
3	388	407	463
3	373	388	441
3	373	336	388
3	336	360	388
3	336	335	360
3	335	333	360
3	272	335	336
3	272	280	335
3	472	373	498
3	321	373	472
3	321	336	373
3	290	321	472
3	321	272	336
3	278	321	290
3	278	272	321
3	249	290	322
3	290	249	278
3	330	412	428
3	339	394	412
3	330	339	412
3	339	322	394
3	251	322	339
3	294	251	339
3	251	249	322
3	266	251	294
3	447	428	457
3	330	428	447
3	358	447	453
3	452	358	453
3	358	330	447
3	366	358	452
3	366	301	358
3	330	294	339
3	294	330	358
3	301	294	358
3	265	294	301
3	240	265	301
3	397	452	437
3	365	452	397
3	365	366	452
3	221	365	356
3	365	255	366
3	255	301	366
3	221	282	365
3	282	255	365
3	255	240	301
3	226	272	278
3	226	280	272
3	220	280	226
3	249	226	278
3	249	199	226
3	199	249	238
3	192	199	238
3	199	220	226
3	251	224	249
3	224	238	249
3	203	251	266
3	224	194	238
3	224	251	203
3	194	224	203
3	194	192	238
3	203	196	194
3	202	196	203
3	265	266	294
3	240	247	265
3	265	203	266
3	247	203	265
3	240	208	247
3	247	202	203
3	208	219	247
3	221	255	282
3	255	208	240
3	208	255	221
3	189	219	208
3	1015	1061	1051
3	1015	1032	1061
3	1045	978	1051
3	978	1015	1051
3	831	932	980
3	920	831	980
3	225	283	310
3	1032	980	995
3	969	980	1032
3	969	1032	1015
3	978	969	1015
3	980	932	995
3	927	969	978
3	923	927	978
3	927	920	969
3	920	980	969
3	831	908	932
3	923	876	927
3	831	873	908
3	920	873	831
3	876	920	927
3	873	920	876
3	973	978	1045
3	973	923	978
3	947	923	973
3	893	876	923
3	873	876	893
3	394	461	512
3	412	394	512
3	394	472	461
3	290	472	394
3	322	290	394
3	825	1006	1044
3	941	926	1006
3	825	941	1006
3	833	940	837
3	833	825	940
3	919	940	1005
3	993	922	994
3	944	922	993
3	994	922	919
3	919	837	940
3	859	919	922
3	859	837	919
3	960	993	991
3	960	944	993
3	953	960	991
3	953	918	960
3	918	944	960
3	884	922	944
3	918	900	944
3	900	884	944
3	880	916	895
3	1908	1864	1879
3	896	880	900
3	900	880	884
3	884	891	922
3	930	998	984
3	916	930	984
3	998	930	972
3	916	896	930
3	916	880	896
3	890	900	918
3	900	890	896
3	733	869	866
3	747	669	866
3	669	733	866
3	650	747	773
3	747	650	669
3	666	650	773
3	666	773	750
3	655	666	750
3	666	542	650
3	641	655	719
3	740	786	834
3	687	740	834
3	687	834	842
3	740	767	786
3	740	695	767
3	695	774	767
3	695	675	774
3	687	695	740
3	687	574	695
3	648	529	687
3	529	574	687
3	695	626	675
3	825	720	857
3	720	770	857
3	770	687	842
3	671	770	720
3	671	687	770
3	654	720	722
3	630	671	720
3	630	720	654
3	808	833	837
3	825	833	720
3	808	722	833
3	833	722	720
3	744	722	808
3	744	654	722
3	785	710	761
3	785	661	710
3	661	735	710
3	661	652	735
3	590	652	661
3	692	759	790
3	711	785	780
3	759	780	788
3	759	788	790
3	759	711	780
3	692	711	759
3	692	609	711
3	711	647	785
3	609	647	711
3	603	647	609
3	792	777	809
3	777	790	809
3	777	692	790
3	696	692	777
3	668	696	777
3	696	609	692
3	714	777	762
3	714	682	777
3	682	668	777
3	712	714	762
3	712	680	714
3	680	712	704
3	680	682	714
3	698	704	712
3	706	680	704
3	704	698	706
3	698	607	706
3	607	657	706
3	657	685	706
3	629	685	657
3	629	561	685
3	655	579	666
3	579	542	666
3	604	650	542
3	505	542	579
3	641	579	655
3	483	641	599
3	483	579	641
3	483	505	579
3	559	599	602
3	559	483	599
3	451	483	559
3	464	451	559
3	626	559	602
3	508	559	626
3	508	464	559
3	574	626	695
3	574	508	626
3	590	515	652
3	497	652	515
3	515	449	497
3	647	590	785
3	590	661	785
3	624	590	647
3	466	590	624
3	466	515	590
3	466	449	515
3	401	466	544
3	544	624	647
3	603	544	647
3	513	544	603
3	544	466	624
3	544	407	401
3	657	597	629
3	597	657	607
3	607	538	597
3	538	510	597
3	597	496	629
3	496	561	629
3	510	496	597
3	510	492	496
3	440	510	538
3	496	502	561
3	440	492	510
3	492	488	496
3	488	492	504
3	488	453	496
3	496	453	502
3	437	488	504
3	452	488	437
3	466	372	449
3	401	337	466
3	337	372	466
3	347	401	407
3	379	347	407
3	347	350	401
3	350	337	401
3	346	347	379
3	350	331	337
3	313	347	346
3	347	313	350
3	360	379	407
3	360	346	379
3	333	346	360
3	349	313	346
3	349	333	351
3	346	333	349
3	284	338	351
3	333	284	351
3	320	284	333
3	320	333	335
3	280	284	320
3	452	453	488
3	356	397	437
3	356	365	397
3	221	356	380
3	253	221	380
3	280	230	284
3	230	261	284
3	261	230	264
3	220	206	230
3	230	206	264
3	206	236	264
3	192	206	220
3	207	248	236
3	206	192	236
3	192	207	236
3	192	197	207
3	234	242	260
3	207	234	248
3	197	202	242
3	207	197	234
3	234	197	242
3	196	202	197
3	196	197	192
3	196	192	194
3	211	241	242
3	202	211	242
3	211	202	219
3	201	211	219
3	189	201	219
3	201	222	211
3	253	228	221
3	204	208	228
3	201	189	204
3	204	189	208
3	1477	1374	1488
3	1206	1285	1357
3	1166	1206	1357
3	1206	1148	1285
3	1378	1453	1509
3	1336	1378	1509
3	1378	1357	1453
3	1194	1378	1336
3	1194	1357	1378
3	1194	1166	1357
3	1242	1194	1336
3	1488	1336	1509
3	1374	1336	1488
3	1322	1336	1374
3	1242	1336	1322
3	1038	1242	1322
3	1396	1374	1477
3	1225	1322	1374
3	1225	1374	1396
3	1225	1209	1322
3	1208	1225	1396
3	1067	1148	1206
3	1166	1067	1206
3	1067	1166	997
3	1067	1035	1148
3	967	1067	997
3	910	1035	1067
3	967	910	1067
3	1118	1194	1242
3	997	1166	1194
3	1118	997	1194
3	1038	1117	1242
3	1117	1118	1242
3	1053	997	1118
3	1117	1053	1118
3	1038	1053	1117
3	981	1053	1038
3	1084	1209	1225
3	1208	1084	1225
3	1209	1038	1322
3	1027	1084	1208
3	1063	1038	1209
3	1084	1063	1209
3	1014	1063	1084
3	1027	1208	1245
3	860	894	1035
3	1053	843	997
3	977	843	1053
3	930	931	972
3	896	931	930
3	602	599	699
3	626	602	675
3	812	767	774
3	685	680	706
3	531	603	609
3	388	360	407
3	335	280	320
3	220	230	280
3	199	192	220
3	219	202	247
3	208	221	228
3	1134	1145	1235
3	1235	1145	1267
3	1145	1191	1267
3	1145	1143	1191
3	1143	1151	1191
3	1143	1116	1151
3	1089	1143	1145
3	1116	1128	1151
3	1089	1116	1143
3	1175	1195	1177
3	1213	1175	1177
3	1195	1175	1188
3	1151	1195	1188
3	1151	1128	1195
3	1128	1177	1195
3	1213	1177	1181
3	1180	1213	1221
3	1130	1180	1221
3	1154	1175	1213
3	1154	1213	1180
3	1108	1154	1180
3	1130	1108	1180
3	1174	1130	1214
3	1214	1130	1221
3	982	934	1033
3	907	934	982
3	936	907	982
3	801	934	907
3	850	907	936
3	789	867	839
3	841	839	877
3	841	877	938
3	892	841	938
3	963	938	990
3	1133	1105	1202
3	990	1096	963
3	1316	1274	1326
3	1379	1451	1497
3	1199	1144	1248
3	1218	1333	1350
3	1350	1384	1427
3	1427	1384	1501
3	1627	1624	1600
3	1627	1600	1649
3	1818	1822	1849
3	1873	1849	1867
3	1880	1893	1912
3	1953	1927	1946
3	1912	1893	1927
3	1977	1980	1982
3	24	55	36
3	138	146	160
3	170	160	188
3	133	117	141
3	141	143	156
3	141	156	181
3	133	141	181
3	181	156	205
3	156	176	205
3	176	170	188
3	176	188	205
3	823	832	847
3	821	823	847
3	820	821	847
3	823	821	868
3	752	824	867
3	867	824	820
3	823	868	861
3	821	853	868
3	868	853	914
3	883	861	868
3	868	929	883
3	868	914	929
3	883	929	942
3	942	929	992
3	992	929	1082
3	832	823	861
3	847	832	858
3	847	858	939
3	820	847	917
3	917	847	939
3	839	867	887
3	867	820	904
3	887	867	904
3	820	917	904
3	839	887	877
3	904	917	975
3	938	877	1071
3	904	975	887
3	877	887	1071
3	887	975	1017
3	975	1011	1017
3	887	1017	1018
3	887	1018	1071
3	1190	1200	1244
3	1190	1244	1144
3	1248	1144	1244
3	1076	992	1082
3	1082	1133	1076
3	1040	1076	1129
3	1076	1133	1157
3	1129	1076	1157
3	1157	1133	1202
3	1165	1129	1157
3	1165	1157	1216
3	1011	1086	1104
3	1086	1146	1104
3	1090	1011	1104
3	1104	1146	1193
3	1157	1226	1216
3	1104	1193	1256
3	1211	1104	1256
3	1226	1157	1202
3	1017	1011	1090
3	1071	1018	1161
3	1017	1161	1018
3	1161	1017	1090
3	1161	1090	1183
3	1090	1104	1204
3	1071	1161	1183
3	1090	1204	1183
3	1071	1183	1228
3	1183	1204	1255
3	990	938	1071
3	990	1071	1096
3	1228	1096	1071
3	1252	1274	1292
3	1292	1274	1316
3	1292	1327	1290
3	1292	1316	1327
3	1327	1316	1379
3	1290	1327	1503
3	1327	1379	1474
3	1474	1379	1497
3	1252	1250	1253
3	1246	1252	1253
3	1219	1246	1253
3	1250	1252	1292
3	1252	1246	1283
3	1252	1283	1274
3	1200	1219	1260
3	1244	1200	1260
3	1219	1253	1261
3	1260	1219	1261
3	1260	1261	1351
3	1218	1248	1333
3	1248	1244	1345
3	1244	1260	1345
3	1333	1248	1345
3	1345	1260	1351
3	1345	1351	1365
3	1345	1365	1333
3	1333	1365	1430
3	1365	1351	1458
3	1458	1351	1462
3	1430	1365	1458
3	1384	1350	1333
3	1384	1333	1430
3	1384	1430	1485
3	1193	1216	1256
3	1216	1226	1211
3	1211	1256	1216
3	1312	1104	1211
3	1228	1183	1269
3	1183	1255	1269
3	1204	1104	1255
3	1104	1312	1255
3	1318	1286	1354
3	1354	1448	1318
3	1372	1318	1448
3	1503	1327	1474
3	1503	1474	1504
3	1474	1497	1560
3	1504	1474	1560
3	1504	1560	1586
3	1500	1586	1560
3	1586	1570	1624
3	1504	1586	1640
3	1538	1504	1640
3	1586	1624	1643
3	1624	1627	1643
3	1640	1586	1643
3	1640	1643	1671
3	1568	1462	1578
3	1568	1632	1653
3	1568	1578	1632
3	1578	1629	1632
3	1632	1629	1627
3	1632	1627	1649
3	1627	1629	1643
3	1653	1632	1649
3	1430	1458	1524
3	1485	1430	1524
3	1458	1462	1568
3	1518	1485	1574
3	1485	1524	1574
3	1524	1458	1568
3	1524	1568	1653
3	1518	1574	1579
3	1574	1524	1653
3	1579	1574	1631
3	1574	1653	1631
3	1384	1485	1501
3	1518	1501	1485
3	1372	1448	1521
3	1810	1818	1834
3	1810	1834	1836
3	1834	1818	1849
3	1836	1834	1850
3	1813	1810	1836
3	1813	1836	1833
3	1833	1836	1852
3	1850	1834	1854
3	1854	1834	1873
3	1854	1873	1875
3	1834	1849	1873
3	1850	1854	1891
3	1854	1875	1891
3	1875	1873	1921
3	1831	1833	1852
3	1836	1850	1859
3	1836	1859	1852
3	1850	1857	1859
3	1857	1869	1859
3	1831	1852	1872
3	1856	1831	1880
3	1872	1852	1859
3	1880	1831	1872
3	1859	1869	1872
3	1880	1872	1893
3	1872	1905	1893
3	1872	1886	1905
3	1873	1867	1921
3	1867	1914	1921
3	1937	1921	1948
3	1937	1948	1956
3	1921	1937	1933
3	1933	1937	1956
3	1956	1948	1964
3	1964	1948	1967
3	1964	1967	1978
3	1956	1964	1969
3	1978	1967	1980
3	1893	1905	1902
3	1927	1893	1935
3	1893	1902	1935
3	1935	1902	1944
3	1902	1941	1944
3	1927	1935	1946
3	1935	1944	1946
3	1953	1946	1970
3	1946	1944	1941
3	1970	1946	1977
3	1946	1973	1977
3	1964	1978	1989
3	1969	1964	1989
3	1977	1978	1980
3	1973	1978	1977
3	1978	1973	1985
3	1989	1978	1985
3	1985	1973	1991
3	1985	1991	1989
3	1946	1941	1973
3	1973	1941	1991
3	1941	1984	1991
3	14	7	10
3	7	14	32
3	14	10	35
3	35	10	27
3	14	35	47
3	32	14	47
3	35	27	45
3	47	35	45
3	47	45	66
3	67	47	66
3	47	67	63
3	7	12	10
3	12	7	24
3	24	7	28
3	24	78	55
3	78	24	28
3	67	66	90
3	67	90	105
3	763	801	907
3	850	763	907
3	951	961	1004
3	955	935	1003
3	899	955	1004
3	961	899	1004
3	754	899	961
3	870	935	955
3	899	870	955
3	754	870	899
3	935	1000	1003
3	935	958	1000
3	958	921	1037
3	935	878	958
3	878	921	958
3	870	878	935
3	878	851	921
3	878	817	851
3	874	983	1022
3	874	903	983
3	921	874	1022
3	921	851	874
3	851	829	874
3	874	829	903
3	829	810	903
3	816	829	851
3	970	956	1036
3	903	970	983
3	811	956	970
3	903	811	970
3	903	810	811
3	800	766	850
3	850	766	763
3	801	783	827
3	764	783	801
3	746	764	801
3	763	746	801
3	737	746	763
3	763	716	737
3	716	763	766
3	746	731	764
3	746	659	731
3	716	658	737
3	658	635	737
3	737	659	746
3	635	645	737
3	645	659	737
3	625	741	768
3	625	622	741
3	622	702	741
3	642	702	622
3	689	553	625
3	702	757	848
3	642	757	702
3	642	677	757
3	642	664	677
3	563	694	724
3	754	781	870
3	754	660	781
3	660	754	694
3	656	660	694
3	817	816	851
3	870	817	878
3	734	817	870
3	660	734	870
3	781	660	870
3	660	679	734
3	645	551	659
3	551	553	623
3	509	551	645
3	524	509	645
3	524	424	509
3	509	499	551
3	622	526	642
3	625	549	622
3	553	549	625
3	549	526	622
3	551	499	553
3	499	549	553
3	450	499	509
3	465	459	549
3	499	465	549
3	450	465	499
3	427	459	465
3	642	576	664
3	642	526	576
3	501	581	526
3	549	459	526
3	445	501	526
3	459	445	526
3	563	656	694
3	576	563	664
3	581	563	576
3	581	576	526
3	581	550	563
3	593	660	656
3	593	617	660
3	503	593	656
3	563	550	656
3	550	503	656
3	402	459	427
3	450	427	465
3	355	369	427
3	369	402	427
3	355	427	450
3	285	299	369
3	285	276	299
3	501	383	405
3	445	383	501
3	459	402	445
3	402	332	445
3	332	383	445
3	304	383	332
3	369	316	402
3	316	332	402
3	299	316	369
3	271	304	332
3	316	258	332
3	258	271	332
3	299	258	316
3	276	258	299
3	383	367	405
3	383	304	367
3	304	310	367
3	252	310	304
3	166	276	285
3	232	166	285
3	153	217	276
3	166	153	276
3	166	125	153
3	149	125	166
3	217	258	276
3	217	213	258
3	217	171	213
3	144	171	217
3	153	130	217
3	130	144	217
3	144	130	127
3	125	130	153
3	271	275	304
3	252	225	310
3	275	252	304
3	258	213	271
3	245	275	271
3	213	245	271
3	275	218	252
3	244	252	218
3	223	225	252
3	223	175	225
3	244	223	252
3	178	223	244
3	178	175	223
3	158	175	178
3	158	118	175
3	118	135	175
3	125	102	130
3	102	125	119
3	130	106	127
3	106	89	127
3	102	106	130
3	80	89	106
3	87	106	102
3	100	87	102
3	87	80	106
3	81	80	87
3	80	49	89
3	50	49	80
3	81	50	80
3	75	50	81
3	88	108	135
3	86	75	81
3	56	75	77
3	77	75	86
3	98	118	158
3	76	98	158
3	118	88	135
3	98	82	118
3	82	88	118
3	57	82	98
3	82	71	88
3	76	57	98
3	51	57	76
3	57	71	82
3	76	158	148
3	34	49	50
3	23	34	50
3	56	23	75
3	26	23	56
3	26	56	71
3	75	23	50
3	41	26	71
3	9	23	26
3	16	26	41
3	16	9	26
3	57	41	71
3	41	57	51
3	30	41	51
3	30	16	41
3	1913	1892	1911
3	1871	1844	1866
3	1845	1835	1871
3	1835	1827	1871
3	1827	1844	1871
3	1911	1896	1899
3	1892	1896	1911
3	1899	1881	1910
3	1892	1879	1896
3	1888	1896	1879
3	1882	1899	1888
3	1899	1896	1888
3	1866	1881	1899
3	1882	1866	1899
3	1871	1866	1882
3	1840	1882	1888
3	1879	1862	1888
3	1845	1871	1882
3	1840	1845	1882
3	1908	1892	1913
3	1908	1879	1892
3	1864	1862	1879
3	1848	1874	1908
3	1874	1864	1908
3	1874	1814	1864
3	1864	1838	1862
3	1827	1816	1844
3	1801	1827	1835
3	1824	1801	1835
3	1801	1816	1827
3	1802	1801	1824
3	1784	1816	1801
3	1802	1784	1801
3	1772	1784	1802
3	1780	1772	1802
3	1781	1786	1784
3	1848	1817	1874
3	1814	1838	1864
3	1817	1814	1874
3	1814	1806	1838
3	800	936	974
3	850	936	800
3	964	996	956
3	653	658	716
3	660	617	679
3	581	503	550
3	501	477	581
3	503	539	593
3	175	135	225
3	135	140	187
3	119	125	149
3	71	108	88
3	56	108	71
3	1862	1840	1888
3	521	467	565
3	424	450	509
3	467	410	524
3	507	467	521
3	410	424	524
3	581	477	503
3	405	477	501
3	416	435	477
3	539	601	617
3	593	539	617
3	539	572	601
3	530	572	539
3	503	485	539
3	485	530	539
3	477	435	503
3	503	435	485
3	601	616	644
3	644	616	618
3	601	572	616
3	519	592	610
3	592	535	640
3	535	620	640
3	535	568	620
3	535	592	519
3	568	614	620
3	424	355	450
3	355	424	410
3	306	355	410
3	357	306	410
3	357	274	306
3	355	285	369
3	306	285	355
3	274	232	306
3	232	285	306
3	405	416	477
3	405	384	416
3	416	384	435
3	367	364	405
3	364	342	405
3	405	342	384
3	286	384	342
3	310	364	367
3	283	342	364
3	179	318	286
3	283	286	342
3	243	235	274
3	235	190	232
3	183	235	243
3	183	157	235
3	166	232	190
3	145	190	157
3	190	149	166
3	145	149	190
3	187	286	283
3	187	179	286
3	225	187	283
3	135	187	225
3	179	168	215
3	140	179	187
3	140	168	179
3	112	168	140
3	145	119	149
3	139	145	157
3	139	119	145
3	129	119	139
3	85	119	129
3	85	102	119
3	100	102	85
3	83	85	99
3	100	83	87
3	83	86	87
3	85	83	100
3	86	83	97
3	81	87	86
3	135	108	140
3	140	93	112
3	108	93	140
3	77	112	93
3	77	97	112
3	77	86	97
3	108	77	93
3	56	77	108
3	1838	1820	1862
3	1808	1835	1845
3	1808	1819	1835
3	1819	1824	1835
3	1819	1785	1824
3	1785	1802	1824
3	1808	1785	1819
3	1791	1785	1808
3	1776	1785	1791
3	1785	1780	1802
3	1840	1804	1845
3	1820	1840	1862
3	1840	1823	1804
3	1820	1823	1840
3	1804	1808	1845
3	1792	1823	1820
3	1804	1791	1808
3	1792	1804	1823
3	1838	1806	1820
3	1796	1792	1820
3	1806	1796	1820
3	1782	1779	1806
3	1779	1796	1806
3	1796	1783	1792
3	1771	1783	1796
3	1779	1771	1796
3	1744	1753	1758
3	1732	1744	1764
3	1732	1726	1744
3	1726	1727	1744
3	1699	1727	1726
3	1699	1726	1732
3	1699	1688	1727
3	1651	1688	1699
3	1776	1780	1785
3	1775	1776	1791
3	1768	1761	1776
3	1761	1758	1776
3	1776	1758	1780
3	1744	1758	1761
3	1744	1761	1764
3	1728	1779	1782
3	1736	1728	1782
3	1779	1745	1771
3	1728	1738	1779
3	1738	1745	1779
3	1728	1702	1738
3	1702	1691	1738
3	1751	1774	1770
3	1751	1724	1774
3	1725	1724	1751
3	1724	1748	1774
3	1711	1725	1751
3	1725	1665	1724
3	1711	1674	1725
3	1674	1665	1725
3	1748	1770	1774
3	1765	1770	1748
3	1765	1760	1770
3	1760	1742	1770
3	1754	1698	1760
3	1754	1708	1698
3	1683	1708	1754
3	1708	1618	1698
3	1618	1680	1698
3	1683	1618	1708
3	1621	1651	1615
3	1615	1545	1621
3	1615	1559	1545
3	1559	1528	1545
3	1534	1528	1559
3	1369	1528	1534
3	1615	1651	1699
3	1651	1621	1688
3	1621	1498	1688
3	1621	1545	1498
3	1585	1663	1702
3	1585	1571	1663
3	1551	1571	1585
3	1551	1547	1571
3	1551	1561	1553
3	1471	1561	1551
3	1437	1471	1551
3	1612	1517	1609
3	1532	1612	1637
3	1587	1532	1637
3	1532	1517	1612
3	1561	1532	1587
3	1553	1561	1587
3	1517	1436	1609
3	1532	1465	1517
3	1561	1438	1532
3	1438	1465	1532
3	1612	1674	1711
3	1637	1612	1711
3	1612	1609	1674
3	1609	1665	1674
3	1436	1486	1609
3	1672	1618	1683
3	1616	1618	1672
3	1616	1511	1618
3	1511	1519	1618
3	1511	1443	1519
3	1439	1443	1511
3	1425	1369	1534
3	1425	1288	1369
3	1340	1288	1425
3	1156	1288	1340
3	1156	1149	1288
3	1124	1156	1340
3	1438	1561	1471
3	1243	1153	1302
3	1302	1153	1185
3	1212	1302	1307
3	1281	1273	1307
3	1273	1212	1307
3	1185	1237	1302
3	1212	1243	1302
3	1439	1381	1443
3	1303	1381	1439
3	1320	1303	1439
3	1304	1303	1320
3	1176	1320	1335
3	1281	1303	1304
3	1273	1281	1304
3	1320	1176	1304
3	1196	1273	1304
3	1176	1196	1304
3	1196	1212	1273
3	1421	1320	1439
3	1156	1115	1149
3	1124	1081	1156
3	1056	1081	1124
3	1156	1081	1115
3	1081	1041	1115
3	924	1041	1081
3	1056	1020	1081
3	1007	1020	1056
3	1153	1102	1185
3	1153	1087	1102
3	1069	1100	1102
3	1087	1069	1102
3	1016	1069	1087
3	1069	1021	1100
3	1020	924	1081
3	520	507	521
3	467	507	520
3	530	564	572
3	530	540	564
3	530	485	540
3	435	484	485
3	572	580	616
3	311	274	357
3	311	288	274
3	384	417	435
3	286	318	384
3	179	215	318
3	327	406	307
3	112	136	168
3	99	85	129
3	97	83	99
3	1792	1791	1804
3	1658	1615	1699
3	1768	1776	1775
3	1709	1742	1760
3	1698	1709	1760
3	1663	1634	1702
3	1571	1583	1663
3	1551	1553	1547
3	1573	1587	1607
3	1302	1237	1307
3	1185	1110	1150
3	1102	1110	1185
3	1100	1110	1102
3	1021	1054	1100
3	1100	1054	1110
3	1687	1696	1741
3	1709	1687	1742
3	1698	1680	1709
3	1441	1425	1534
3	1658	1441	1615
3	1641	1441	1658
3	1441	1559	1615
3	1441	1534	1559
3	1583	1634	1663
3	1564	1634	1583
3	1542	1564	1583
3	1542	1583	1571
3	1548	1553	1573
3	1489	1548	1573
3	1547	1542	1571
3	1553	1548	1547
3	1542	1547	1548
3	1514	1542	1548
3	1664	1613	1682
3	1592	1508	1604
3	1483	1420	1541
3	1580	1648	1594
3	1803	1790	1807
3	1839	1851	1870
3	1870	1887	1889
3	1963	1950	1975
3	1897	1919	1934
3	5	0	6
3	43	40	62
3	40	58	62
3	250	231	239
3	742	736	758
3	715	805	778
3	778	805	822
3	844	738	854
3	1428	1358	1483
3	1464	1457	1523
3	1523	1457	1416
3	1429	1392	1473
3	1406	1422	1464
3	1450	1406	1473
3	1392	1450	1473
3	1536	1472	1599
3	1455	1463	1508
3	1463	1472	1508
3	1444	1455	1508
3	1544	1444	1508
3	1508	1472	1536
3	1508	1536	1604
3	1544	1508	1592
3	1491	1444	1544
3	1523	1416	1594
3	1416	1580	1594
3	1523	1594	1584
3	1429	1473	1516
3	1406	1464	1473
3	1473	1464	1523
3	1584	1473	1523
3	1473	1584	1569
3	1636	1639	1715
3	1636	1715	1693
3	1664	1712	1715
3	1690	1693	1712
3	1712	1693	1715
3	1682	1681	1712
3	1682	1712	1664
3	1681	1659	1712
3	1659	1690	1712
3	1794	1807	1800
3	1794	1793	1803
3	1799	1794	1800
3	1799	1793	1794
3	1794	1803	1807
3	1800	1807	1811
3	1800	1811	1826
3	1811	1807	1842
3	1826	1811	1842
3	1842	1807	1839
3	1793	1799	1797
3	1793	1797	1798
3	1793	1798	1788
3	1803	1793	1788
3	1798	1797	1805
3	1805	1797	1815
3	1797	1821	1815
3	1805	1815	1829
3	1841	1829	1815
3	1829	1841	1846
3	1815	1821	1841
3	1868	1839	1870
3	1842	1868	1895
3	1868	1870	1895
3	1867	1842	1895
3	1895	1870	1903
3	1870	1889	1903
3	1916	1903	1889
3	1918	1903	1916
3	1842	1839	1868
3	1841	1821	1876
3	1846	1841	1884
3	1841	1876	1884
3	1846	1884	1883
3	1928	1876	1878
3	1883	1884	1919
3	1876	1928	1884
3	1884	1928	1931
3	1889	1909	1939
3	1916	1889	1939
3	1916	1939	1945
3	1930	1916	1945
3	1939	1909	1929
3	1939	1929	1955
3	1945	1939	1955
3	1966	1945	1968
3	1945	1955	1968
3	1943	1947	1955
3	1955	1947	1963
3	1988	1955	1963
3	1919	1884	1932
3	1932	1884	1931
3	1919	1932	1934
3	1934	1932	1950
3	1932	1931	1961
3	1950	1932	1961
3	1955	1988	1968
3	1968	1988	1983
3	1950	1961	1975
3	1975	1961	1971
3	1975	1971	1987
3	1988	1963	1975
3	1975	1987	1988
3	37	44	60
3	2	1	11
3	2	11	17
3	15	2	17
3	2	15	18
3	19	18	22
3	18	15	37
3	15	17	44
3	37	15	44
3	0	2	3
3	0	1	2
3	0	3	6
3	3	2	4
3	4	2	18
3	6	3	8
3	3	4	8
3	6	8	13
3	8	4	19
3	4	18	19
3	8	19	25
3	6	13	21
3	13	8	46
3	21	13	40
3	46	8	25
3	40	13	58
3	58	13	46
3	58	46	72
3	60	44	92
3	92	44	94
3	64	60	92
3	92	94	111
3	109	92	111
3	64	92	116
3	116	92	109
3	109	111	123
3	116	109	123
3	116	123	131
3	120	116	131
3	123	137	131
3	131	142	146
3	58	72	79
3	62	58	79
3	79	72	103
3	103	72	104
3	62	79	121
3	79	103	121
3	104	133	151
3	103	104	151
3	121	103	151
3	121	151	165
3	146	142	184
3	146	184	160
3	188	160	214
3	160	184	214
3	133	181	151
3	188	214	257
3	151	181	239
3	239	181	269
3	181	205	269
3	205	188	257
3	214	212	277
3	231	151	239
3	269	205	257
3	214	277	257
3	257	277	269
3	239	269	277
3	165	151	231
3	547	541	663
3	528	541	547
3	528	547	633
3	541	528	619
3	528	633	690
3	619	528	690
3	784	736	793
3	793	736	844
3	784	793	820
3	820	793	821
3	821	793	844
3	736	752	758
3	758	752	789
3	736	784	752
3	752	784	824
3	784	820	824
3	789	752	867
3	789	839	841
3	663	651	751
3	651	717	751
3	717	742	758
3	751	717	758
3	732	663	751
3	751	758	791
3	732	751	791
3	765	732	791
3	791	758	789
3	697	765	814
3	765	791	814
3	791	841	814
3	791	789	841
3	547	663	697
3	547	697	633
3	697	663	732
3	697	732	765
3	633	697	755
3	755	697	803
3	715	782	805
3	803	697	814
3	805	782	755
3	619	690	715
3	690	633	755
3	690	755	782
3	690	782	715
3	853	885	945
3	885	854	945
3	914	853	945
3	914	966	929
3	914	945	966
3	945	854	966
3	844	853	821
3	844	854	885
3	853	844	885
3	803	814	881
3	814	841	892
3	881	814	892
3	871	803	881
3	881	892	963
3	892	938	963
3	906	881	954
3	805	755	803
3	822	805	871
3	805	803	871
3	871	881	906
3	1147	1131	1178
3	1147	1198	1200
3	1190	1147	1200
3	1198	1147	1178
3	1200	1198	1219
3	1106	1131	1147
3	1112	1106	1144
3	1144	1106	1147
3	1112	1144	1122
3	1122	1144	1199
3	1144	1147	1190
3	1676	1626	1637
3	1647	1611	1676
3	1611	1626	1676
3	1637	1626	1587
3	1607	1587	1626
3	1607	1626	1611
3	1611	1558	1607
3	1558	1489	1607
3	1489	1573	1607
3	1573	1553	1587
3	1633	1687	1709
3	1680	1633	1709
3	1618	1588	1680
3	1588	1597	1680
3	1597	1633	1680
3	1588	1519	1597
3	1519	1431	1597
3	1395	1431	1519
3	1618	1519	1588
3	1412	1352	1441
3	1441	1352	1425
3	1352	1340	1425
3	1331	1340	1352
3	1124	1340	1331
3	1227	1331	1352
3	1227	1124	1331
3	1443	1395	1519
3	1395	1402	1431
3	1315	1395	1443
3	1315	1402	1395
3	1315	1291	1402
3	1315	1301	1291
3	1159	1402	1291
3	1281	1315	1303
3	1281	1307	1237
3	1281	1301	1315
3	1237	1301	1281
3	1237	1150	1301
3	1301	1150	1291
3	1150	1159	1291
3	1381	1315	1443
3	1303	1315	1381
3	1056	1124	1227
3	989	1056	1227
3	1007	1056	989
3	1150	1049	1159
3	1110	1049	1150
3	1110	1054	1049
3	986	1054	1021
3	986	962	1054
3	1150	1237	1185
3	888	1007	989
3	797	1007	888
3	797	1020	1007
3	813	1020	797
3	959	1049	1054
3	962	959	1054
3	959	1050	1049
3	875	911	959
3	898	905	962
3	905	959	962
3	886	760	875
3	815	760	886
3	840	835	905
3	835	1999	905
3	905	1999	838
3	905	886	875
3	798	797	888
3	797	772	813
3	797	691	772
3	691	797	798
3	709	691	798
3	627	667	691
3	627	691	709
3	819	815	838
3	845	819	838
3	1999	807	838
3	838	806	845
3	807	806	838
3	807	779	806
3	1999	739	807
3	739	779	807
3	727	739	1999
3	723	779	739
3	729	723	739
3	727	729	739
3	727	613	729
3	613	638	729
3	729	636	723
3	729	638	636
3	606	627	665
3	575	606	665
3	627	490	667
3	606	490	627
3	486	606	575
3	486	432	606
3	432	490	606
3	468	490	432
3	470	525	548
3	470	548	534
3	484	470	534
3	560	548	582
3	534	560	555
3	534	548	560
3	558	560	582
3	588	558	582
3	554	558	588
3	555	560	558
3	522	555	558
3	554	480	558
3	480	522	558
3	489	522	480
3	448	480	554
3	480	471	489
3	571	569	638
3	613	571	638
3	482	569	571
3	446	482	571
3	446	389	482
3	389	456	482
3	456	481	482
3	578	636	638
3	636	578	637
3	569	578	638
3	578	532	637
3	569	481	578
3	481	493	578
3	493	532	578
3	482	481	569
3	481	456	493
3	527	594	589
3	545	589	594
3	536	527	589
3	545	573	589
3	573	536	589
3	527	514	594
3	494	514	527
3	382	309	545
3	362	514	494
3	545	517	573
3	309	517	545
3	309	438	517
3	486	444	432
3	432	393	468
3	460	409	444
3	409	432	444
3	409	352	432
3	352	393	432
3	418	409	460
3	378	352	409
3	308	352	378
3	329	308	378
3	352	308	393
3	268	256	329
3	256	308	329
3	377	411	429
3	377	268	378
3	376	268	377
3	268	329	378
3	376	297	268
3	287	268	297
3	399	387	429
3	376	377	429
3	387	376	429
3	387	348	376
3	348	297	376
3	287	297	348
3	317	287	348
3	470	436	474
3	425	436	470
3	436	429	434
3	399	429	436
3	425	399	436
3	448	403	480
3	423	403	448
3	430	368	423
3	325	403	423
3	368	325	423
3	325	328	403
3	403	328	385
3	325	302	328
3	302	315	328
3	303	302	325
3	326	312	323
3	312	319	323
3	324	315	326
3	315	302	326
3	302	312	326
3	295	302	303
3	302	295	312
3	295	296	312
3	389	361	456
3	392	389	446
3	323	389	392
3	389	319	361
3	323	319	389
3	371	362	494
3	362	345	391
3	371	281	362
3	281	345	362
3	334	281	371
3	254	281	334
3	414	475	514
3	362	414	514
3	362	391	414
3	193	309	344
3	216	193	344
3	309	270	438
3	256	195	308
3	237	268	287
3	173	256	268
3	237	173	268
3	173	195	256
3	237	161	173
3	209	161	237
3	281	227	267
3	1576	1441	1641
3	1514	1470	1542
3	1614	1611	1647
3	1431	1454	1597
3	905	875	959
3	665	627	709
3	636	721	723
3	556	486	575
3	556	444	486
3	470	474	525
3	637	532	533
3	378	409	418
3	436	434	474
3	293	295	303
3	309	193	270
3	21	40	43
3	34	21	43
3	23	21	34
3	23	5	21
3	5	6	21
3	9	5	23
3	1	9	16
3	0	5	9
3	1	0	9
3	11	51	53
3	11	30	51
3	44	17	53
3	17	11	53
3	16	30	11
3	1	16	11
3	1947	1940	1963
3	1940	1950	1963
3	1940	1934	1950
3	1910	1934	1940
3	1899	1910	1940
3	1911	1899	1940
3	1910	1897	1934
3	1929	1943	1955
3	1911	1940	1947
3	1943	1911	1947
3	1929	1923	1943
3	1923	1911	1943
3	1920	1923	1929
3	1913	1911	1923
3	1929	1909	1920
3	1897	1883	1919
3	1881	1855	1897
3	1855	1883	1897
3	1866	1855	1881
3	1855	1846	1883
3	1844	1855	1866
3	1830	1846	1855
3	1830	1829	1846
3	1844	1830	1855
3	1910	1881	1897
3	1920	1913	1923
3	1890	1913	1920
3	1901	1890	1920
3	1863	1890	1901
3	1863	1848	1890
3	1825	1848	1863
3	1851	1825	1863
3	1817	1848	1825
3	1909	1901	1920
3	1889	1901	1909
3	1889	1887	1901
3	1863	1901	1887
3	1870	1851	1887
3	1851	1863	1887
3	1816	1830	1844
3	1830	1805	1829
3	1816	1786	1830
3	1830	1795	1805
3	1786	1795	1830
3	1777	1795	1786
3	1777	1746	1795
3	1795	1798	1805
3	1747	1788	1798
3	1795	1746	1798
3	1746	1747	1798
3	1851	1832	1825
3	1807	1851	1839
3	1807	1832	1851
3	1809	1825	1832
3	1809	1817	1825
3	1832	1789	1809
3	1790	1832	1807
3	1788	1790	1803
3	1790	1789	1832
3	1788	1740	1790
3	1669	1706	1717
3	1773	1746	1777
3	1735	1746	1773
3	1735	1707	1746
3	1734	1706	1735
3	1706	1707	1735
3	1648	1707	1706
3	1669	1648	1706
3	1747	1740	1788
3	1707	1740	1747
3	1746	1707	1747
3	1620	1714	1740
3	1707	1620	1740
3	1605	1620	1707
3	1648	1605	1707
3	1767	1789	1790
3	1740	1767	1790
3	1740	1714	1767
3	1767	1759	1789
3	1714	1722	1767
3	1767	1722	1759
3	1714	1635	1722
3	1620	1603	1714
3	1603	1635	1714
3	1723	1668	1733
3	1628	1673	1733
3	1668	1628	1733
3	1673	1675	1713
3	1675	1703	1713
3	1675	1661	1703
3	1661	1657	1703
3	1424	1535	1565
3	1424	1510	1535
3	1466	1510	1424
3	1373	1429	1510
3	1667	1669	1717
3	1667	1584	1669
3	1569	1584	1667
3	1535	1569	1667
3	1516	1569	1535
3	1535	1510	1516
3	1510	1429	1516
3	1516	1473	1569
3	1669	1594	1648
3	1580	1605	1648
3	1584	1594	1669
3	1540	1620	1605
3	1550	1605	1580
3	1605	1490	1540
3	1550	1490	1605
3	1416	1490	1550
3	1428	1513	1540
3	1460	1540	1490
3	1460	1428	1540
3	1620	1513	1603
3	1635	1543	1644
3	1603	1543	1635
3	1541	1543	1603
3	1540	1513	1620
3	1513	1483	1603
3	1483	1541	1603
3	1483	1513	1428
3	1543	1554	1644
3	1467	1529	1554
3	1467	1554	1543
3	1467	1417	1529
3	1541	1467	1543
3	1420	1467	1541
3	1484	1539	1608
3	1484	1359	1539
3	1608	1539	1668
3	1491	1628	1668
3	1539	1491	1668
3	1515	1491	1539
3	1419	1515	1539
3	1359	1419	1539
3	1604	1622	1675
3	1604	1675	1673
3	1592	1673	1628
3	1592	1604	1673
3	1628	1491	1592
3	1544	1592	1491
3	1675	1622	1661
3	1646	1657	1661
3	1622	1646	1661
3	1613	1630	1682
3	1646	1630	1657
3	1630	1617	1657
3	1563	1630	1613
3	1630	1563	1617
3	1563	1596	1617
3	1563	1522	1596
3	1563	1492	1522
3	1492	1563	1520
3	1562	1613	1664
3	1520	1613	1562
3	1613	1520	1563
3	1442	1520	1562
3	1442	1440	1520
3	1440	1492	1520
3	1537	1442	1562
3	1537	1426	1442
3	1234	1347	1393
3	1347	1270	1324
3	1234	1270	1347
3	1270	1220	1324
3	1080	1270	1234
3	1080	1152	1270
3	1347	1510	1466
3	1324	1373	1510
3	1347	1324	1510
3	1324	1220	1373
3	1220	1348	1373
3	1467	1408	1417
3	1382	1408	1467
3	1408	1380	1417
3	1382	1282	1408
3	1284	1380	1408
3	1282	1284	1408
3	1282	1173	1284
3	1173	1099	1284
3	1377	1251	1359
3	1338	1444	1491
3	1338	1491	1515
3	1338	1515	1419
3	1359	1338	1419
3	1251	1338	1359
3	1235	1323	1338
3	1236	1235	1338
3	1251	1236	1338
3	1360	1446	1492
3	1360	1492	1415
3	1314	1360	1415
3	1314	1306	1360
3	1314	1181	1306
3	1221	1181	1314
3	1276	1221	1314
3	1440	1415	1492
3	1442	1311	1440
3	1276	1415	1440
3	1311	1276	1440
3	1276	1314	1415
3	1214	1276	1311
3	1174	1311	1247
3	1174	1214	1311
3	1426	1311	1442
3	1247	1311	1426
3	1152	1220	1270
3	1184	1080	1234
3	1152	1079	1220
3	1062	1080	1184
3	1080	1042	1152
3	1042	1079	1152
3	1042	1033	1079
3	1080	1062	1042
3	1062	974	1042
3	1189	1058	1119
3	1039	1058	1189
3	1058	1026	1119
3	1058	1004	1026
3	951	1004	1058
3	1160	1173	1282
3	1160	1099	1173
3	1126	1160	1282
3	1000	1099	1160
3	1043	1160	1126
3	1125	1043	1126
3	1003	1000	1160
3	1026	1043	1125
3	1043	1003	1160
3	1026	1004	1043
3	1099	1137	1284
3	1137	1037	1187
3	1037	1092	1187
3	1099	1037	1137
3	1000	1037	1099
3	1055	1120	1092
3	1022	1092	1037
3	983	970	1055
3	1022	1055	1092
3	1022	983	1055
3	1055	1036	1120
3	1036	996	1120
3	970	1036	1055
3	956	996	1036
3	1134	1235	1236
3	1213	1181	1221
3	1214	1221	1276
3	974	982	1042
3	982	1033	1042
3	936	982	974
3	955	1003	1043
3	1004	955	1043
3	1000	958	1037
3	921	1022	1037
3	1890	1908	1913
3	1890	1848	1908
3	1784	1786	1816
3	1781	1777	1786
3	1734	1735	1773
3	1733	1673	1713
3	1660	1667	1717
3	1535	1667	1660
3	1493	1484	1608
3	1657	1617	1654
3	1393	1347	1466
3	1137	1187	1231
3	1377	1359	1484
3	1187	1092	1231
3	1809	1787	1817
3	1817	1787	1814
3	1789	1787	1809
3	1787	1782	1814
3	1704	1710	1753
3	1727	1704	1753
3	1710	1717	1737
3	1710	1737	1753
3	1710	1660	1717
3	1688	1704	1727
3	1660	1710	1704
3	1688	1625	1704
3	1772	1781	1784
3	1773	1777	1781
3	1772	1734	1781
3	1734	1773	1781
3	1758	1734	1772
3	1758	1753	1734
3	451	421	483
3	469	542	505
3	604	631	650
3	790	788	809
3	710	735	761
3	785	761	769
3	753	808	859
3	808	837	859
3	671	630	648
3	671	648	687
3	631	669	650
3	884	880	891
3	891	859	922
3	946	909	985
3	1531	1506	1456
3	1531	1456	1575
3	1705	1685	1716
3	434	431	464
3	421	451	464
3	469	426	443
3	421	469	483
3	443	460	469
3	608	600	670
3	419	543	493
3	543	532	493
3	532	543	533
3	533	608	637
3	374	430	500
3	449	374	497
3	430	423	500
3	500	423	448
3	374	500	497
3	448	554	500
3	500	554	584
3	497	500	598
3	652	497	598
3	500	584	598
3	584	634	598
3	584	554	588
3	588	582	628
3	584	588	634
3	588	628	634
3	634	628	744
3	548	595	582
3	582	595	630
3	628	582	654
3	630	595	648
3	654	582	630
3	474	434	508
3	474	529	525
3	529	474	574
3	574	474	508
3	525	529	595
3	548	525	595
3	648	595	529
3	434	464	508
3	505	483	469
3	460	444	556
3	469	460	506
3	506	460	556
3	469	506	542
3	506	556	542
3	542	556	604
3	556	575	631
3	604	556	631
3	631	575	665
3	632	607	698
3	670	600	688
3	600	632	698
3	600	698	688
3	688	698	712
3	608	670	637
3	637	670	707
3	636	637	707
3	707	670	688
3	636	707	721
3	688	712	762
3	707	688	762
3	721	707	762
3	721	762	723
3	723	762	792
3	762	777	792
3	723	792	779
3	779	792	806
3	792	809	806
3	806	809	845
3	785	769	780
3	788	780	769
3	788	769	819
3	809	788	819
3	769	815	819
3	809	819	845
3	735	678	708
3	735	708	761
3	708	678	756
3	708	756	760
3	678	725	756
3	761	708	769
3	769	708	760
3	769	760	815
3	760	756	802
3	830	760	802
3	598	634	678
3	652	678	735
3	725	678	753
3	753	634	744
3	678	634	753
3	756	725	802
3	802	725	891
3	725	753	891
3	744	628	654
3	753	744	808
3	631	665	733
3	669	631	733
3	665	709	733
3	869	733	864
3	733	709	798
3	733	798	864
3	864	798	888
3	988	916	984
3	988	984	1050
3	830	802	895
3	880	802	891
3	802	880	895
3	875	760	830
3	875	830	911
3	830	895	911
3	895	916	988
3	911	895	988
3	959	911	988
3	959	988	1050
3	891	753	859
3	909	864	888
3	869	864	909
3	909	888	989
3	984	998	1046
3	1050	984	1046
3	1070	1050	1046
3	1050	1070	1155
3	1049	1050	1155
3	1046	1095	1070
3	1070	1095	1114
3	1095	1094	1114
3	1070	1114	1155
3	1114	1109	1171
3	1155	1114	1171
3	1159	1049	1155
3	1109	1139	1171
3	1155	1171	1197
3	1171	1139	1197
3	1155	1197	1159
3	1159	1197	1295
3	909	989	1060
3	985	909	1060
3	1060	989	1074
3	1060	1074	1223
3	1074	989	1227
3	1060	1223	1132
3	1074	1227	1223
3	1223	1227	1352
3	1159	1295	1402
3	1295	1197	1362
3	1197	1139	1362
3	1139	1207	1362
3	1295	1362	1402
3	1362	1207	1418
3	1402	1362	1431
3	1431	1362	1454
3	1362	1418	1454
3	1418	1207	1478
3	1418	1478	1454
3	1207	1264	1435
3	1264	1287	1435
3	1435	1287	1468
3	1207	1435	1478
3	1435	1468	1478
3	1287	1329	1433
3	1469	1287	1433
3	1468	1287	1469
3	1469	1433	1489
3	1433	1329	1388
3	1332	1397	1388
3	1397	1470	1388
3	1433	1388	1489
3	1489	1388	1514
3	1397	1271	1423
3	1397	1423	1546
3	1423	1506	1546
3	1470	1397	1546
3	1132	1223	1409
3	1265	1132	1409
3	1223	1352	1409
3	1412	1409	1352
3	1454	1478	1633
3	1478	1530	1633
3	1454	1633	1597
3	1633	1530	1687
3	1687	1530	1696
3	1478	1468	1533
3	1478	1533	1530
3	1530	1533	1614
3	1614	1647	1694
3	1530	1614	1694
3	1468	1469	1558
3	1469	1489	1558
3	1533	1468	1558
3	1533	1558	1611
3	1533	1611	1614
3	1388	1470	1514
3	1489	1514	1548
3	1542	1470	1564
3	1470	1546	1564
3	1546	1506	1564
3	1564	1506	1634
3	1634	1506	1531
3	1531	1575	1691
3	1575	1589	1662
3	1449	1576	1598
3	1576	1641	1655
3	1598	1576	1655
3	1666	1598	1655
3	1409	1412	1265
3	1576	1412	1441
3	1449	1265	1576
3	1265	1412	1576
3	1662	1589	1718
3	1589	1652	1718
3	1575	1662	1731
3	1662	1700	1731
3	1662	1718	1700
3	1656	1705	1716
3	1652	1656	1718
3	1718	1656	1716
3	1718	1716	1739
3	1700	1718	1739
3	1700	1739	1743
3	1757	1739	1763
3	1685	1666	1720
3	1685	1720	1716
3	1716	1720	1752
3	1720	1730	1752
3	1716	1752	1739
3	1739	1752	1763
3	1752	1730	1763
3	1666	1655	1720
3	1720	1655	1730
3	172	177	233
3	172	233	186
3	177	172	193
3	210	186	233
3	216	177	193
3	281	233	227
3	210	233	254
3	254	233	281
3	1737	1734	1753
3	1717	1706	1737
3	1737	1706	1734
3	1749	1787	1789
3	1749	1782	1787
3	1759	1749	1789
3	1749	1736	1782
3	1644	1749	1759
3	1722	1644	1759
3	1644	1736	1749
3	1644	1689	1736
3	1635	1644	1722
3	1723	1748	1724
3	1695	1723	1724
3	1701	1695	1724
3	1665	1701	1724
3	1733	1765	1748
3	1723	1733	1748
3	1695	1668	1723
3	1755	1754	1765
3	1762	1754	1755
3	1733	1755	1765
3	1713	1755	1733
3	1683	1754	1762
3	1755	1703	1762
3	1703	1683	1762
3	1713	1703	1755
3	1657	1654	1703
3	1654	1683	1703
3	1625	1565	1610
3	1498	1625	1688
3	1498	1565	1625
3	1498	1424	1565
3	1545	1528	1498
3	1528	1424	1498
3	1610	1660	1704
3	1535	1660	1610
3	1638	1702	1689
3	1554	1689	1644
3	1638	1585	1702
3	1554	1529	1689
3	1529	1638	1689
3	1529	1585	1638
3	1526	1585	1529
3	1526	1551	1585
3	1529	1479	1526
3	1417	1479	1529
3	1479	1437	1526
3	1701	1650	1695
3	1695	1650	1668
3	1665	1650	1701
3	1650	1608	1668
3	1493	1608	1650
3	1609	1493	1650
3	1654	1672	1683
3	1617	1601	1654
3	1601	1672	1654
3	1601	1616	1672
3	1601	1556	1616
3	1511	1616	1556
3	1617	1596	1601
3	1556	1601	1596
3	1556	1476	1511
3	1522	1556	1596
3	1522	1476	1556
3	1492	1476	1522
3	1424	1393	1466
3	1369	1424	1528
3	1369	1393	1424
3	1369	1234	1393
3	1288	1234	1369
3	1149	1234	1288
3	1149	1184	1234
3	1417	1380	1479
3	1356	1438	1471
3	1437	1380	1471
3	1380	1356	1471
3	1380	1437	1479
3	1284	1356	1380
3	1137	1231	1356
3	1284	1137	1356
3	1465	1436	1517
3	1387	1436	1465
3	1356	1465	1438
3	1356	1387	1465
3	1387	1268	1436
3	1268	1277	1436
3	1277	1391	1436
3	1356	1231	1387
3	1266	1268	1387
3	1231	1266	1387
3	1436	1391	1486
3	1377	1484	1493
3	1391	1493	1486
3	1391	1377	1493
3	1391	1222	1377
3	1344	1222	1391
3	1277	1344	1391
3	1222	1251	1377
3	1268	1344	1277
3	1335	1320	1355
3	1306	1335	1355
3	1176	1335	1306
3	1181	1176	1306
3	1421	1439	1476
3	1446	1476	1492
3	1446	1355	1476
3	1476	1355	1421
3	1360	1355	1446
3	1367	1320	1421
3	1355	1320	1367
3	1360	1306	1355
3	1029	1184	1149
3	1029	1062	1184
3	1029	1149	1115
3	1041	1029	1115
3	928	1029	1041
3	1029	974	1062
3	1231	1120	1266
3	1092	1120	1231
3	1222	1236	1251
3	1461	1414	1505
3	1120	1344	1268
3	1266	1120	1268
3	1120	1113	1344
3	1120	996	1113
3	996	1059	1085
3	1085	1145	1134
3	1089	1145	1085
3	1052	1089	1085
3	1059	1052	1085
3	1016	1052	1059
3	996	1008	1059
3	1243	1107	1097
3	1141	1107	1243
3	1212	1141	1243
3	1196	1141	1212
3	1138	1141	1176
3	1091	1107	1141
3	1116	1091	1141
3	1138	1116	1141
3	1116	1089	1091
3	1073	1097	1107
3	1052	1073	1089
3	1073	1091	1089
3	1091	1073	1107
3	1097	1073	1087
3	1016	1073	1052
3	1176	1141	1196
3	1177	1176	1181
3	1138	1176	1177
3	1128	1116	1138
3	1128	1138	1177
3	943	1041	924
3	943	928	1041
3	928	974	1029
3	800	974	928
3	915	928	943
3	915	775	928
3	775	800	928
3	703	810	829
3	811	856	956
3	996	964	1008
3	937	1016	1059
3	1008	965	1059
3	965	937	1059
3	856	964	956
3	964	856	1008
3	856	965	1008
3	846	937	965
3	856	846	965
3	856	726	846
3	836	775	915
3	836	776	775
3	766	800	775
3	728	775	776
3	716	766	775
3	728	716	775
3	643	716	728
3	643	585	716
3	585	653	716
3	693	816	817
3	734	693	817
3	734	644	693
3	618	693	644
3	679	644	734
3	816	703	829
3	681	703	816
3	693	681	816
3	592	703	681
3	618	681	693
3	811	730	856
3	810	730	811
3	703	730	810
3	640	730	703
3	640	674	730
3	703	592	640
3	640	620	674
3	726	794	846
3	730	726	856
3	726	745	794
3	730	674	726
3	674	745	726
3	620	614	674
3	653	585	658
3	583	585	643
3	585	566	658
3	583	521	585
3	521	566	585
3	566	565	658
3	565	635	658
3	635	524	645
3	565	524	635
3	521	565	566
3	467	524	565
3	617	601	679
3	601	644	679
3	618	610	681
3	610	592	681
3	1782	1806	1814
3	1744	1727	1753
3	1758	1772	1780
3	1736	1689	1728
3	1689	1702	1728
3	1754	1760	1765
3	1526	1437	1551
3	1609	1650	1665
3	1486	1493	1609
3	1439	1511	1476
3	1097	1153	1243
3	1087	1153	1097
3	745	749	794
3	104	117	133
3	104	72	117
3	141	114	143
3	117	114	141
3	72	70	117
3	70	114	117
3	70	74	114
3	36	74	70
3	46	25	72
3	25	70	72
3	131	146	138
3	138	120	131
3	96	120	138
3	90	96	138
3	59	64	96
3	66	96	90
3	66	59	96
3	66	27	59
3	38	64	59
3	39	36	70
3	25	39	70
3	39	33	36
3	25	19	39
3	33	24	36
3	19	22	39
3	22	33	39
3	20	22	31
3	22	12	33
3	20	12	22
3	12	24	33
3	10	12	20
3	38	60	64
3	45	27	66
3	59	27	38
3	38	37	60
3	27	20	38
3	20	31	38
3	10	20	27
3	1987	1979	1988
3	1979	1982	1983
3	1979	1983	1988
3	1971	1979	1987
3	1970	1982	1979
3	1953	1970	1979
3	1971	1960	1979
3	1983	1982	1981
3	1980	1981	1982
3	1968	1983	1981
3	1970	1977	1982
3	1966	1968	1981
3	1980	1965	1981
3	1965	1966	1981
3	1942	1960	1971
3	1942	1936	1960
3	1931	1942	1961
3	1931	1928	1942
3	1928	1936	1942
3	1928	1917	1936
3	1917	1927	1936
3	1917	1912	1927
3	1960	1953	1979
3	1961	1942	1971
3	1936	1953	1960
3	1936	1927	1953
3	1967	1965	1980
3	1945	1966	1965
3	1948	1965	1967
3	1965	1948	1945
3	1948	1930	1945
3	1921	1930	1948
3	1921	1916	1930
3	1914	1916	1921
3	1914	1918	1916
3	1867	1895	1914
3	1885	1912	1917
3	1878	1917	1928
3	1878	1885	1917
3	1885	1880	1912
3	1858	1880	1885
3	1858	1885	1878
3	1858	1856	1880
3	1821	1858	1878
3	1876	1821	1878
3	1828	1856	1858
3	1821	1828	1858
3	1828	1831	1856
3	1822	1867	1849
3	1918	1914	1895
3	1918	1895	1903
3	1828	1813	1831
3	1831	1813	1833
3	1797	1813	1828
3	1821	1797	1828
3	1799	1810	1813
3	1797	1799	1813
3	1812	1822	1818
3	1810	1812	1818
3	1812	1800	1822
3	1799	1800	1810
3	1810	1800	1812
3	1690	1631	1693
3	1512	1521	1448
3	1339	1521	1512
3	1480	1434	1512
3	1434	1337	1512
3	1480	1512	1448
3	1572	1499	1593
3	1623	1690	1684
3	1593	1623	1684
3	1525	1579	1623
3	1593	1525	1623
3	1499	1447	1593
3	1525	1518	1579
3	1447	1525	1593
3	1525	1501	1518
3	1501	1525	1447
3	1653	1649	1693
3	1631	1653	1693
3	1623	1631	1690
3	1623	1579	1631
3	1693	1600	1636
3	1649	1600	1693
3	1591	1636	1600
3	1600	1567	1591
3	1570	1567	1624
3	1482	1567	1570
3	1496	1591	1567
3	1624	1567	1600
3	1482	1496	1567
3	1452	1496	1482
3	1394	1475	1496
3	1394	1496	1452
3	1482	1400	1452
3	1500	1570	1586
3	1560	1497	1500
3	1500	1482	1570
3	1500	1481	1482
3	1451	1500	1497
3	1451	1481	1500
3	1448	1354	1480
3	1432	1372	1521
3	1432	1278	1372
3	1278	1272	1372
3	1272	1217	1372
3	1217	1318	1372
3	1136	1217	1272
3	1172	1136	1272
3	1337	1339	1512
3	1480	1405	1434
3	1349	1386	1434
3	1349	1434	1405
3	1319	1349	1405
3	1375	1405	1480
3	1375	1319	1405
3	1354	1375	1480
3	1262	1375	1354
3	1286	1262	1354
3	1262	1319	1375
3	1286	1232	1262
3	1217	1286	1318
3	1349	1399	1392
3	1386	1349	1392
3	1349	1376	1399
3	1349	1259	1376
3	1319	1259	1349
3	1259	1269	1376
3	1262	1259	1319
3	1262	1232	1259
3	1232	1169	1259
3	1228	1269	1259
3	1413	1406	1399
3	1406	1413	1312
3	1406	1312	1411
3	1312	1361	1411
3	1399	1376	1413
3	1361	1297	1411
3	1413	1255	1312
3	1376	1255	1413
3	1269	1255	1376
3	1226	1361	1312
3	1211	1226	1312
3	1258	1297	1361
3	1226	1202	1361
3	1202	1158	1361
3	1403	1385	1499
3	1385	1447	1499
3	1385	1383	1447
3	1341	1385	1403
3	1385	1289	1383
3	1341	1289	1385
3	1254	1289	1341
3	1215	1289	1254
3	1427	1501	1447
3	1383	1427	1447
3	1383	1368	1427
3	1368	1350	1427
3	1289	1368	1383
3	1317	1350	1368
3	1289	1317	1368
3	1317	1218	1350
3	1178	1205	1325
3	1198	1178	1325
3	1481	1400	1482
3	1400	1394	1452
3	1305	1394	1400
3	1400	1398	1326
3	1394	1334	1475
3	1326	1305	1400
3	1305	1334	1394
3	1283	1305	1326
3	1305	1325	1334
3	1283	1299	1305
3	1274	1283	1326
3	1305	1299	1325
3	1246	1299	1283
3	1299	1198	1325
3	1246	1219	1299
3	1451	1398	1481
3	1481	1398	1400
3	1379	1316	1451
3	1398	1316	1326
3	1316	1398	1451
3	1167	1232	1286
3	1167	1135	1232
3	1217	1167	1286
3	1142	1167	1217
3	1142	1217	1136
3	1019	1135	1167
3	1142	1019	1167
3	1136	1093	1142
3	1093	1019	1142
3	954	1019	1093
3	1096	1228	1259
3	1169	1096	1259
3	1135	1169	1232
3	1078	1169	1135
3	1078	1096	1169
3	963	1096	1078
3	1019	1078	1135
3	881	963	1078
3	1019	881	1078
3	1158	1258	1361
3	1158	1192	1258
3	1105	1158	1202
3	1133	1083	1105
3	1082	1083	1133
3	1082	1048	1083
3	1083	1012	1105
3	1012	1068	1105
3	1048	1012	1083
3	1082	929	1048
3	1201	1317	1289
3	1215	1201	1289
3	1163	1218	1317
3	1201	1163	1317
3	1163	1199	1218
3	1163	1122	1199
3	1199	1248	1218
3	1219	1198	1299
3	1178	1131	1205
3	881	1019	954
3	1048	966	1012
3	929	966	1048
3	120	96	116
3	96	64	116
3	22	18	31
3	31	18	37
3	1822	1842	1867
3	1822	1826	1842
3	1800	1826	1822
3	1659	1684	1690
3	1572	1593	1659
3	1472	1499	1572
3	1659	1593	1684
3	1172	1272	1278
3	1472	1403	1499
3	1093	1136	1172
3	1009	954	1093
3	1140	1192	1158
3	1105	1140	1158
3	1170	1201	1215
3	1016	898	1069
3	898	1021	1069
3	1073	1016	1087
3	924	915	943
3	836	915	924
3	1020	836	924
3	813	836	1020
3	937	898	1016
3	962	986	1021
3	898	962	1021
3	863	898	937
3	898	840	905
3	937	846	863
3	53	51	76
3	148	158	155
3	155	158	178
3	218	178	244
3	659	551	623
3	664	563	724
3	677	664	757
3	659	623	684
3	889	796	951
3	925	951	1058
3	848	889	925
3	801	865	934
3	1103	1108	1130
3	1151	1188	1238
3	1235	1267	1323
3	1126	1282	1382
3	1382	1467	1420
3	1308	1189	1460
3	1460	1358	1428
3	1373	1348	1429
3	1604	1536	1622
3	94	44	53
3	34	43	65
3	49	34	65
3	94	53	95
3	53	76	95
3	94	95	111
3	111	95	122
3	122	95	76
3	111	122	123
3	123	122	137
3	122	76	148
3	131	137	142
3	43	62	65
3	110	65	62
3	49	65	110
3	89	49	110
3	110	62	121
3	89	110	127
3	137	122	155
3	122	148	155
3	142	137	152
3	152	137	155
3	152	155	178
3	142	152	184
3	152	178	184
3	212	184	218
3	184	178	218
3	214	184	212
3	245	250	273
3	250	239	277
3	273	250	277
3	275	245	273
3	212	218	277
3	218	273	277
3	218	275	273
3	110	121	165
3	144	127	110
3	171	110	165
3	144	110	171
3	171	165	213
3	213	165	250
3	213	250	245
3	165	231	250
3	623	553	689
3	596	541	586
3	662	596	672
3	596	586	672
3	651	596	662
3	541	619	586
3	694	754	828
3	757	664	724
3	724	694	828
3	796	724	828
3	757	724	848
3	724	796	848
3	848	796	889
3	741	702	804
3	768	826	738
3	741	804	768
3	826	768	804
3	854	738	826
3	623	689	683
3	684	623	683
3	683	718	742
3	684	683	742
3	718	683	738
3	731	684	742
3	742	718	736
3	689	625	768
3	683	689	768
3	844	736	738
3	738	683	768
3	651	705	717
3	651	662	705
3	659	684	731
3	742	717	705
3	705	662	743
3	731	742	705
3	705	743	731
3	731	743	764
3	764	743	783
3	672	586	700
3	586	686	700
3	662	672	700
3	743	662	700
3	686	715	778
3	743	700	783
3	686	778	700
3	783	700	827
3	700	778	827
3	827	778	865
3	586	619	686
3	619	715	686
3	828	754	796
3	796	754	961
3	951	796	961
3	889	951	925
3	897	925	1058
3	804	702	897
3	702	848	925
3	897	702	925
3	826	804	950
3	804	897	950
3	854	826	966
3	966	826	950
3	966	950	1028
3	950	897	1039
3	1028	950	1039
3	778	822	855
3	822	871	855
3	778	855	865
3	855	871	906
3	865	801	827
3	865	855	933
3	855	906	933
3	865	933	934
3	933	906	968
3	906	954	968
3	934	933	1033
3	933	968	1033
3	968	954	1009
3	1131	1127	1205
3	1205	1127	1224
3	1127	1174	1224
3	1224	1174	1247
3	1112	1103	1106
3	1106	1103	1127
3	1127	1103	1174
3	1103	1130	1174
3	1106	1127	1131
3	1103	1112	1108
3	1108	1112	1122
3	1163	1108	1122
3	1154	1108	1170
3	1154	1170	1175
3	1108	1163	1170
3	1170	1163	1201
3	1188	1175	1170
3	1170	1215	1254
3	1188	1170	1254
3	1151	1238	1191
3	1125	1126	1343
3	1179	1125	1343
3	1026	1125	1179
3	1119	1026	1179
3	897	1058	1039
3	1012	966	1028
3	1012	1028	1068
3	1028	1039	1068
3	1068	1039	1077
3	1068	1077	1140
3	1105	1068	1140
3	1077	1039	1189
3	1192	1140	1275
3	968	1009	1033
3	1033	1009	1066
3	1009	1093	1066
3	1033	1066	1079
3	1066	1093	1172
3	1066	1123	1079
3	1066	1172	1186
3	1066	1186	1123
3	1220	1079	1123
3	1186	1172	1278
3	1220	1123	1294
3	1205	1224	1325
3	1224	1334	1325
3	1334	1224	1426
3	1224	1247	1426
3	1334	1426	1475
3	1188	1254	1280
3	1238	1188	1280
3	1257	1238	1280
3	1280	1254	1341
3	1280	1341	1342
3	1257	1280	1342
3	1342	1341	1403
3	1267	1191	1298
3	1323	1267	1298
3	1191	1257	1298
3	1298	1257	1342
3	1323	1298	1353
3	1298	1342	1353
3	1323	1353	1444
3	1353	1342	1463
3	1455	1353	1463
3	1342	1403	1463
3	1463	1403	1472
3	1444	1353	1455
3	1338	1323	1444
3	1343	1126	1382
3	1420	1343	1382
3	1119	1179	1358
3	1179	1343	1358
3	1358	1343	1420
3	1358	1420	1483
3	1140	1077	1308
3	1308	1077	1189
3	1275	1140	1308
3	1189	1119	1358
3	1460	1189	1358
3	1416	1460	1490
3	1192	1275	1258
3	1258	1275	1297
3	1297	1275	1363
3	1275	1308	1328
3	1363	1275	1328
3	1416	1308	1460
3	1328	1308	1416
3	1363	1328	1457
3	1411	1297	1422
3	1328	1416	1457
3	1422	1457	1464
3	1297	1363	1422
3	1422	1363	1457
3	1392	1399	1450
3	1399	1406	1450
3	1411	1422	1406
3	1220	1313	1348
3	1337	1386	1313
3	1313	1386	1392
3	1313	1392	1348
3	1386	1337	1434
3	1348	1392	1429
3	1123	1186	1309
3	1294	1123	1309
3	1313	1220	1294
3	1186	1278	1309
3	1309	1278	1432
3	1339	1294	1309
3	1313	1294	1337
3	1337	1294	1339
3	1309	1432	1521
3	1339	1309	1521
3	1475	1426	1537
3	1496	1475	1537
3	1496	1537	1591
3	1591	1537	1639
3	1537	1562	1639
3	1591	1639	1636
3	1562	1664	1715
3	1639	1562	1715
3	1630	1646	1681
3	1682	1630	1681
3	1472	1572	1599
3	1536	1599	1622
3	1622	1599	1642
3	1599	1572	1642
3	1646	1642	1681
3	1642	1572	1659
3	1622	1642	1646
3	1642	1659	1681
3	840	898	863
3	794	863	846
3	840	771	835
3	772	836	813
3	701	776	836
3	772	701	836
3	701	748	776
3	748	728	776
3	676	701	772
3	691	676	772
3	748	643	728
3	701	676	748
3	676	643	748
3	771	840	863
3	794	749	863
3	749	771	863
3	674	639	745
3	674	614	639
3	727	1999	835
3	771	727	835
3	673	727	771
3	745	673	771
3	749	745	771
3	621	727	673
3	639	673	745
3	727	621	613
3	583	643	676
3	490	676	667
3	490	520	676
3	520	583	676
3	468	520	490
3	520	521	583
3	410	467	520
3	468	408	520
3	484	534	540
3	485	484	540
3	435	417	484
3	605	618	616
3	605	587	618
3	580	605	616
3	552	587	605
3	580	557	605
3	557	552	605
3	572	564	580
3	564	540	580
3	540	557	580
3	557	555	552
3	540	534	557
3	587	610	618
3	587	552	610
3	552	519	610
3	552	489	519
3	522	489	552
3	535	454	568
3	519	479	535
3	479	454	535
3	489	479	519
3	422	454	479
3	489	471	479
3	614	516	639
3	568	516	614
3	454	516	568
3	454	473	516
3	639	621	673
3	518	537	621
3	518	621	639
3	516	518	639
3	516	473	518
3	518	462	537
3	473	439	518
3	439	462	518
3	621	537	613
3	537	571	613
3	446	571	537
3	462	446	537
3	475	594	514
3	545	594	475
3	433	545	475
3	433	382	545
3	475	458	433
3	414	458	475
3	393	408	468
3	408	410	520
3	357	410	408
3	311	357	408
3	393	311	408
3	288	311	308
3	262	274	288
3	384	318	417
3	386	399	417
3	318	386	417
3	317	348	386
3	318	317	386
3	318	246	317
3	246	287	317
3	215	246	318
3	417	425	484
3	403	479	471
3	403	422	479
3	403	385	422
3	454	390	473
3	422	390	454
3	385	390	422
3	385	359	390
3	353	370	390
3	359	353	390
3	353	324	370
3	324	353	359
3	315	324	359
3	439	363	462
3	390	370	473
3	370	439	473
3	363	392	462
3	370	363	439
3	363	323	392
3	370	324	363
3	324	326	363
3	392	446	462
3	307	406	414
3	391	307	414
3	307	391	345
3	406	433	458
3	414	406	458
3	406	382	433
3	406	344	382
3	327	344	406
3	327	216	344
3	307	291	327
3	291	307	267
3	291	216	327
3	267	216	291
3	262	288	308
3	243	274	262
3	195	185	262
3	185	243	262
3	185	183	243
3	185	159	183
3	159	157	183
3	139	157	159
3	150	185	195
3	150	159	185
3	150	173	161
3	150	139	159
3	136	150	161
3	200	246	215
3	200	209	246
3	167	200	215
3	168	167	215
3	200	167	209
3	167	161	209
3	136	161	167
3	168	136	167
3	267	182	216
3	227	182	267
3	233	182	227
3	177	182	233
3	126	129	150
3	129	139	150
3	126	150	136
3	126	99	129
3	97	99	126
3	97	126	136
3	112	97	136
3	1729	1732	1764
3	1655	1729	1730
3	1729	1658	1732
3	1641	1729	1655
3	1658	1699	1732
3	1641	1658	1729
3	1769	1729	1768
3	1763	1729	1769
3	1729	1761	1768
3	1763	1769	1757
3	1761	1729	1764
3	1730	1729	1763
3	1792	1778	1791
3	1778	1766	1791
3	1766	1775	1791
3	1783	1778	1792
3	1766	1778	1783
3	1766	1768	1775
3	1768	1757	1769
3	1756	1766	1783
3	1766	1757	1768
3	1756	1757	1766
3	1756	1743	1757
3	1771	1756	1783
3	1745	1756	1771
3	1745	1743	1756
3	1691	1743	1745
3	1738	1691	1745
3	1691	1731	1743
3	1741	1751	1770
3	1750	1751	1741
3	1750	1676	1751
3	1676	1711	1751
3	1741	1694	1750
3	1696	1530	1741
3	1694	1676	1750
3	1530	1694	1741
3	1676	1637	1711
3	1742	1741	1770
3	1687	1741	1742
3	1634	1691	1702
3	1647	1676	1694
3	667	676	691
3	425	470	484
3	557	534	555
3	555	522	552
3	308	311	393
3	386	348	387
3	386	387	399
3	417	399	425
3	328	359	385
3	328	315	359
3	326	323	363
3	281	267	307
3	281	307	345
3	382	344	309
3	195	262	308
3	173	150	195
3	237	287	246
3	246	209	237
3	182	177	216
3	1743	1739	1757
3	1743	1731	1700
3	1691	1575	1731
3	1531	1691	1634
3	419	375	543
3	600	577	632
3	533	600	608
3	533	577	600
3	533	511	577
3	511	487	577
3	400	511	533
3	400	533	543
3	413	487	511
3	420	413	511
3	400	420	511
3	632	570	607
3	577	570	632
3	538	607	570
3	577	487	570
3	495	538	570
3	487	495	570
3	495	442	538
3	398	442	495
3	487	413	495
3	413	398	495
3	442	440	538
3	536	523	527
3	527	455	494
3	536	504	523
3	523	455	527
3	478	455	523
3	504	478	523
3	492	478	504
3	371	494	455
3	415	455	478
3	573	491	536
3	517	491	573
3	491	504	536
3	517	438	491
3	438	404	491
3	421	426	469
3	426	418	443
3	418	460	443
3	421	418	426
3	411	421	464
3	431	411	464
3	429	411	431
3	411	418	421
3	377	418	411
3	377	378	418
3	429	431	434
3	340	374	449
3	372	340	449
3	340	368	374
3	337	305	372
3	340	303	368
3	303	325	368
3	305	340	372
3	337	331	305
3	305	303	340
3	331	293	305
3	293	303	305
3	296	293	331
3	313	296	331
3	319	312	314
3	312	296	313
3	312	313	314
3	293	296	295
3	456	361	419
3	361	396	419
3	396	381	419
3	349	381	396
3	349	351	381
3	361	349	396
3	314	349	361
3	319	314	361
3	375	400	543
3	419	381	375
3	354	400	375
3	381	351	375
3	351	338	375
3	338	354	375
3	338	279	354
3	261	279	338
3	264	279	261
3	400	292	420
3	354	292	400
3	263	292	354
3	279	263	354
3	398	343	442
3	341	413	420
3	292	341	420
3	341	398	413
3	341	343	398
3	341	298	343
3	292	298	341
3	292	263	298
3	263	259	298
3	259	248	298
3	248	234	298
3	440	415	478
3	334	371	455
3	395	440	442
3	395	415	440
3	343	395	442
3	395	300	415
3	415	334	455
3	300	334	415
3	343	289	395
3	289	300	395
3	300	210	334
3	210	254	334
3	343	298	289
3	234	289	298
3	289	260	300
3	260	210	300
3	234	260	289
3	380	356	404
3	270	404	438
3	270	380	404
3	270	253	380
3	279	264	263
3	264	236	263
3	236	259	263
3	248	259	236
3	229	210	260
3	242	241	260
3	241	229	260
3	186	210	229
3	241	222	229
3	198	186	229
3	222	198	229
3	198	172	186
3	180	198	222
3	201	180	222
3	180	172	198
3	193	253	270
3	193	191	253
3	204	228	253
3	191	204	253
3	191	180	201
3	191	201	204
3	180	191	193
3	172	180	193
3	1679	1685	1705
3	1552	1598	1666
3	1552	1449	1598
3	1495	1390	1552
3	1390	1449	1552
3	1606	1581	1679
3	1679	1581	1685
3	1581	1666	1685
3	1581	1552	1666
3	1453	1495	1581
3	1495	1552	1581
3	1509	1453	1581
3	1606	1679	1705
3	1555	1656	1652
3	1656	1606	1705
3	1555	1606	1656
3	1509	1581	1606
3	1555	1509	1606
3	1477	1488	1555
3	1589	1557	1652
3	1557	1555	1652
3	1557	1577	1555
3	1507	1557	1589
3	1507	1577	1557
3	1577	1477	1555
3	1507	1477	1577
3	1575	1507	1589
3	1456	1407	1575
3	1407	1507	1575
3	1330	1265	1449
3	1390	1330	1449
3	1285	1330	1390
3	1164	1265	1330
3	1285	1164	1330
3	1366	1390	1495
3	1366	1285	1390
3	1396	1477	1507
3	1407	1396	1507
3	1506	1423	1456
3	1321	1407	1456
3	1208	1396	1407
3	1423	1321	1456
3	1364	1321	1423
3	1271	1364	1423
3	1208	1407	1321
3	1182	1364	1271
3	1245	1321	1364
3	1182	1245	1364
3	1168	1332	1388
3	1329	1168	1388
3	1332	1271	1397
3	1332	1210	1271
3	1210	1182	1271
3	1210	1332	1168
3	1162	1329	1287
3	1162	1168	1329
3	1287	1203	1162
3	1203	1287	1264
3	1164	1132	1265
3	1148	1164	1285
3	1010	1164	1148
3	1060	1132	1164
3	1035	1010	1148
3	1010	946	1164
3	946	1060	1164
3	894	1010	1035
3	1182	1027	1245
3	1057	1047	1182
3	1047	1027	1182
3	1168	1101	1210
3	1057	1182	1210
3	1101	1057	1210
3	1044	1101	1168
3	1006	1057	1101
3	1044	1006	1101
3	1162	1044	1168
3	1025	1044	1162
3	1025	1162	1203
3	1005	1025	1203
3	1025	825	1044
3	1207	1005	1264
3	1005	1203	1264
3	1207	994	1005
3	1139	994	1207
3	994	919	1005
3	1094	1095	1098
3	1094	1109	1114
3	1061	1094	1098
3	993	994	1139
3	1094	1072	1109
3	1109	1072	1139
3	1023	1094	1061
3	1023	991	1094
3	991	1072	1094
3	1072	993	1139
3	991	993	1072
3	1121	1061	1098
3	1098	1064	1121
3	1095	1046	1098
3	1046	1064	1098
3	972	1034	1064
3	1046	998	1064
3	998	972	1064
3	946	985	1060
3	1010	866	946
3	894	866	1010
3	869	946	866
3	946	869	909
3	747	894	860
3	747	866	894
3	773	747	860
3	1057	834	1047
3	786	1027	1047
3	834	786	1047
3	926	1057	1006
3	926	834	1057
3	941	857	926
3	926	842	834
3	857	842	926
3	825	857	941
3	857	770	842
3	940	1025	1005
3	940	825	1025
3	767	812	786
3	440	478	492
3	491	437	504
3	404	356	491
3	356	437	491
3	313	331	350
3	349	314	313
3	284	261	338
3	222	241	211
3	1453	1366	1495
3	1488	1509	1555
3	1357	1285	1366
3	1453	1357	1366
3	1245	1208	1321
3	1064	1024	1121
3	786	812	902
3	1027	786	1014
3	1002	952	1031
3	1030	971	1002
3	999	971	1030
3	971	957	1002
3	948	971	999
3	1002	957	952
3	901	971	948
3	901	957	971
3	901	952	957
3	913	901	948
3	147	138	160
3	36	55	74
3	882	883	942
3	917	939	975
3	1040	992	1076
3	1351	1261	1370
3	1462	1445	1578
3	1643	1629	1671
3	1872	1869	1886
3	1933	1956	1969
3	28	7	29
3	28	29	42
3	78	28	61
3	63	67	105
3	105	90	138
3	105	138	147
3	124	105	147
3	74	55	107
3	107	55	115
3	55	78	115
3	74	107	114
3	107	115	128
3	114	107	143
3	107	128	143
3	147	160	162
3	162	160	170
3	115	154	128
3	147	162	163
3	156	143	176
3	143	128	174
3	176	143	174
3	162	170	176
3	163	162	174
3	169	162	176
3	162	169	174
3	169	176	174
3	128	154	174
3	154	163	174
3	852	861	883
3	872	862	882
3	862	852	882
3	852	883	882
3	872	882	949
3	901	872	952
3	872	949	952
3	949	882	942
3	949	1001	952
3	1001	949	1040
3	949	942	1040
3	852	832	861
3	832	852	862
3	858	832	862
3	862	872	913
3	858	862	913
3	872	901	913
3	858	913	948
3	939	858	948
3	939	948	987
3	975	939	987
3	987	948	999
3	975	987	1011
3	1230	1229	1239
3	1239	1229	1240
3	942	992	1040
3	952	1001	1031
3	1031	1001	1111
3	1001	1040	1111
3	1111	1040	1129
3	1031	1111	1088
3	1075	1031	1088
3	1111	1129	1165
3	1011	987	1086
3	987	999	1065
3	987	1065	1146
3	1086	987	1146
3	1065	1088	1146
3	1111	1165	1088
3	1146	1088	1193
3	1088	1165	1216
3	1193	1088	1216
3	1239	1240	1253
3	1250	1239	1253
3	1239	1293	1249
3	1239	1250	1290
3	1239	1290	1293
3	1290	1250	1292
3	1293	1290	1503
3	1414	1293	1503
3	1414	1503	1504
3	1240	1229	1263
3	1240	1263	1296
3	1253	1240	1296
3	1261	1253	1296
3	1296	1263	1370
3	1261	1296	1370
3	1370	1263	1401
3	1263	1346	1401
3	1401	1346	1459
3	1351	1370	1445
3	1370	1401	1445
3	1351	1445	1462
3	1445	1401	1502
3	1401	1459	1502
3	1502	1459	1494
3	1414	1504	1505
3	1504	1538	1505
3	1677	1538	1692
3	1538	1640	1692
3	1502	1494	1566
3	1445	1502	1566
3	1445	1566	1578
3	1578	1566	1595
3	1595	1566	1645
3	1629	1578	1595
3	1671	1629	1670
3	1629	1595	1670
3	1670	1595	1645
3	1640	1671	1697
3	1677	1692	1719
3	1640	1697	1692
3	1671	1670	1697
3	1692	1697	1719
3	1670	1645	1697
3	1865	1850	1891
3	1865	1891	1894
3	1891	1875	1894
3	1865	1894	1877
3	1877	1894	1907
3	1847	1843	1861
3	1843	1853	1860
3	1843	1857	1861
3	1857	1843	1860
3	1857	1850	1861
3	1847	1861	1865
3	1861	1850	1865
3	1857	1860	1869
3	1869	1860	1886
3	1886	1860	1853
3	1886	1902	1905
3	1886	1853	1915
3	1875	1921	1894
3	1933	1924	1894
3	1894	1921	1933
3	1962	1933	1969
3	1902	1938	1941
3	1938	1915	1954
3	1952	1938	1954
3	1941	1938	1952
3	1952	1954	1959
3	1952	1959	1941
3	1954	1972	1959
3	1902	1886	1938
3	1886	1915	1938
3	1994	1969	1989
3	1969	1994	1962
3	1989	1991	1998
3	1994	1989	1998
3	1991	1995	1998
3	1998	1995	1997
3	1995	1992	1997
3	1996	1994	1997
3	1994	1998	1997
3	1941	1959	1984
3	1984	1959	1992
3	1959	1972	1992
3	1984	1992	1995
3	1992	1972	1990
3	1991	1984	1995
3	48	32	54
3	54	32	47
3	54	47	63
3	7	32	29
3	29	32	48
3	29	52	42
3	29	48	68
3	29	68	52
3	61	42	69
3	68	48	54
3	28	42	61
3	42	52	69
3	68	54	63
3	73	61	69
3	69	52	68
3	69	68	84
3	68	63	91
3	91	84	68
3	91	63	105
3	73	69	134
3	134	69	84
3	134	84	91
3	134	91	124
3	91	105	124
3	134	124	147
3	134	164	132
3	78	61	73
3	78	73	113
3	101	78	113
3	73	132	113
3	78	101	115
3	164	113	132
3	154	115	101
3	101	113	164
3	134	147	163
3	164	134	163
3	101	164	154
3	164	163	154
3	1416	1550	1580
3	541	596	663
3	596	651	663
3	403	471	480
3	1565	1535	1610
3	652	598	678
3	1625	1610	1704
3	1355	1367	1421
3	31	37	38
3	718	738	736
3	1238	1257	1191
3	456	419	493
3	374	368	430
3	838	815	886
3	1222	1134	1236
3	1085	1134	1113
3	905	838	886
3	1113	996	1085
3	1344	1113	1222
3	1113	1134	1222
