0.47433	-0.50861	0.11684
0.48401	-0.50308	0.1551
0.46316	-0.51582	0.13827
0.41966	-0.53332	0.10282
0.43749	-0.53685	0.12819
0.45351	-0.50178	0.14929
0.48143	-0.488	0.11687
0.48596	-0.4658	0.12483
0.38017	-0.52232	0.10814
0.40995	-0.52642	0.1325
0.48051	-0.46758	0.14122
0.46441	-0.4893	0.09702
0.42975	-0.51654	0.089948
0.46458	-0.46264	0.14963
0.40228	-0.49478	0.14413
0.49557	-0.43215	0.12316
0.82314	-0.15005	0.12615
0.82703	-0.1477	0.098374
0.80243	-0.1662	0.16159
0.79477	-0.1585	0.13225
0.8454	-0.13321	0.088009
0.50181	-0.43975	0.15353
0.43843	-0.48435	0.1495
0.8561	-0.12359	0.06612
0.8942	-0.090471	-0.0036562
0.88047	-0.10199	-0.0032625
0.89616	-0.080511	-0.028364
0.43004	-0.47417	0.066908
0.40278	-0.50283	0.073726
0.82051	-0.13184	0.17308
0.8064	-0.14576	0.18787
0.85453	-0.12407	0.053996
0.87273	-0.083471	-0.034864
0.86342	-0.10131	-0.0021305
0.77223	-0.16557	0.16201
0.37422	-0.51458	0.079275
0.80616	-0.1333	0.080952
0.48768	-0.41425	0.14509
0.77739	-0.16869	0.17981
0.47726	-0.42166	0.090342
0.47357	-0.43259	0.15361
0.90517	-0.054223	0.0071122
0.80108	-0.13502	0.19761
0.49266	-0.39244	0.14764
0.44875	-0.45236	0.075873
0.89765	-0.054007	-0.03247
0.89048	-0.033508	0.068517
0.36808	-0.50284	0.13008
0.88233	-0.053748	-0.04122
0.81774	-0.11887	0.049812
0.90801	-0.034267	-0.0072788
0.77951	-0.14169	0.10623
0.78838	-0.13632	0.19529
0.84231	-0.10954	0.12429
0.49932	-0.38935	0.13465
0.90408	-0.024997	0.034744
0.77731	-0.11784	0.22991
0.49272	-0.41367	0.12935
0.47613	-0.40453	0.15007
0.80095	-0.10919	0.22384
0.8217	-0.091515	-0.0029561
0.82472	-0.085549	0.19956
0.88829	-0.019993	-0.010449
0.83191	-0.060352	-0.027721
0.86807	-0.028528	0.13663
0.77003	-0.13958	0.11773
0.77512	-0.12935	0.18785
0.48271	-0.39533	0.10082
0.81657	-0.075628	-0.018869
0.34042	-0.49797	0.094568
0.34061	-0.46807	0.13294
0.4431	-0.42803	0.15327
0.40757	-0.42569	0.05323
0.78048	-0.11886	0.077601
0.37687	-0.4883	0.057153
0.33539	-0.49077	0.11828
0.4385	-0.40458	0.06242
0.8818	-0.0052254	0.029405
0.83358	-0.035781	-0.024178
0.88475	-0.011957	0.07229
0.40345	-0.43887	0.1448
0.80964	-0.06163	0.23373
0.79299	-0.099007	0.019403
0.46423	-0.37366	0.084272
0.46467	-0.35957	0.099571
0.46518	-0.38352	0.15092
0.76386	-0.1128	0.10432
0.76032	-0.11851	0.15851
0.4361	-0.3841	0.064298
0.86044	-0.01657	0.12413
0.33969	-0.47819	0.057975
0.75564	-0.11799	0.12651
0.78799	-0.091833	-0.0087622
0.84707	-0.037221	0.18588
0.46912	-0.35715	0.13243
0.76666	-0.099706	0.063254
0.79417	-0.081578	-0.024626
0.80805	-0.058194	-0.031639
0.78874	-0.053468	0.24435
0.85383	-0.021511	0.16297
0.85427	-0.016424	-0.011637
0.75621	-0.085795	0.17112
0.32218	-0.4909	0.086047
0.41851	-0.38418	0.14437
0.76574	-0.077805	0.19581
0.76738	-0.099414	0.023696
0.77472	-0.073579	0.20934
0.7885	-0.0674	-0.048595
0.73808	-0.10988	0.014631
0.43983	-0.36258	0.076778
0.82327	-0.026534	0.21167
0.76033	-0.095246	-0.036373
0.3305	-0.4752	0.051984
0.83162	0.0017414	0.016973
0.75436	-0.081942	0.14654
0.84161	0.0049773	0.05847
0.81304	-0.026839	-0.032044
0.75709	-0.092639	0.065267
0.83092	-0.014453	0.17939
0.75968	-0.079832	0.10788
0.8267	-0.010201	0.15607
0.78956	-0.080385	0.22863
0.83565	-0.0088382	0.12144
0.32002	-0.48548	0.1175
0.70315	-0.10813	0.039264
0.72409	-0.10401	-0.026976
0.83024	-0.016071	-0.012094
0.40303	-0.41109	0.14399
0.28304	-0.49596	0.074674
0.73944	-0.083251	-0.051737
0.37981	-0.42773	0.04864
0.32325	-0.44438	-0.010711
0.74303	-0.07931	0.082231
0.43009	-0.36296	0.14
0.44533	-0.35497	0.0894
0.75181	-0.056903	0.10133
0.4385	-0.35029	0.10905
0.73888	-0.047563	-0.068216
0.29941	-0.48459	0.033366
0.35535	-0.43661	0.046145
0.39583	-0.37777	0.058204
0.80753	-0.02019	0.20576
0.76118	-0.051789	0.11624
0.2854	-0.49173	0.11116
0.82773	0.0014088	0.088183
0.78674	-0.03164	-0.051022
0.28955	-0.47567	0.12799
0.36748	-0.40138	0.047209
0.79068	-0.014414	0.1599
0.76234	-0.051363	0.14516
0.314	-0.42982	0.13494
0.70903	-0.098213	0.050589
0.77946	-0.041031	0.22351
0.76577	-0.049095	0.175
0.42415	-0.35211	0.12592
0.79395	-0.010942	0.18094
0.30001	-0.46076	-0.0036981
0.35946	-0.37502	0.14093
0.79871	-0.011489	0.11952
0.26627	-0.47946	0.018463
0.34689	-0.41671	0.010799
0.24746	-0.48857	0.044987
0.65636	-0.11445	-0.0052652
0.80634	0.011518	0.013161
0.77937	-0.0015184	-0.044727
0.70448	-0.086468	-0.05883
0.36967	-0.37108	0.054474
0.34317	-0.3928	0.14245
0.28612	-0.44623	0.12478
0.77343	-0.027344	0.18103
0.77272	-0.023798	0.11385
0.20934	-0.47421	0.076725
0.79753	0.013493	0.036852
0.77573	-0.011229	0.093523
0.79252	0.0035441	0.07545
0.75571	-0.038358	0.10204
0.34869	-0.38172	0.0074138
0.39256	-0.36152	0.13549
0.30786	-0.41643	-0.043553
0.66509	-0.10453	-0.047334
0.27429	-0.45697	-0.013353
0.79085	0.016488	-0.012594
0.72671	-0.048301	0.097119
0.25893	-0.47101	0.11841
0.67826	-0.058986	0.09254
0.39689	-0.34711	0.11132
0.3376	-0.38424	-0.016059
0.28776	-0.44499	-0.038123
0.36305	-0.35635	0.13177
0.37135	-0.35595	0.07327
0.37506	-0.3495	0.11325
0.64648	-0.11264	0.013504
0.32602	-0.39367	-0.031459
0.69641	-0.049977	-0.079358
0.28503	-0.42855	-0.049928
0.65351	-0.1007	0.043864
0.77888	0.015436	0.05908
0.61013	-0.11057	-0.035408
0.30808	-0.40872	0.13465
0.22453	-0.46254	0.11161
0.63952	-0.075464	-0.078195
0.23439	-0.47264	0.013249
0.36396	-0.34414	0.1129
0.24078	-0.43978	0.11118
0.7613	0.0078591	0.076756
0.72415	-0.025381	0.099572
0.76504	0.036456	0.0085336
0.78023	0.027918	0.037552
0.22175	-0.43723	-0.029216
0.65406	-0.073021	0.074318
0.71558	-0.026075	-0.079262
0.29094	-0.39137	-0.053343
0.73232	-0.0060173	0.091222
0.34403	-0.34243	0.024345
0.63825	-0.097222	-0.060695
0.34274	-0.32311	0.057043
0.23227	-0.4188	-0.053127
0.22384	-0.4782	0.040068
0.61383	-0.10105	0.033805
0.73378	-0.0044691	-0.06715
0.73523	0.028134	-0.046145
0.32086	-0.34834	0.15616
0.60096	-0.11113	-0.0022009
0.5903	-0.10106	-0.048172
0.29316	-0.36975	-0.042233
0.75927	0.033971	0.04558
0.65191	-0.028666	0.11296
0.21477	-0.46993	0.10036
0.30595	-0.3506	0.15623
0.72683	0.053509	-0.01812
0.34874	-0.33145	0.11381
0.70521	0.025353	0.088159
0.32489	-0.32774	0.13773
0.18755	-0.45032	0.099448
0.68727	0.01148	0.092746
0.25457	-0.36209	0.12398
0.63761	-0.046585	-0.090683
0.19787	-0.4472	-0.013149
0.64075	-0.056637	0.094297
0.72689	0.030993	0.075415
0.59693	-0.076103	0.055676
0.18266	-0.4599	0.044318
0.17874	-0.4549	0.016921
0.58783	-0.078734	-0.069078
0.26238	-0.40143	-0.059327
0.32607	-0.31449	0.053822
0.27853	-0.31626	-0.016762
0.67431	-0.0093276	0.11018
0.72703	0.052822	0.025867
0.16666	-0.44252	0.076853
0.58828	-0.052957	-0.084558
0.32094	-0.31093	0.09712
0.31098	-0.31949	0.018059
0.55815	-0.096208	-0.011714
0.66113	-0.018374	-0.092538
0.1895	-0.4212	0.09786
0.64715	-0.015029	0.11511
0.68435	0.016941	-0.08002
0.29568	-0.36742	0.1393
0.23007	-0.38063	-0.05816
0.71071	0.049899	0.063913
0.56705	-0.094517	0.01809
0.19881	-0.38828	0.10304
0.14867	-0.44223	0.00065397
0.18816	-0.40797	-0.037976
0.14091	-0.43312	0.043305
0.59174	-0.057001	0.076725
0.26779	-0.35404	-0.051164
0.27505	-0.3306	-0.032569
0.6966	0.055804	-0.044278
0.66448	0.018006	0.088134
0.16139	-0.40209	-0.038528
0.27344	-0.30308	0.11902
0.64767	0.010842	0.10078
0.28488	-0.29511	0.083798
0.30146	-0.33347	0.15282
0.25139	-0.31687	0.13493
0.60949	-0.016483	-0.095676
0.53081	-0.0736	-0.027037
0.67283	0.048852	0.06981
0.53941	-0.077125	0.015601
0.56225	-0.035603	-0.084534
0.6222	0.0099606	-0.090781
0.59299	-0.03859	0.08838
0.54665	-0.064084	0.059024
0.24954	-0.32109	-0.030776
0.14581	-0.42013	-0.030611
0.64315	0.028243	0.076782
0.54118	-0.062546	-0.054686
0.16984	-0.38592	-0.040095
0.27798	-0.29482	0.044627
0.19937	-0.36254	-0.042529
0.5711	-0.032927	0.090782
0.22857	-0.35674	-0.053195
0.67361	0.070765	0.026304
0.59384	-0.0098873	0.095188
0.22935	-0.32	0.13215
0.49727	-0.04902	0.049021
0.65139	0.084614	-0.018731
0.15726	-0.42528	0.087585
0.11175	-0.40665	0.051845
0.70258	0.06655	0.0006223
0.63427	0.042127	-0.074503
0.25151	-0.29386	0.018841
0.18068	-0.35091	-0.038809
0.099902	-0.41927	0.010283
0.18588	-0.35423	0.11665
0.49908	-0.064452	-0.045119
0.51904	-0.069453	-0.011415
0.53919	-0.042914	0.077488
0.11879	-0.42404	-0.024086
0.59128	0.030118	0.085771
0.65298	0.063414	-0.056536
0.57282	0.0034446	-0.091058
0.23095	-0.28145	0.056279
0.12517	-0.38702	0.075721
0.63769	0.063197	0.050329
0.084315	-0.40758	-0.062082
0.15587	-0.37349	0.10909
0.16681	-0.41575	0.098507
0.62166	0.032655	0.077144
0.19434	-0.32694	-0.02489
0.22901	-0.28374	0.087392
0.63983	0.080181	0.02178
0.099937	-0.42331	-0.014942
0.50281	-0.061628	0.019444
0.2229	-0.29969	-0.0014287
0.52271	-0.014556	0.085426
0.11453	-0.3917	-0.06531
0.52557	-0.041568	-0.083874
0.50496	-0.032484	0.075984
0.17755	-0.32192	0.11973
0.59634	0.041233	-0.075301
0.11943	-0.37475	-0.069265
0.46299	-0.068351	-0.01233
0.20438	-0.30781	0.1204
0.21976	-0.29288	0.10614
0.49387	-0.050693	-0.077902
0.5198	0.015436	0.087089
0.14929	-0.34534	0.101
0.50888	-0.02411	-0.098296
0.56344	0.031371	-0.079175
0.58736	0.063721	0.048541
0.11807	-0.36925	0.073445
0.2205	-0.28505	0.030513
0.062426	-0.42403	-0.040915
0.45488	-0.066796	-0.048746
0.46876	-0.062172	0.011072
0.15481	-0.34022	-0.04047
0.085576	-0.41056	0.031105
0.4864	-0.030427	0.091458
0.44648	-0.081389	0.029792
0.43106	-0.088953	-0.01561
0.10053	-0.39378	0.058046
0.52352	0.015796	-0.097899
0.087283	-0.37664	0.065531
0.56194	0.031401	0.086448
0.46416	-0.055546	0.044028
0.14333	-0.32854	0.085464
0.5917	0.073858	-0.037118
0.050208	-0.42339	0.0012882
0.1885	-0.29873	0.013773
0.071802	-0.38757	-0.081335
0.17045	-0.31779	-0.010055
0.60291	0.083794	-0.0052986
0.19447	-0.28652	0.042315
0.41449	-0.097373	0.0092161
0.02492	-0.42741	-0.022935
0.44744	-0.059968	0.074518
0.1061	-0.32962	0.072819
0.13997	-0.33755	-0.030094
0.41575	-0.090462	0.052366
0.14878	-0.33207	0.029385
0.073726	-0.39725	0.057321
0.0077064	-0.42938	-0.043066
0.1731	-0.29462	0.059314
0.022471	-0.41456	-0.092098
0.40609	-0.069804	0.086608
0.17582	-0.29266	0.080105
0.56107	0.058322	-0.04658
0.46184	-0.035935	0.077044
0.37986	-0.10257	-0.029698
0.12828	-0.32878	0.075873
0.45322	-0.046995	-0.083385
0.49036	-0.016098	0.099278
0.12207	-0.32704	-0.027337
0.42485	-0.05776	-0.084278
0.096485	-0.35426	-0.084854
0.13661	-0.35879	-0.059285
0.45059	-0.021389	-0.099518
0.55379	0.052958	0.066206
0.025245	-0.42334	0.018882
0.13758	-0.3349	0.02613
0.38316	-0.094677	0.057756
0.49717	0.010248	0.10065
-0.0016545	-0.40844	0.042392
0.39017	-0.087252	-0.068894
0.51947	0.04962	0.063141
0.58182	0.077101	0.024434
0.46994	0.0028133	-0.10326
0.53345	0.06396	0.033346
0.11487	-0.32236	0.05678
0.45758	-0.015618	0.092709
0.10067	-0.33107	-0.078843
0.034428	-0.3766	-0.11646
0.35094	-0.10569	0.0041992
0.50878	0.043381	-0.079314
0.55173	0.069929	-0.014298
0.53322	0.061637	-0.050654
0.47563	0.0012776	0.10616
0.023241	-0.39045	0.059434
0.44999	0.022262	-0.099484
0.10751	-0.31566	-0.036798
0.34173	-0.10791	-0.023738
0.39729	-0.054973	-0.094633
0.0034955	-0.40938	-0.095807
-0.02576	-0.42023	-0.058248
0.40754	-0.026241	-0.10684
0.41263	-0.034935	0.10518
0.082572	-0.33114	0.071631
0.08352	-0.33252	-0.10122
0.3365	-0.10458	-0.034889
0.48323	0.022692	0.10163
0.51084	0.070514	-0.00041348
-0.019844	-0.42041	-0.03312
0.33489	-0.079373	0.079759
0.36194	-0.07821	-0.091921
0.090837	-0.29128	-0.013146
0.37654	-0.054918	-0.10651
0.43177	-0.0025321	0.108
0.33712	-0.095936	0.057061
0.44612	0.045149	-0.086879
0.079139	-0.30799	0.067341
0.51187	0.063258	0.037252
0.055787	-0.3673	-0.10628
0.097818	-0.30034	0.029428
-0.0098095	-0.37647	-0.12231
0.092711	-0.30243	-0.074971
0.099952	-0.29437	-0.037374
-0.01907	-0.40109	-0.095486
0.45645	0.018555	0.095258
0.50906	0.069647	-0.026646
0.43309	0.0031784	-0.10579
0.3579	-0.061632	0.092992
0.017526	-0.34687	0.068589
0.47133	0.045292	0.076307
-0.04817	-0.40305	-0.0069861
0.47854	0.065288	0.050635
-0.030064	-0.39655	0.049135
0.40479	0.0085186	0.114
-0.047658	-0.40634	-0.048544
0.35492	-0.035144	0.10566
0.30717	-0.092638	0.04744
-0.050914	-0.40545	0.030208
0.39377	-0.01022	-0.11395
0.079155	-0.29696	0.054688
0.29645	-0.080606	-0.039599
-0.05802	-0.40568	-0.076608
0.5025	0.063372	-0.048184
-0.0019192	-0.36301	0.070481
0.011216	-0.35759	-0.13043
0.29396	-0.091897	0.0016429
0.42287	0.066452	-0.067493
0.30257	-0.045263	0.095368
0.019501	-0.29659	0.058605
0.06799	-0.27784	0.019858
0.029884	-0.32165	-0.13156
0.44319	0.033575	0.097887
0.38374	0.032465	-0.11105
0.0014023	-0.34711	0.072837
0.30098	-0.065499	-0.099136
0.33555	-0.025147	-0.12534
0.28749	-0.076777	0.070508
0.27963	-0.094687	0.044517
0.45517	0.082718	0.0084588
0.069886	-0.27581	-0.068985
0.046869	-0.28684	0.053015
-0.033958	-0.37001	-0.13595
0.057946	-0.28881	-0.10292
-0.0038692	-0.33593	-0.15056
0.30549	-0.044105	-0.12149
-0.080727	-0.39107	-0.016427
0.44975	0.082382	0.036412
-0.070422	-0.37608	0.038708
0.038369	-0.28005	-0.13931
0.25822	-0.084019	0.0025184
0.43632	0.060763	0.077556
0.40397	0.039365	0.10333
0.35793	-0.010209	0.11043
0.3408	-0.0040076	-0.12714
0.28416	-0.061073	-0.064341
-0.074326	-0.38973	-0.10783
0.069149	-0.25494	-0.037382
-0.090299	-0.39821	-0.075993
0.25725	-0.074013	-0.020665
-0.021374	-0.33908	-0.16739
0.06774	-0.25529	-0.079404
0.07103	-0.26499	-0.024213
-0.022871	-0.346	0.074638
-0.051217	-0.36585	-0.15314
0.060301	-0.25795	-0.10774
0.406	0.060012	-0.088665
0.36678	0.043655	0.099676
0.073028	-0.23741	-0.050995
0.30674	-0.024229	-0.12965
0.0016087	-0.31256	-0.17662
-0.093597	-0.37755	0.01848
0.23121	-0.077555	0.001219
0.056317	-0.25316	0.012746
-0.013419	-0.29857	0.064692
0.33483	0.027528	0.10684
-0.020816	-0.31967	-0.21523
0.034119	-0.2646	0.04163
0.031275	-0.26913	-0.19439
0.014259	-0.28807	-0.20824
0.071623	-0.23819	-0.118
0.027956	-0.27471	-0.17618
0.42432	0.085867	0.040913
0.10531	-0.1945	-0.13069
-0.097581	-0.38567	-0.15523
0.22554	-0.060753	0.054801
0.092379	-0.19998	-0.15401
0.049675	-0.24033	0.024261
0.087098	-0.22114	-0.074349
-0.10852	-0.38269	-0.031976
0.07046	-0.23062	-0.16819
0.094773	-0.20004	-0.077496
0.3806	0.080556	0.072533
-0.063942	-0.33665	0.064729
0.30921	0.03778	-0.11723
0.28448	-0.031065	-0.11841
-0.088673	-0.35825	0.045949
-0.036227	-0.31496	-0.24093
0.0041043	-0.26978	-0.24809
0.43127	0.086142	-0.016346
-0.1212	-0.39126	-0.046341
0.21933	-0.073305	0.026187
-0.10774	-0.37098	-0.20931
-0.13218	-0.39046	-0.070154
0.29901	-0.00089154	0.10253
0.0043443	-0.26213	0.063849
0.24195	-0.039795	0.074409
-0.14404	-0.38893	-0.12271
0.25099	-0.037675	-0.078601
0.060402	-0.22294	0.010696
0.044005	-0.25606	-0.19162
-0.08444	-0.35914	-0.21509
0.10577	-0.17598	-0.10713
0.04719	-0.23237	-0.22343
0.11005	-0.17554	-0.15177
0.080032	-0.1996	-0.19032
-0.14013	-0.37327	0.005616
0.36036	0.072689	-0.089735
-0.02694	-0.28079	-0.26714
0.37761	0.089502	0.065563
-0.12201	-0.37043	0.027231
0.04059	-0.22481	0.051228
-0.14172	-0.38751	-0.18075
-0.15114	-0.39422	-0.043874
-0.15623	-0.38809	-0.11387
0.38815	0.087325	-0.043326
0.078466	-0.19776	-0.024984
0.21755	-0.07506	-0.012169
0.22996	-0.056345	-0.053857
0.28389	0.0023903	-0.1252
0.25266	-0.0067415	0.089294
-0.090926	-0.34252	0.061533
-0.031428	-0.28094	0.075898
-0.15729	-0.36882	-0.013068
-0.16127	-0.39522	-0.036797
0.099492	-0.16589	-0.046609
0.070308	-0.19365	0.011075
0.055166	-0.20465	-0.2291
0.19199	-0.084246	0.0020693
-0.12862	-0.34798	-0.2652
0.10683	-0.15287	-0.13977
-0.17241	-0.39556	-0.15465
0.17443	-0.086612	-0.010243
0.029255	-0.23114	-0.24898
0.11479	-0.1488	-0.093079
0.25921	-0.0098003	-0.098376
0.0048494	-0.23433	0.091602
0.18627	-0.079102	-0.051798
0.028762	-0.20935	0.086947
-0.049805	-0.3097	0.074434
0.35811	0.10226	0.047447
-0.18403	-0.38059	-0.21935
0.16293	-0.071854	0.040739
0.13704	-0.12006	-0.037623
0.12037	-0.13702	-0.053146
0.21824	-0.04566	-0.086874
0.058804	-0.18735	0.045639
0.081332	-0.12384	-0.22531
0.21855	-0.031757	0.07616
0.14352	-0.10498	-0.099891
0.15915	-0.096558	-0.062496
0.27283	-0.018274	-0.10209
0.36149	0.10409	0.0099699
0.01292	-0.21919	-0.2685
-0.10069	-0.31321	0.071382
-0.094279	-0.31545	-0.283
0.10615	-0.14072	-0.1767
0.035238	-0.19776	-0.25699
-0.1123	-0.32915	-0.27409
-0.18736	-0.39417	-0.17609
0.10468	-0.1351	-0.011484
-0.12028	-0.34449	0.073717
-0.01962	-0.24918	-0.2804
0.25735	0.032829	0.086816
-0.16519	-0.35563	0.078764
0.32518	0.06297	0.085918
0.1623	-0.094195	-0.023894
0.26022	0.024198	-0.11411
0.11407	-0.12894	-0.13616
0.10152	-0.1519	-0.1865
0.068353	-0.1587	0.041581
-0.18981	-0.39016	-0.058042
-0.16164	-0.37079	-0.2398
0.34187	0.084605	0.068757
0.17874	-0.065604	-0.092525
0.0093349	-0.20162	0.10783
0.33573	0.085422	-0.071457
-0.18687	-0.36878	-0.0039119
0.13111	-0.094499	0.0042987
-0.18909	-0.39654	-0.02001
-0.21664	-0.37828	-0.21878
-0.19082	-0.36801	0.024126
-0.18458	-0.36593	0.066542
0.23889	0.013789	0.089407
-0.069137	-0.29303	0.084806
-0.15532	-0.34548	0.078607
-0.024604	-0.22988	0.11152
0.11021	-0.12253	-0.012457
0.3094	0.10717	-0.036413
0.22854	-0.013556	-0.10873
0.049814	-0.14798	0.085296
-0.18746	-0.38495	-0.094911
-0.097317	-0.28907	0.080772
0.20513	0.0021961	0.093529
0.079537	-0.12942	0.034286
0.33521	0.10235	0.065944
0.12909	-0.10127	-0.14742
0.16152	-0.04817	-0.15113
0.18324	-0.045405	-0.10902
0.13802	-0.078184	-0.15101
-0.065186	-0.25699	0.10587
0.18675	-0.028452	0.086773
0.10596	-0.096522	0.027759
-0.17797	-0.35731	-0.26144
0.25957	0.04056	-0.11584
-0.06371	-0.26868	-0.30283
-0.035307	-0.24818	-0.29871
0.30732	0.065256	-0.097053
-0.22102	-0.39306	-0.18038
-0.19269	-0.39534	-0.15832
0.093748	-0.10746	-0.18424
-0.23079	-0.39105	-0.12159
-0.23505	-0.38743	-0.080361
-0.13453	-0.31145	0.069766
0.26611	0.057407	0.079628
-0.10676	-0.29295	-0.3066
-0.21307	-0.39493	-0.052837
-0.014226	-0.20665	-0.2975
0.019999	-0.16594	-0.2805
-0.21676	-0.37433	-0.00078726
-0.21974	-0.39878	-0.02297
0.11534	-0.070974	0.051706
0.11861	-0.081412	-0.18064
-0.21771	-0.36287	0.09247
0.10033	-0.099544	-0.17985
0.027501	-0.14623	0.10671
-0.053902	-0.22825	-0.31829
-0.10291	-0.24219	0.11064
0.05557	-0.14583	-0.25054
-0.2015	-0.35022	0.10208
0.16111	-0.05765	0.063947
0.25523	0.056806	-0.11299
0.17591	-0.010173	-0.14374
-0.24584	-0.40209	-0.015456
-0.14051	-0.3073	-0.30595
-0.30085	-0.4404	0.11122
-0.3585	-0.47108	0.14765
0.27896	0.097003	0.054221
0.058212	-0.11286	0.069286
-0.32302	-0.45726	0.12741
0.29465	0.1165	0.012827
-0.17972	-0.33367	-0.29327
0.19108	-0.0032061	-0.12879
-0.11866	-0.27371	0.086702
-0.25281	-0.39875	-0.041016
-0.24979	-0.39504	-0.14589
-0.24003	-0.37487	0.068048
-0.29132	-0.41765	0.12285
0.082788	-0.076861	0.065827
-0.21807	-0.3604	-0.24481
0.13142	-0.046316	-0.18399
0.27423	0.10331	-0.057134
-0.03286	-0.19587	0.13022
0.079138	-0.08223	-0.21734
-0.1201	-0.26001	-0.32783
-0.26952	-0.40258	-0.020502
-0.27294	-0.39199	0.10295
0.13046	-0.033322	0.08554
-0.26579	-0.38817	-0.10026
0.27425	0.076514	-0.094416
0.047357	-0.11061	-0.25969
-0.2955	-0.41634	0.092878
0.10295	-0.056098	0.070451
-0.20673	-0.34161	0.11657
-0.25916	-0.37439	0.021215
-0.15858	-0.27255	0.088091
0.14787	-0.0025455	0.10099
0.27721	0.11454	0.041984
0.21862	0.028161	-0.12433
-0.25607	-0.38305	-0.19644
-0.37626	-0.46532	0.139
-0.027586	-0.18589	-0.31334
-0.2575	-0.37853	0.0059486
-0.21233	-0.33513	0.15013
-0.26131	-0.37812	0.119
0.087407	-0.065316	-0.21232
-0.26932	-0.40061	-0.060215
-0.36683	-0.4447	0.16977
0.016278	-0.12041	0.10848
0.012743	-0.11585	-0.28913
-0.056365	-0.17033	-0.32937
0.10054	-0.061577	-0.20657
0.25663	0.09819	-0.082181
-0.13029	-0.25222	0.095821
-0.28078	-0.39012	-0.14927
0.19803	0.035358	-0.13443
-0.23966	-0.35888	0.13835
-0.34753	-0.44648	0.10476
-0.26623	-0.38091	0.081997
0.030301	-0.097671	0.096475
-0.079502	-0.22383	-0.33217
-0.27916	-0.38731	0.1342
-0.20157	-0.32344	0.17166
-0.021045	-0.1479	0.13709
-0.049793	-0.17375	0.13843
0.10682	-0.028153	0.094459
-0.20548	-0.30458	-0.3147
0.2385	0.080807	-0.11105
-0.29334	-0.40318	-0.033328
-0.18436	-0.29336	0.094623
-0.32601	-0.42158	0.079113
0.26519	0.12101	-0.020262
-0.2871	-0.38859	0.064059
-0.16286	-0.28274	-0.3271
-0.26245	-0.366	-0.22835
-0.23869	-0.33373	0.19085
-0.30333	-0.37825	0.031264
-0.20596	-0.31768	0.13826
0.17017	0.061142	0.10132
-0.28785	-0.37831	0.0075538
-0.21063	-0.34605	-0.2758
0.15076	0.0063858	-0.17857
0.25458	0.094661	0.064633
-0.080614	-0.20295	-0.33431
-0.30503	-0.3931	0.13892
0.070145	-0.054802	0.081594
-0.3395	-0.42199	0.15061
-0.25181	-0.33932	-0.26614
-0.38532	-0.46607	0.16789
0.19875	0.081709	-0.13208
-0.20619	-0.29669	0.18602
-0.29625	-0.3721	0.17211
-0.11771	-0.23143	-0.33886
0.064281	-0.073522	-0.23231
0.22765	0.10673	-0.10206
0.12619	0.040314	0.11193
-0.15849	-0.24241	-0.34133
-0.026191	-0.10623	0.12303
0.03598	-0.091831	-0.27323
-0.29974	-0.39181	-0.072268
-0.16507	-0.25006	0.10552
-0.30846	-0.39104	0.16295
0.23694	0.12749	0.025964
-0.33819	-0.41619	0.076351
-0.30027	-0.38601	-0.11488
-0.30921	-0.39874	-0.018271
-0.021272	-0.14364	-0.31336
-0.3244	-0.39412	-0.048519
-0.38786	-0.45076	0.13623
-0.27013	-0.3307	0.23576
0.10029	-0.023595	-0.21406
-0.25209	-0.30433	-0.30534
0.24672	0.12055	-0.057624
0.06843	-0.037567	-0.2272
-0.21365	-0.30305	0.20671
-0.37536	-0.43118	0.18247
0.18655	0.046505	-0.14116
-0.13416	-0.18765	0.11256
-0.3204	-0.37608	-0.15527
-0.10113	-0.18694	-0.34718
-0.19897	-0.27764	0.135
-0.30211	-0.35133	-0.22873
-0.17795	-0.24813	0.11544
-0.32584	-0.38633	0.049107
-0.20962	-0.29088	0.25567
-0.21505	-0.29429	0.22047
0.070901	-0.019497	0.10663
-0.35205	-0.40426	0.16366
-0.34327	-0.39685	0.073359
0.03469	-0.052261	0.11035
0.22694	0.11444	0.058337
-0.39303	-0.44769	0.15581
-0.23497	-0.30429	0.23744
0.22112	0.12382	-0.31078
0.017957	-0.062372	-0.26464
-0.20188	-0.27607	0.26405
-0.19932	-0.2634	-0.33852
-0.28589	-0.33484	0.23488
-0.30786	-0.36661	-0.19617
-0.32665	-0.37966	-0.11356
-0.22415	-0.29825	0.26753
-0.20696	-0.27646	0.18459
-0.28733	-0.35553	0.1888
0.21087	0.10698	-0.1195
-0.12118	-0.20466	0.11142
-0.074421	-0.16513	0.13772
-0.06395	-0.12126	0.14185
-0.33753	-0.39616	-0.024285
-0.36985	-0.4293	0.1119
-0.1943	-0.24448	0.15158
-0.21735	-0.28157	0.33593
-0.35432	-0.39745	0.097772
0.085677	-0.0083628	-0.22144
0.18392	0.10011	0.085347
0.25119	0.14351	-0.30668
-0.24639	-0.308	0.23621
-0.0055757	-0.089846	0.1142
-0.31575	-0.36748	0.17248
0.15469	0.078055	-0.16206
-0.22229	-0.26144	0.36098
-0.19996	-0.25911	0.22897
-0.23647	-0.29242	0.30104
-0.19423	-0.24303	0.21514
-0.23903	-0.28445	0.35043
-0.3304	-0.38414	0.16101
-0.1959	-0.24223	0.18853
-0.20731	-0.25144	0.31892
-0.20218	-0.25923	0.25606
0.18737	0.098565	-0.14107
-0.23941	-0.27381	-0.33025
-0.015558	-0.08467	-0.30549
-0.35106	-0.37395	0.082131
-0.33632	-0.36927	0.025452
0.21565	0.132	-0.075659
0.21805	0.11944	-0.10558
-0.37981	-0.41532	0.13604
0.22376	0.13904	0.0014207
0.11851	0.043629	-0.19297
0.16505	0.10447	-0.15444
-0.35054	-0.39171	0.13544
-0.25897	-0.29003	0.27191
0.2574	0.15608	-0.2833
-0.073203	-0.14722	-0.33979
0.2219	0.13739	-0.045405
-0.30313	-0.33906	0.20684
-0.13651	-0.20838	-0.35047
-0.18979	-0.23142	0.24117
0.24183	0.14538	-0.28168
-0.16743	-0.19782	-0.35338
0.26812	0.16636	-0.26002
-0.29573	-0.30859	-0.27961
-0.36566	-0.38128	-0.036124
-0.34759	-0.37875	0.10827
-0.036358	-0.09015	0.11551
0.26644	0.1697	-0.284
0.094877	0.0038949	0.1115
-0.21583	-0.23919	0.34602
-0.17807	-0.20411	0.12886
0.24624	0.15897	-0.23887
-0.30606	-0.30578	0.24164
0.14209	0.071034	0.10858
-0.28749	-0.29827	0.26198
-0.3455	-0.36084	-0.16216
0.19541	0.14672	-0.041824
0.26272	0.16496	-0.24284
0.25814	0.16305	-0.19816
-0.34813	-0.38069	-0.060562
0.27521	0.17967	-0.20371
-0.20744	-0.2434	0.29334
0.25189	0.1647	-0.31408
-0.038621	-0.073759	-0.29239
0.22286	0.14216	-0.28765
0.26273	0.16954	-0.17199
0.23205	0.1391	-0.32345
0.080999	0.031101	-0.2126
0.045336	-0.0070137	0.12416
0.16041	0.10472	0.095589
0.21979	0.1346	-0.14495
0.208	0.13516	-0.3134
-0.33632	-0.3668	0.14945
0.13371	0.082788	-0.17194
0.22966	0.14932	-0.16787
-0.25138	-0.25866	0.37212
0.24006	0.15493	-0.14376
-0.12421	-0.16286	0.11339
0.075707	0.020317	0.131
-0.20663	-0.23066	-0.35182
-0.092239	-0.13238	0.13452
0.035644	-0.03987	-0.24352
-0.206	-0.23263	0.31978
-0.20267	-0.23857	0.26226
0.27587	0.19648	-0.24781
-0.19052	-0.2117	0.15316
-0.16386	-0.1915	0.12324
0.091437	0.033862	0.12675
-0.27194	-0.28209	0.29618
0.23358	0.16444	-0.12221
-0.20048	-0.22544	0.27647
0.1067	0.055096	0.12642
0.017185	-0.038684	0.12095
-0.34509	-0.31381	-0.2382
0.26353	0.1863	-0.15843
-0.33113	-0.33066	0.20313
-0.21155	-0.21696	0.30499
-0.18735	-0.20385	0.25773
0.2389	0.16182	-0.20216
-0.26523	-0.26668	0.36241
-0.35162	-0.34263	-0.19169
-0.061933	-0.079972	0.11823
0.18006	0.13105	0.06092
-0.34351	-0.33715	0.17795
-0.36888	-0.35359	-0.11499
-0.08867	-0.115	-0.34232
-0.34857	-0.37322	0.052984
0.12438	0.11155	0.12411
0.19509	0.13208	-0.15842
0.26905	0.20062	-0.26932
0.21328	0.13218	0.043192
-0.35685	-0.36512	-0.0024995
-0.36302	-0.35316	0.12968
-0.24747	-0.24636	-0.33839
0.070215	0.054075	-0.21455
0.26676	0.20842	-0.18324
0.21133	0.16176	-0.18462
-0.38232	-0.35963	-0.059147
0.27786	0.21281	-0.20957
0.17046	0.14488	0.022852
-0.36964	-0.33657	0.1479
0.21217	0.14152	-0.080883
-0.12592	-0.12365	0.11595
-0.29746	-0.25684	-0.31704
-0.041114	-0.087267	-0.31971
-0.24022	-0.23805	0.36563
0.22683	0.17522	-0.31799
-0.38065	-0.37191	-0.023907
-0.19042	-0.18934	0.15096
-0.2967	-0.268	0.30462
-0.37383	-0.36267	-0.077801
0.20706	0.15208	-0.3018
-0.1602	-0.16296	0.12358
0.25395	0.2275	-0.18608
-0.056442	-0.071864	-0.31559
0.2564	0.21188	-0.16237
-0.18918	-0.16543	0.1401
-0.0020874	-0.0046526	-0.25653
-0.15608	-0.14542	-0.35539
-0.010308	-0.019825	0.1232
-0.028288	-0.039903	0.12744
-0.046403	-0.040504	-0.28702
-0.20174	-0.18789	0.28042
0.24641	0.1934	-0.13434
-0.27265	-0.24129	0.36916
-0.19679	-0.18991	0.18266
0.17945	0.15653	-0.16823
0.19117	0.15885	-0.066223
-0.089505	-0.081822	0.12181
0.042341	0.035458	0.13509
0.090785	0.07073	-0.19635
0.022331	0.013698	0.12658
0.07588	0.079086	0.13534
-0.068742	-0.069991	-0.32701
-0.19669	-0.18663	0.22199
0.20935	0.17734	-0.2312
-0.052454	-0.057476	-0.29377
-0.30847	-0.27657	0.27092
0.16864	0.13784	0.064166
0.13542	0.13427	-0.15841
0.26101	0.23107	-0.21928
-0.39689	-0.34021	-0.086544
-0.22869	-0.19244	0.30903
-0.34591	-0.27025	0.24553
-0.075734	-0.055016	0.11799
-0.36168	-0.33408	0.16917
0.11349	0.089132	0.13251
0.2624	0.21289	-0.26589
0.051008	0.0093654	-0.22398
0.24022	0.18305	-0.31321
-0.11079	-0.11489	0.12339
0.146	0.13407	0.1107
-0.392	-0.3281	-0.12508
0.064251	0.050522	0.13358
0.13117	0.11532	-0.16722
0.20181	0.18842	-0.22025
-0.39618	-0.35934	-0.038165
-0.20526	-0.17421	0.25633
0.15599	0.15127	0.091138
0.20626	0.19791	-0.26946
-0.32621	-0.26543	-0.28947
-0.27389	-0.20093	-0.34114
-0.36317	-0.27472	0.22214
-0.30158	-0.24448	0.33151
0.22033	0.19107	-0.11613
0.18029	0.17984	-0.084202
0.096043	0.093865	0.13706
0.16254	0.14803	-0.0031621
0.20336	0.20065	-0.11497
-0.15186	-0.12663	0.11697
0.15499	0.16418	-0.16003
-0.21733	-0.17869	-0.35654
-0.21419	-0.16998	0.21696
0.22801	0.16591	-0.21742
-0.20229	-0.17195	0.1571
0.24708	0.22148	-0.26494
0.2191	0.19588	-0.29943
-0.17587	-0.13829	0.12222
-0.21534	-0.16777	0.17632
-0.1184	-0.09077	0.12326
0.095645	0.12164	0.12641
0.18659	0.18085	-0.1804
0.14966	0.17291	0.062775
0.16194	0.16801	-0.041848
-0.37601	-0.35275	0.028357
-0.40037	-0.3373	0.089183
-0.39189	-0.31739	-0.1683
-0.41318	-0.34221	-0.017298
-0.39871	-0.3353	0.0084027
0.22966	0.2208	-0.1471
-0.0031195	0.031508	-0.24412
-0.23183	-0.16404	0.27466
-0.067694	-0.037165	-0.31475
-0.40046	-0.34073	-0.063066
-0.24835	-0.20413	0.35309
-0.12472	-0.08505	-0.34513
-0.036323	0.01704	0.11791
-0.22617	-0.15579	0.15123
0.10254	0.13041	-0.16657
0.15125	0.16741	0.023513
-0.02903	0.019273	-0.25681
0.022475	0.060713	-0.22714
0.22732	0.22915	-0.24159
0.22614	0.23266	-0.16906
0.2084	0.20886	-0.25092
-0.41888	-0.33381	-0.038391
-0.38598	-0.29083	0.18895
-0.037551	-0.0049492	-0.27671
0.19606	0.20499	-0.2
-0.11971	-0.050915	0.13788
-0.41128	-0.32834	0.064503
-0.24935	-0.19164	0.32912
-0.09282	-0.06297	0.12048
0.14842	0.18622	-0.072482
0.2306	0.23602	-0.21338
-0.31456	-0.24611	0.28476
-0.23209	-0.16001	0.24397
0.098701	0.13204	0.11726
-0.41289	-0.29835	0.1511
-0.1862	-0.11998	-0.3547
0.09254	0.099631	-0.18709
-0.058049	-0.0064383	0.12196
-0.31671	-0.20718	0.31853
0.15244	0.18381	-0.015548
-0.32599	-0.25193	0.26484
0.20392	0.22677	-0.1997
-0.41512	-0.32179	0.11639
-0.23738	-0.1618	0.17277
0.17758	0.2069	-0.16634
-0.27468	-0.17712	0.31883
-0.059695	-0.010872	-0.30068
0.20967	0.23257	-0.17506
0.059809	0.10311	0.12548
0.16902	0.19381	-0.10615
-0.21121	-0.14304	0.12916
0.12456	0.1495	-0.15582
-0.41978	-0.31663	-0.056358
0.13578	0.17504	0.082054
0.18612	0.21742	-0.14402
0.023831	0.073638	0.12566
0.14918	0.19362	-0.051569
0.16083	0.19172	-0.14784
-0.20963	-0.11221	-0.35167
-0.23887	-0.16204	0.2028
0.12531	0.16479	0.091744
-0.093009	-0.022939	0.10608
-0.10291	-0.041436	-0.32826
0.17437	0.20211	-0.12854
-0.31985	-0.22627	0.26809
-0.25261	-0.17074	0.27901
0.14138	0.18837	-0.1262
-0.37741	-0.30895	-0.20772
-0.41749	-0.30852	0.0076966
-0.18834	-0.095491	0.11018
0.0029696	0.043883	0.12278
-0.42918	-0.32389	0.11851
0.12022	0.16887	-0.1451
-0.4284	-0.32059	0.082367
0.018811	0.094366	0.10962
-0.40045	-0.25312	-0.2171
-0.43997	-0.31755	0.17041
0.053494	0.12192	-0.18728
-0.49011	-0.35275	0.18441
-0.41519	-0.27682	-0.16688
-0.28115	-0.17494	0.2955
-0.22191	-0.10423	0.10687
0.13283	0.19474	-0.10157
-0.37319	-0.25773	0.23642
-0.31409	-0.1905	0.31857
-0.44695	-0.33161	0.11562
-0.027915	0.048634	0.11444
-0.26815	-0.16472	0.2598
0.14106	0.1958	0.059082
-0.31075	-0.21123	-0.32328
-0.42553	-0.29846	-0.082391
-0.24544	-0.16281	-0.34878
-0.42333	-0.3093	0.051222
-0.38929	-0.24981	0.20048
0.10349	0.17344	0.094387
-0.33798	-0.21024	0.2386
-0.26314	-0.14479	0.13467
-0.41466	-0.27938	0.16652
0.022192	0.078402	-0.2151
-0.013956	0.057317	0.11279
-0.42479	-0.2966	0.16398
-0.27869	-0.15732	-0.34024
-0.27221	-0.16331	0.18184
-0.07199	0.017177	-0.29156
-0.14516	-0.031659	-0.33112
-0.45341	-0.32024	0.088495
-0.37783	-0.24793	0.23382
-0.42417	-0.28085	0.034506
-0.44206	-0.30225	0.061507
-0.28632	-0.16477	0.22928
-0.37097	-0.229	-0.2593
-0.2919	-0.17256	0.25594
0.13835	0.20299	0.023835
-0.24981	-0.1278	0.1193
-0.43802	-0.30928	-0.032819
-0.51195	-0.35497	0.17072
-0.41707	-0.26137	0.17091
0.04297	0.12335	0.10915
-0.36027	-0.20422	-0.27982
0.12853	0.20721	-0.09349
-0.074072	0.028568	-0.28589
-0.10922	-0.0022926	-0.31259
0.11334	0.18963	-0.13284
-0.32723	-0.19798	0.24716
-0.17235	-0.051475	0.14073
-0.04275	0.06533	-0.22631
-0.073198	0.023977	0.10568
-0.094247	0.0024651	0.10177
-0.46757	-0.32725	0.18636
-0.43819	-0.30021	-0.012541
-0.053305	0.036221	0.10449
-0.28086	-0.16104	0.16051
-0.42283	-0.28023	0.010874
-0.31399	-0.16774	0.20664
-0.4886	-0.32969	0.19372
-0.4811	-0.33098	0.10516
-0.46042	-0.30831	0.17888
0.037036	0.13822	-0.17796
-0.01889	0.093392	-0.20555
0.093925	0.19589	0.090433
-0.15884	-0.0073859	0.14234
0.062933	0.17024	-0.15158
-0.16759	-0.0668	0.13487
-0.033536	0.077553	0.09295
-0.44342	-0.28514	-0.023751
0.14322	0.25333	-0.046012
-0.31763	-0.17935	0.27094
-0.30255	-0.16791	0.16171
0.14428	0.22258	0.032498
0.078405	0.14303	0.1079
0.033076	0.15704	0.1013
-0.1247	-0.01283	0.12742
-0.43188	-0.27975	0.16629
-0.31715	-0.18021	0.24212
-0.17524	-0.06642	-0.34174
0.076711	0.18435	-0.14934
-0.047667	0.052818	-0.23863
-0.32619	-0.1757	0.22651
-0.3874	-0.23214	0.19866
0.10192	0.20976	-0.121
-0.097539	0.033992	0.090636
-0.43936	-0.2732	-0.053626
-0.43769	-0.27518	0.059732
-0.013257	0.11266	0.095458
-0.059702	0.064953	0.08099
0.13083	0.23047	-0.084001
-0.42322	-0.25227	0.0090225
-0.20933	-0.04334	-0.33325
-0.088233	0.071262	-0.24346
-0.24323	-0.090278	-0.33987
-0.12454	0.022711	0.11329
-0.25737	-0.093378	0.10598
-0.47181	-0.30013	0.08172
-0.40013	-0.2254	0.17244
-0.41878	-0.22962	0.062973
-0.32616	-0.16702	0.16915
-0.47025	-0.29404	0.15417
-0.29616	-0.14256	0.12185
-0.36013	-0.20772	0.21545
0.1265	0.26323	0.041848
-0.4357	-0.26262	0.13979
-0.426	-0.24745	-0.11602
-0.50843	-0.32496	0.12162
-0.28341	-0.085024	-0.32232
-0.52391	-0.34373	0.16157
-0.34177	-0.16243	0.1938
0.13009	0.24932	0.011712
0.0066112	0.13408	-0.17781
-0.15226	0.013179	0.12885
-0.43956	-0.24905	-0.0058289
0.070453	0.20263	-0.13966
-0.18205	-0.0023884	-0.32211
-0.3209	-0.17096	-0.31742
-0.43698	-0.23798	-0.06255
-0.30282	-0.11516	0.1021
-0.055738	0.10141	-0.19282
-0.079907	0.071321	-0.22958
-0.38168	-0.19955	-0.252
-0.074327	0.081702	-0.20264
-0.11867	0.078711	-0.24863
-0.20179	-0.030702	0.13988
0.14094	0.28334	-0.073698
-0.42807	-0.24914	0.076857
-0.50961	-0.30091	0.16502
0.092544	0.22711	-0.12675
-0.24654	-0.057517	0.12862
0.1186	0.2598	-0.11705
-0.43477	-0.24681	0.1344
-0.42689	-0.23571	0.10413
0.01077	0.16981	0.090861
0.12109	0.22632	0.060965
-0.44467	-0.24446	-0.025729
-0.46359	-0.28307	0.14877
-0.039508	0.11431	-0.18303
-0.41309	-0.1967	0.043733
-0.5041	-0.29683	0.12253
-0.37258	-0.17959	0.184
-0.35144	-0.15984	0.15714
-0.42569	-0.23444	0.1259
-0.33191	-0.16257	0.14204
-0.34916	-0.17411	0.20827
-0.47896	-0.27128	0.10503
-0.42848	-0.19527	-0.18405
0.13607	0.28602	0.017813
0.05859	0.23102	0.085092
-0.26744	-0.064217	0.11677
-0.12624	0.042813	-0.28785
-0.00037063	0.15473	-0.15854
0.070056	0.22405	-0.13594
-0.52204	-0.31401	0.15875
-0.40704	-0.19825	0.1218
0.036366	0.19892	-0.13847
0.054092	0.18202	0.095132
-0.41733	-0.21581	-0.20207
0.088378	0.22875	0.078808
-0.099087	0.071415	0.062014
-0.076697	0.090262	0.0514
-0.42264	-0.19586	-0.088797
-0.46807	-0.24955	0.12872
-0.40932	-0.18684	0.078578
-0.38847	-0.17617	0.14529
-0.12974	0.05412	0.086669
-0.36002	-0.12936	0.10409
-0.43686	-0.21475	-0.010248
-0.41818	-0.18307	0.011928
-0.1257	0.06074	0.07086
-0.03527	0.12593	-0.17188
-0.31045	-0.10735	-0.31066
0.12886	0.28478	-0.00042834
-0.036359	0.16161	0.058332
-0.42919	-0.21174	-0.14669
-0.48631	-0.2636	0.13827
0.078845	0.27654	0.073413
-0.084836	0.10917	0.021064
-0.11229	0.094039	-0.17307
-0.37152	-0.15453	0.13629
-0.17328	0.043401	0.10734
-0.36982	-0.16935	-0.2715
-0.066777	0.12553	-0.14972
0.0019637	0.17614	-0.13799
0.11302	0.27419	-0.12801
-0.25851	-0.032637	-0.31742
0.13144	0.28341	-0.1056
0.14086	0.30796	-0.061147
-0.13286	0.065156	-0.26162
-0.23795	-0.018094	-0.31792
-0.34729	-0.12435	-0.28396
-0.16776	0.043505	-0.28674
0.10211	0.28636	0.060849
-0.050364	0.11777	0.059684
-0.096215	0.10483	-0.15228
-0.50929	-0.28226	0.14968
0.087816	0.25339	-0.13845
-0.0059178	0.20544	0.078882
0.035347	0.2481	0.082491
-0.30692	-0.088882	0.096248
-0.37446	-0.13495	0.10762
0.0013743	0.20229	-0.12687
0.13309	0.32196	-0.1002
-0.10729	0.10642	0.013526
-0.20863	0.0035803	0.13467
0.068162	0.23508	-0.14191
-0.40485	-0.14282	0.037772
0.1336	0.32229	-0.052512
-0.13478	0.097876	-0.17825
-0.3185	-0.066614	-0.29321
-0.12915	0.095612	0.021462
0.13948	0.3184	-0.086107
0.042577	0.22538	-0.1378
-0.39421	-0.14661	0.078529
-0.18178	0.026101	0.1279
-0.38634	-0.13741	-0.24282
0.12627	0.3153	0.035799
-0.40006	-0.17644	-0.22525
-0.44066	-0.20396	-0.022342
0.11222	0.31426	-0.12719
-0.34129	-0.10659	0.091917
0.032327	0.24573	-0.14619
-0.011798	0.22709	-0.12189
-0.061862	0.14915	0.025915
-0.035413	0.16847	-0.12298
-0.42774	-0.17687	-0.16237
-0.086399	0.13108	-0.11313
-0.10797	0.10483	-0.13476
0.018739	0.24269	-0.13783
-0.15852	0.078058	0.059686
-0.41724	-0.14226	-0.084457
-0.20869	0.018954	-0.30199
-0.30182	-0.043538	0.094215
-0.43501	-0.18302	-0.020335
-0.022501	0.19361	-0.11613
0.12327	0.33175	0.020166
-0.43065	-0.13332	-0.024744
-0.16673	0.066454	0.073749
-0.11826	0.11301	-0.088189
-0.038294	0.1885	0.057316
0.078292	0.29516	-0.14679
0.0030116	0.24806	0.069581
-0.34053	-0.065799	-0.27113
-0.14329	0.10468	-0.18726
-0.055332	0.16383	-0.1065
-0.37416	-0.096971	0.095782
-0.080834	0.14083	0.010265
-0.14467	0.087495	0.041924
-0.41332	-0.11825	0.0017741
-0.18977	0.0547	-0.26622
-0.11297	0.11628	-0.011905
-0.35889	-0.097476	-0.26729
-0.42596	-0.15836	-0.14361
-0.25339	-0.001344	0.11794
0.09217	0.32098	0.07006
-0.04416	0.19643	-0.090117
-0.2055	0.04093	0.11177
-0.32554	-0.025122	0.092402
-0.079039	0.15494	-0.0079081
-0.1387	0.10332	-0.01799
-0.13629	0.10225	-0.1303
-0.23498	0.022161	0.11463
-0.41456	-0.15184	-0.19706
-0.092867	0.13975	-0.06315
-0.29136	-0.02653	0.11022
-0.018854	0.24377	0.055279
-0.39326	-0.11373	0.067988
-0.42116	-0.13412	-0.16635
0.054708	0.29365	-0.15235
0.11369	0.36505	0.049574
-0.13942	0.10102	-0.21465
0.12431	0.3507	0.029405
-0.063844	0.17766	-0.067175
-0.16101	0.087661	-0.22133
-0.17811	0.11121	-0.12015
-0.20554	0.067431	0.073685
-0.06927	0.17702	-0.040544
-0.19968	0.0839	0.03853
-0.065357	0.17989	0.0024811
0.04304	0.28835	0.082441
-0.36193	-0.071139	0.092123
0.12674	0.37422	-0.097006
-0.41841	-0.12517	-0.12062
-0.26097	0.0097005	-0.29031
-0.42624	-0.1065	-0.017693
-0.175	0.11422	-0.15385
-0.30443	0.0045336	0.10262
-0.24027	0.030134	-0.27884
0.12861	0.37594	0.006528
-0.0015434	0.282	0.070348
-0.42988	-0.10843	-0.03304
-0.052887	0.22081	0.021284
0.12408	0.37835	-0.074585
-0.42667	-0.11535	-0.14688
-0.26699	0.028991	0.093034
0.0014899	0.25554	-0.14346
-0.35442	-0.02727	-0.23089
-0.30452	-0.014587	-0.2783
-0.26376	0.053901	0.069377
-0.41848	-0.10201	-0.10466
-0.14435	0.10508	-0.070146
-0.17084	0.10253	-0.014298
-0.24031	0.04476	-0.25582
-0.39728	-0.10107	-0.20939
-0.41102	-0.086019	0.025245
-0.051417	0.22598	-0.080616
-0.011573	0.25152	-0.12905
0.016027	0.2892	-0.15223
-0.040685	0.24603	0.03308
-0.41804	-0.085318	-0.01566
-0.16212	0.10612	-0.092188
-0.40643	-0.074141	-0.15885
0.12831	0.38441	-0.024409
-0.19366	0.10377	-0.1676
-0.061682	0.22174	-0.01356
-0.23678	0.070782	-0.22136
-0.3875	-0.078899	0.074926
0.073856	0.33929	-0.14503
-0.064128	0.2088	-0.041305
-0.22256	0.094067	-0.0050277
0.035981	0.33439	-0.15135
-0.41667	-0.084848	-0.08139
-0.42607	-0.11129	-0.056245
-0.22774	0.085904	-0.19539
-0.1992	0.10938	-0.074222
0.075699	0.3851	0.074164
0.10603	0.35857	-0.1208
-0.35883	-0.03458	0.083441
-0.039381	0.27251	-0.11269
-0.37119	-0.056227	-0.23165
-0.29627	0.012016	-0.26308
0.061978	0.3256	0.084312
-0.29336	0.036187	-0.23708
0.031223	0.31308	0.086974
-0.20143	0.11089	-0.11742
-0.23103	0.073151	0.045444
0.065093	0.36808	-0.13944
0.12143	0.41539	0.019786
-0.40433	-0.069569	-0.12368
-0.061054	0.2454	-0.068413
0.12095	0.42309	0.0039696
0.097548	0.41155	0.05111
0.0848	0.38679	-0.12734
-0.06569	0.24063	-0.034574
-0.024065	0.29265	-0.14008
-0.4235	-0.069916	-0.065033
-0.41253	-0.065071	-0.024011
0.10653	0.38813	-0.11725
-0.054352	0.24648	0.014308
0.11382	0.4089	-0.10213
-0.27955	0.047978	0.074918
-0.39888	-0.067712	-0.18584
-0.24027	0.095977	-0.1573
-0.040411	0.27935	-0.12648
-0.3431	-0.00091606	0.083917
-0.36736	-0.0059108	0.063252
-0.21323	0.10714	-0.092895
-0.42938	-0.077633	-0.035344
-0.31255	0.039295	-0.22347
-0.25493	0.093335	0.003777
-0.27214	0.067433	-0.20793
-0.27313	0.073922	0.048133
-0.066607	0.25343	-0.0088996
-0.41122	-0.056046	0.00019002
-0.045773	0.27671	0.040533
-0.33664	0.016982	-0.22286
-0.38124	-0.018261	-0.18481
-0.34722	-0.011169	-0.2319
-0.40262	-0.030654	0.016933
-0.23993	0.1023	-0.048833
-0.25908	0.09285	-0.11478
-0.40841	-0.041772	-0.09648
-0.40155	-0.03166	-0.12729
-0.33301	0.022164	0.073475
-0.24349	0.10184	-0.082423
0.0052736	0.32073	-0.14637
-0.38737	-0.016041	0.040734
-0.40464	-0.023471	-0.011129
-0.30481	0.060851	-0.1848
-0.38393	-0.010693	-0.16344
0.029896	0.3864	0.087444
-0.29948	0.062362	0.069201
-0.26904	0.095837	-0.097617
-0.41239	-0.040791	-0.057345
-0.4048	-0.025081	-0.096431
-0.31011	0.066353	-0.12952
-0.4026	-0.033067	-0.029287
-0.40209	-0.029105	-0.05004
-0.077028	0.27169	-0.050084
0.047508	0.39432	0.082347
-0.01931	0.32262	0.072081
0.11738	0.45322	-0.04437
-0.34688	0.022069	-0.1976
-0.39007	-0.013903	-0.06822
-0.26096	0.098553	0.0030086
-0.36031	0.019706	0.058898
-0.26499	0.11015	-0.065431
-0.29094	0.082216	-0.11458
-0.32131	0.055368	-0.15894
-0.38442	-0.0059753	-0.093451
-0.073268	0.29286	0.014447
-0.33505	0.042355	-0.18114
-0.35491	0.021526	-0.1741
-0.38634	0.00052455	-0.12523
0.093992	0.46682	0.02933
0.11243	0.44225	-0.1029
0.090784	0.44233	-0.1208
-0.39124	0.0055579	0.035688
-0.33527	0.047821	-0.13768
-0.40693	-0.0034989	-0.0019444
-0.29379	0.096713	0.059336
-0.056421	0.32757	0.043503
-0.26696	0.11161	-0.0069254
-0.063812	0.29472	-0.093817
-0.0062649	0.35481	-0.13506
0.080968	0.44983	0.048377
0.052304	0.3898	-0.13599
-0.079831	0.29241	-0.0031076
-0.36215	0.027454	-0.1241
0.11102	0.46692	0.0012939
-0.31496	0.079441	0.08117
-0.3824	0.015994	-0.092167
-0.35904	0.029966	-0.14782
-0.0012684	0.35469	0.083474
-0.33845	0.054117	-0.12398
-0.024997	0.37026	-0.11917
-0.065375	0.3296	-0.098688
-0.40393	0.006566	-0.057123
0.047898	0.43907	0.070398
0.022608	0.41514	-0.12552
0.11217	0.48689	-0.063711
-0.39865	0.042174	0.05677
-0.33333	0.086974	-0.10912
-0.36742	0.05463	-0.10564
-0.085818	0.32124	-0.048461
0.11622	0.4914	-0.025142
-0.29543	0.13816	-0.057746
-0.36602	0.094261	0.083641
-0.35147	0.086798	0.07919
-0.30216	0.1499	-0.023213
-0.084692	0.31914	-0.025441
-0.037722	0.3542	0.063539
-0.40775	0.0058211	0.017553
-0.41038	-0.0023217	-0.025881
-0.077957	0.3208	-0.074826
0.081664	0.48833	-0.10937
-0.41616	0.038419	-0.074334
-0.44452	0.036281	-0.00014646
-0.30104	0.12992	0.041977
-0.34474	0.040059	0.068667
0.015006	0.42383	0.075438
-0.0034841	0.39385	0.079704
0.066634	0.46819	-0.12377
-0.43534	0.036687	0.033586
-0.33058	0.12335	0.082906
-0.30836	0.1162	-0.089025
0.11279	0.50883	0.015886
-0.39215	0.056871	-0.10224
-0.42583	0.022737	-0.045853
-0.00084849	0.42272	0.075283
-0.31328	0.14895	-0.050713
-0.01482	0.43702	-0.091574
-0.34923	0.11044	0.094715
-0.34413	0.11096	-0.10303
-0.075829	0.36004	0.0031781
0.11956	0.5169	-0.011612
0.049267	0.46299	0.078622
-0.049858	0.38514	0.044596
0.018025	0.43992	0.071132
0.12413	0.5316	0.015672
-0.40927	0.069708	0.074064
-0.32436	0.13456	-0.07812
-0.07423	0.35546	-0.06277
0.1346	0.54463	-0.033309
-0.045937	0.39374	-0.086279
0.11751	0.53369	-0.046899
0.062844	0.50345	0.067548
0.092366	0.5103	0.050286
0.1465	0.55573	-0.0026325
0.10791	0.53412	0.043908
-0.30656	0.14961	0.0076231
-0.030787	0.39717	0.063969
0.03354	0.47405	-0.11634
-0.37338	0.10406	-0.10119
0.13332	0.56066	-0.059346
0.089994	0.51206	-0.098018
-0.44163	0.056332	0.053196
0.13739	0.548	0.022635
0.099901	0.54055	-0.075584
0.023657	0.4651	0.082243
-0.32567	0.15277	0.033033
-0.39299	0.091112	-0.096528
-0.4222	0.067139	-0.077662
0.15227	0.57771	-0.039182
0.058722	0.49182	-0.10957
-0.078734	0.36852	-0.029442
-0.36013	0.13125	0.09259
-0.34129	0.143	0.071245
0.00726	0.43454	-0.11069
-0.065864	0.39433	0.0081994
0.10105	0.55571	0.053995
-0.035502	0.42251	0.047904
-0.38967	0.11407	0.088427
0.15386	0.58429	0.011748
0.16252	0.60737	-0.014953
0.15011	0.5988	-0.051769
-0.058387	0.40854	-0.053546
-0.36351	0.13561	-0.078005
-0.47334	0.071105	-0.011024
0.069076	0.54807	-0.093665
-0.34456	0.16873	0.0079533
0.15181	0.61233	0.024264
0.016872	0.48271	-0.10385
-0.062416	0.41344	-0.02909
-0.0083103	0.44824	0.051866
-0.44752	0.048794	-0.033417
0.12499	0.58192	0.047556
-0.43104	0.074934	0.08304
-0.47666	0.040132	0.056214
0.0017077	0.47139	0.072376
-0.41813	0.097969	-0.080483
-0.46249	0.052057	0.029514
-0.048836	0.43437	0.010018
-0.024565	0.46178	0.016273
-0.47523	0.042254	0.07183
-0.48761	0.043796	0.026329
0.063656	0.52391	0.074125
0.081832	0.53142	0.065959
-0.41017	0.10441	0.091563
0.031226	0.51178	0.07402
0.012568	0.51842	0.069105
-0.35248	0.16608	-0.022059
-0.44747	0.11742	-0.060239
-0.35818	0.15649	-0.051512
-0.43336	0.10245	0.11939
-0.46966	0.059482	0.0096921
0.11352	0.58406	-0.087213
-0.031755	0.44872	-0.063191
-0.48356	0.05131	0.088358
-0.0016571	0.50122	0.061718
-0.38904	0.15228	0.07543
-0.39104	0.13939	-0.071908
-0.54238	0.030315	0.093004
-0.47434	0.086539	-0.026926
-0.0091457	0.48502	-0.079795
-0.02659	0.4705	-0.0055073
-0.40272	0.13528	0.090385
-0.36362	0.159	0.077721
0.03587	0.53746	-0.091262
-0.43323	0.14146	-0.063474
-0.038594	0.45047	-0.036303
-0.53245	0.032093	0.050984
-0.019221	0.48945	-0.052025
0.12357	0.60858	0.054843
0.012611	0.53367	-0.078959
0.13945	0.62926	-0.063493
0.086791	0.61921	-0.1023
0.098014	0.59283	0.062674
0.15992	0.64282	-0.014573
-0.023266	0.49008	-0.022149
-0.52812	0.03721	0.097935
-0.47064	0.1042	-0.034592
-0.36448	0.18068	0.043498
0.071524	0.62757	0.078212
-0.45938	0.10625	0.11496
0.15435	0.63433	0.013966
-0.49068	0.071028	0.095551
-0.017378	0.50352	0.034928
-0.51772	0.069535	-0.0062155
-0.38848	0.18113	0.037512
-0.40594	0.17042	0.083359
0.099499	0.62876	-0.096311
0.038482	0.55994	0.081663
0.034765	0.55408	-0.093038
0.10094	0.63286	0.068897
-0.52042	0.058576	0.1013
-0.4297	0.13675	0.1299
-0.39502	0.17855	-0.040192
0.15032	0.67738	0.0082089
-0.57637	0.035641	0.12499
-0.46682	0.12337	-0.036405
-0.39679	0.17094	0.061911
-0.024786	0.51484	0.0043728
0.13148	0.64306	0.050318
-0.37611	0.18898	-0.0049402
0.050778	0.58908	-0.10465
-0.39912	0.18685	0.0062624
-0.55352	0.054118	0.025433
-0.41478	0.16533	-0.055142
0.1173	0.68367	0.063117
0.15672	0.63667	-0.039643
-0.42536	0.17247	0.11657
-0.0042598	0.52357	-0.063624
-0.45189	0.14152	-0.039444
-0.5544	0.031199	0.067646
-0.55984	0.061397	0.12128
-0.41423	0.17345	-0.03029
-0.41313	0.19192	0.044162
0.022583	0.57551	-0.097929
0.018392	0.59521	0.077909
-0.47154	0.13345	0.13631
-0.0049903	0.55021	-0.07375
-0.42855	0.17915	-0.015494
0.13905	0.67671	0.03701
-0.02051	0.52377	-0.036974
-0.029107	0.55263	0.028467
-0.46126	0.14617	0.15036
-0.0023988	0.57843	0.066792
-0.58594	0.036203	0.090952
0.14869	0.6817	-0.027654
0.045469	0.63087	0.083585
-0.015616	0.56218	0.051356
-0.45227	0.15499	0.14796
-0.46341	0.15399	-0.028191
-0.5814	0.050009	0.043963
-0.53186	0.087499	-0.015722
0.13694	0.68973	-0.048652
-0.44671	0.17889	0.13348
-0.59072	0.044402	0.14044
-0.49032	0.11276	0.13298
0.10443	0.67339	-0.082869
-0.56945	0.083848	0.005524
-0.41899	0.1956	0.070346
-0.54912	0.10272	0.15271
0.039893	0.6208	-0.10431
0.066071	0.6829	0.086612
-0.60787	0.043868	0.11589
0.13481	0.73517	0.019325
-0.53074	0.14361	-0.029233
-0.017342	0.61957	-0.084362
-0.50225	0.14995	0.16754
-0.035972	0.55324	-0.021583
0.074243	0.67922	-0.091261
0.14008	0.72698	-0.0054954
-0.59378	0.07902	0.02182
-0.5872	0.068736	0.14003
-0.43432	0.19599	0.013049
-0.43858	0.2032	0.094489
-0.60598	0.056322	0.15063
-0.53986	0.11336	-0.021859
0.11519	0.71371	-0.059728
0.13509	0.72831	-0.030975
-0.61064	0.055352	0.069963
0.11849	0.73005	0.054329
-0.45209	0.18295	-0.00761
-0.49228	0.16468	0.16682
-0.62721	0.06202	0.093684
-0.44643	0.21609	0.063105
0.093752	0.69453	0.079572
-0.53369	0.13954	0.16443
-0.020097	0.58023	-0.074785
-0.4875	0.2093	0.12866
-0.032179	0.57095	0.012258
0.018809	0.64169	0.07439
-0.038694	0.58051	-0.043763
-0.63204	0.054084	0.14089
-0.041386	0.60586	-0.011859
0.10595	0.72301	0.071096
0.046052	0.68829	-0.087228
-0.49309	0.1796	0.16171
0.0029176	0.66057	0.055731
-0.625	0.08392	0.059389
-0.61633	0.07142	0.047582
-0.64004	0.059578	0.11146
0.12456	0.7666	-0.018197
-0.46571	0.22207	0.067148
-0.65275	0.061774	0.13394
-0.61522	0.076102	0.156
-0.54886	0.15981	0.18686
-0.64754	0.072183	0.15338
-0.030214	0.62555	0.016653
-0.52737	0.19762	-0.011834
-0.013374	0.60255	0.044389
-0.47781	0.2231	0.085881
-0.54094	0.1674	-0.026971
-0.62567	0.10791	0.029036
0.11057	0.76461	0.065043
0.050747	0.71324	0.085786
-0.46396	0.20806	0.11366
0.020676	0.6656	0.071226
0.018506	0.65478	-0.091352
-0.59378	0.14738	-0.0062131
-0.47608	0.21804	0.029756
0.093332	0.73721	-0.059702
-0.61918	0.13104	0.008818
-0.61077	0.11476	0.17424
-0.65272	0.062513	0.096913
-0.53028	0.21711	0.0045537
-0.034492	0.60747	-0.060339
-0.64512	0.08646	0.07029
0.12157	0.7698	0.028983
-0.56878	0.16009	-0.023142
-0.66742	0.065884	0.077336
0.00074036	0.67223	-0.075639
-0.6992	0.042314	0.069132
-0.69391	0.043935	0.11051
0.11548	0.75978	-0.03518
-0.69903	0.038088	0.090063
0.094407	0.74962	0.080801
-0.57977	0.14931	0.18416
-0.026007	0.65454	0.024544
-0.52518	0.23356	0.02597
-0.74454	0.027442	0.10131
0.075645	0.72582	0.085729
-0.02065	0.65161	-0.066389
0.02668	0.71951	0.078007
-0.51715	0.23558	0.039283
-0.69371	0.056088	0.12861
-0.74323	0.024984	0.086628
-0.57275	0.20151	0.17978
-0.65046	0.086099	0.16353
0.069384	0.74584	0.10209
-0.031887	0.65414	-0.041997
-0.69495	0.066077	0.056936
0.086203	0.76501	-0.050174
0.09196	0.76616	0.10938
0.115	0.79497	-0.008681
-0.67996	0.076767	0.14523
0.084593	0.75794	0.16838
0.054417	0.75511	-0.056809
-0.50962	0.22469	0.10766
0.071058	0.77852	0.20511
-0.0091514	0.70109	0.030241
0.094631	0.77765	0.13333
-0.73813	0.059084	0.1247
-0.013426	0.69795	-0.042869
0.051213	0.7654	0.21867
0.043792	0.73899	0.09372
-0.6576	0.12587	0.1779
0.059805	0.74215	0.15477
-0.6057	0.17837	0.1995
-0.01882	0.69487	0.024107
-0.031766	0.67335	0.0026328
-0.56406	0.19434	-0.0095804
-0.61298	0.1702	0.010111
0.0046674	0.71506	0.05702
0.095233	0.78894	-0.033605
-0.74913	0.040078	0.075703
-0.69947	0.09842	0.15156
-0.72487	0.060555	0.059482
0.016071	0.71083	-0.063503
-0.58698	0.18238	0.19449
0.089606	0.79358	0.18537
0.11661	0.79983	0.053528
-0.64375	0.11143	0.062751
-0.56197	0.21729	0.15463
-0.65231	0.1373	0.06992
-0.76219	0.055334	0.086968
0.1119	0.84157	0.050734
0.024135	0.73568	0.0846
-0.63609	0.13947	0.051844
0.033564	0.74452	0.1627
0.016288	0.73788	0.15198
0.1038	0.80239	0.11076
-0.60568	0.19341	0.019253
-0.63213	0.16209	0.027028
-0.55863	0.22545	0.11005
0.11968	0.82727	0.00063481
-0.71786	0.092128	0.053205
0.0064175	0.73549	0.064801
-0.54849	0.23666	0.039757
0.069646	0.79929	-0.038557
-0.020345	0.71	0.00039548
-0.016695	0.71646	-0.014392
-0.002991	0.72969	0.036955
0.012165	0.73899	0.12654
-0.54297	0.22775	0.10406
0.097138	0.82383	0.13418
-0.63361	0.17927	0.19515
0.030978	0.75653	0.19211
0.097364	0.8146	-0.029217
0.013366	0.75368	-0.034917
0.083743	0.82393	0.1579
-0.75955	0.058166	0.11054
-0.68246	0.12485	0.16815
0.041034	0.77743	-0.038451
-0.56258	0.23814	0.061735
0.072866	0.80839	0.18967
-0.58203	0.22746	0.08072
0.1087	0.8482	-0.028704
-0.010826	0.74247	0.20584
-0.63499	0.17856	0.064559
-0.65545	0.16542	0.18452
0.046587	0.77657	0.22089
0.070729	0.81574	-0.041598
-0.77572	0.059824	0.08948
0.11201	0.87523	-0.013454
-0.65459	0.17049	0.091371
-0.0020929	0.74224	0.089947
-0.67495	0.14217	0.068384
0.044657	0.80739	0.19376
0.016278	0.76413	-0.020146
-0.59693	0.22636	0.13266
0.00038119	0.75358	0.21352
-0.58865	0.21103	0.025167
0.0014862	0.75521	0.0024395
-0.59612	0.21803	0.16015
0.023788	0.78104	0.21487
-0.0011003	0.7562	0.022969
-0.6017	0.22017	0.11164
-0.59278	0.22903	0.060038
-0.62163	0.20689	0.064163
0.094109	0.84971	-0.042683
-0.0075819	0.75028	0.073471
0.042945	0.80159	-0.032403
-0.62585	0.20121	0.18611
0.097653	0.84883	0.08568
0.10352	0.86281	0.04718
-0.75488	0.078172	0.064315
-0.61591	0.21109	0.094356
-0.7358	0.096065	0.14133
-0.0051347	0.75844	0.043883
0.065471	0.81984	0.16523
-0.73727	0.13221	0.1524
-0.63727	0.21017	0.15814
-0.036126	0.74824	0.12351
-0.029685	0.75597	0.17832
-0.65881	0.18576	0.1793
-0.80568	0.059248	0.10942
0.080139	0.86121	0.059766
-0.64351	0.19195	0.1002
-0.80879	0.071519	0.094004
0.018662	0.79351	0.21004
-0.77767	0.073834	0.12205
-0.014784	0.76615	0.22672
0.010906	0.79039	-0.0034741
-0.65702	0.20123	0.12928
-0.75867	0.10786	0.064791
-0.69082	0.17728	0.17469
0.10319	0.88022	0.00552
0.061441	0.85763	-0.047925
-0.7286	0.16769	0.16566
-0.024633	0.7866	0.21956
-0.79889	0.10483	0.1239
-0.035057	0.77765	0.21714
-0.6574	0.20084	0.14968
-0.66518	0.19391	0.11085
-0.73632	0.13342	0.063792
0.088974	0.88651	-0.038931
-0.7146	0.15839	0.071631
-0.051125	0.75318	0.13066
-0.024241	0.77964	0.068998
0.02307	0.84375	-0.025289
-0.018424	0.80441	0.051559
-0.78644	0.10086	0.080511
-0.81992	0.068314	0.11853
-0.069143	0.77591	0.18902
-0.70518	0.19544	0.091581
-0.69594	0.20823	0.14578
0.0080352	0.86335	0.038662
0.07547	0.88938	-0.0063032
0.074085	0.88683	-0.041389
-0.039995	0.77828	0.19302
-0.025397	0.79435	0.20059
-0.061393	0.76639	0.15769
-0.80669	0.10387	0.11217
0.038477	0.86864	-0.036385
-0.78879	0.11688	0.085938
0.053542	0.88552	-0.03602
-0.014263	0.80861	0.17582
-0.77414	0.1511	0.14684
-0.81275	0.11862	0.12758
-0.71907	0.2094	0.14744
0.0062151	0.84891	0.0037074
-0.71233	0.21312	0.1117
-0.047967	0.78791	0.18987
-0.74706	0.19195	0.15888
-0.048012	0.79394	0.09895
-0.77813	0.16591	0.08698
-0.73927	0.18711	0.087832
-0.073639	0.78958	0.15574
8.5922e-05	0.85656	0.024656
-0.056693	0.80881	0.11574
-0.80144	0.14095	0.093152
-0.76199	0.19501	0.092347
0.021104	0.8761	0.01276
-0.83111	0.12765	0.129
-0.066887	0.80013	0.17058
0.016646	0.87351	-0.0060677
-0.73171	0.21422	0.10438
-0.012702	0.84913	0.057899
-0.017915	0.84524	0.080788
-0.74934	0.21102	0.148
-0.032309	0.83658	0.088554
-0.78273	0.19308	0.14856
-0.80346	0.15652	0.13606
-0.058493	0.81713	0.14616
-0.81073	0.1483	0.10577
-0.75461	0.22121	0.1161
-0.066346	0.81319	0.14007
-0.79647	0.16403	0.14364
-0.77391	0.21467	0.11823
-0.80378	0.1697	0.11647
-0.79194	0.1776	0.10019
-0.78632	0.20888	0.13672
-0.81108	0.1946	0.1339
-0.52577	-0.33674	0.18654
-0.42036	-0.28378	-0.1242
