3	890	900	971
3	973	971	1096
3	69	123	102
3	583	635	670
3	1152	1153	1087
3	123	143	128
3	241	171	249
3	983	1035	1078
3	983	1078	1116
3	1566	1601	1597
3	1078	1140	1116
3	1140	1155	1170
3	1116	1140	1187
3	1187	1140	1170
3	1187	1170	1237
3	1187	1237	1219
3	1170	1215	1237
3	1237	1215	1269
3	1237	1269	1320
3	1219	1237	1320
3	1219	1320	1263
3	866	949	998
3	939	866	998
3	983	952	1035
3	952	939	1035
3	939	998	1047
3	998	949	1029
3	1047	998	1029
3	939	1047	1035
3	1078	1035	1047
3	1047	1029	1155
3	1078	1047	1140
3	1047	1155	1140
3	1882	1895	1926
3	1882	1926	1936
3	1936	1926	1934
3	1	6	10
3	6	7	10
3	348	388	387
3	385	348	387
3	13	1	10
3	10	21	13
3	13	21	40
3	40	21	37
3	37	58	40
3	40	58	71
3	58	43	85
3	71	58	103
3	58	85	103
3	71	103	127
3	103	85	133
3	103	133	177
3	157	103	177
3	157	177	188
3	890	971	973
3	1	0	6
3	1	2	0
3	4	2	5
3	4	5	9
3	2	1	5
3	9	5	14
3	5	1	22
3	14	5	22
3	22	1	13
3	47	9	14
3	22	13	40
3	22	40	80
3	14	22	80
3	40	71	80
3	80	71	127
3	70	14	80
3	70	80	150
3	80	127	157
3	127	103	157
3	150	80	198
3	80	167	198
3	80	157	167
3	167	157	221
3	198	167	258
3	167	221	228
3	221	157	188
3	167	228	258
3	221	188	232
3	188	230	232
3	235	198	258
3	221	232	275
3	228	221	275
3	275	232	272
3	228	275	276
3	258	228	296
3	235	258	296
3	228	276	296
3	276	275	272
3	276	272	336
3	296	276	335
3	335	276	336
3	831	804	914
3	804	890	914
3	914	961	962
3	914	890	973
3	961	914	973
3	961	973	1038
3	962	961	1063
3	973	1096	1038
3	961	1038	1063
3	1038	1096	1112
3	1063	1038	1152
3	8	4	9
3	4	8	3
3	9	47	8
3	47	14	70
3	69	8	75
3	8	47	75
3	75	47	70
3	75	123	69
3	123	75	70
3	143	123	146
3	123	70	146
3	146	70	168
3	70	150	168
3	146	168	183
3	387	362	434
3	183	168	203
3	168	150	198
3	168	198	235
3	203	168	235
3	262	203	235
3	262	235	296
3	306	262	296
3	306	296	318
3	318	296	331
3	331	296	335
3	335	336	331
3	339	331	358
3	358	331	378
3	738	670	723
3	738	723	772
3	772	723	831
3	723	734	831
3	738	772	821
3	772	831	868
3	772	868	821
3	868	923	821
3	868	831	914
3	868	914	962
3	868	962	923
3	986	923	962
3	986	962	1063
3	970	986	1054
3	986	1063	1087
3	1054	986	1087
3	1054	1087	1051
3	1051	1087	1177
3	1087	1153	1177
3	1063	1152	1087
3	1177	1153	1196
3	1166	1051	1177
3	1196	1153	1186
3	1177	1196	1214
3	1166	1177	1214
3	1166	1214	1316
3	1214	1196	1282
3	1282	1196	1267
3	1214	1282	1316
3	143	146	183
3	171	143	227
3	227	143	183
3	199	183	203
3	227	183	199
3	227	199	233
3	227	233	171
3	199	203	255
3	233	199	255
3	1821	1760	1842
3	1734	1760	1821
3	1785	1722	1734
3	1734	1726	1760
3	1658	1726	1734
3	1722	1673	1734
3	1673	1658	1734
3	1657	1673	1722
3	1657	1638	1673
3	1638	1658	1673
3	1607	1638	1657
3	1607	1586	1638
3	302	332	312
3	302	282	332
3	257	302	312
3	257	282	302
3	257	254	282
3	210	254	257
3	210	193	254
3	219	210	257
3	193	165	200
3	137	210	219
3	137	193	210
3	137	165	193
3	137	129	165
3	1863	1932	1886
3	1785	1734	1821
3	1785	1821	1816
3	1798	1785	1816
3	1798	1742	1785
3	1742	1722	1785
3	1718	1722	1742
3	1692	1657	1722
3	1718	1692	1722
3	269	257	312
3	269	220	257
3	220	219	257
3	220	164	219
3	164	145	219
3	145	137	219
3	107	137	145
3	116	145	164
3	97	107	145
3	116	97	145
3	32	63	48
3	1960	1932	1958
3	1953	1932	1960
3	1940	1932	1953
3	1940	1904	1932
3	1904	1886	1932
3	1888	1881	1940
3	1881	1904	1940
3	1904	1872	1886
3	62	48	100
3	48	63	78
3	62	45	48
3	45	26	48
3	26	32	48
3	1117	1003	1127
3	1013	1003	1117
3	1013	901	1003
3	935	1003	901
3	771	811	901
3	1195	1209	1287
3	1127	1195	1084
3	1084	1117	1127
3	1061	1117	1084
3	1061	1013	1117
3	863	1013	1061
3	960	863	1061
3	863	901	1013
3	860	863	960
3	863	771	901
3	860	771	863
3	794	767	860
3	767	771	860
3	767	699	771
3	771	748	811
3	699	748	771
3	650	699	735
3	650	660	699
3	1193	1291	1217
3	1193	1287	1291
3	1193	1195	1287
3	1193	1084	1195
3	1180	1061	1193
3	1061	1084	1193
3	1037	1061	1180
3	1037	960	1061
3	927	960	1037
3	794	960	927
3	794	860	960
3	857	794	927
3	857	725	794
3	758	767	794
3	758	794	725
3	758	735	767
3	725	735	758
3	735	699	767
3	725	671	735
3	671	650	735
3	662	651	671
3	651	650	671
3	1217	1291	1333
3	1293	1217	1333
3	1252	1217	1293
3	1129	1217	1252
3	1129	1147	1217
3	1147	1130	1217
3	1130	1193	1217
3	1130	1180	1193
3	1130	1037	1180
3	1034	1088	1147
3	1088	1130	1147
3	1088	1037	1130
3	975	1037	1088
3	975	1088	1034
3	956	975	1034
3	927	1037	975
3	885	956	978
3	946	975	956
3	946	927	975
3	946	857	927
3	946	781	857
3	781	725	857
3	845	781	946
3	724	781	845
3	716	725	781
3	724	716	781
3	671	725	716
3	663	716	724
3	662	671	716
3	663	662	716
3	1225	1146	1252
3	1146	1129	1252
3	1034	1147	1129
3	1072	1034	1129
3	1042	1129	1146
3	1042	1072	1129
3	1049	1072	1042
3	1049	963	1072
3	963	1034	1072
3	963	978	1034
3	978	956	1034
3	809	963	1049
3	959	809	1049
3	963	885	978
3	809	885	963
3	885	845	956
3	845	946	956
3	809	773	845
3	773	724	845
3	953	997	1001
3	953	977	997
3	997	1015	1023
3	886	977	953
3	886	1015	977
3	873	1015	886
3	1050	1070	1067
3	1056	1044	1067
3	1044	1046	1067
3	1046	1050	1067
3	955	1056	1073
3	1045	955	1073
3	955	982	1056
3	997	1050	1046
3	1001	997	1046
3	997	1023	1050
3	982	1044	1056
3	982	1017	1044
3	989	1017	982
3	977	1015	997
3	906	931	989
3	940	906	989
3	1015	920	938
3	882	940	937
3	887	882	937
3	882	906	940
3	873	920	1015
3	864	906	882
3	873	880	920
3	880	882	887
3	862	879	873
3	873	879	880
3	882	879	864
3	879	882	880
3	862	864	879
3	982	940	989
3	955	940	982
3	937	940	955
3	808	893	888
3	1018	953	1001
3	893	953	1018
3	991	948	1018
3	948	893	1018
3	888	893	948
3	893	886	953
3	888	948	991
3	808	886	893
3	886	862	873
3	808	862	886
3	829	888	884
3	808	856	862
3	808	829	856
3	829	808	888
3	1044	1018	1046
3	1018	1001	1046
3	1017	1018	1044
3	991	1018	1017
3	989	991	1017
3	931	991	989
3	931	884	991
3	869	884	931
3	884	888	991
3	906	869	931
3	864	869	906
3	829	884	869
3	864	856	869
3	864	862	856
3	856	829	869
3	1351	1293	1333
3	602	598	663
3	598	607	662
3	598	578	607
3	548	598	602
3	548	578	598
3	572	548	602
3	548	533	578
3	548	513	533
3	1425	1375	1417
3	1293	1351	1375
3	1372	1290	1375
3	1290	1293	1375
3	1194	1225	1372
3	1225	1290	1372
3	1290	1252	1293
3	1290	1225	1252
3	592	673	705
3	673	602	663
3	592	572	673
3	572	602	673
3	550	572	592
3	614	550	592
3	572	550	548
3	1345	1222	1372
3	1310	1222	1345
3	1222	1194	1372
3	1280	1222	1310
3	1280	1224	1222
3	1146	1225	1194
3	1151	1222	1224
3	1151	1182	1222
3	1164	1221	1239
3	1221	1151	1224
3	1164	1151	1221
3	1182	1194	1222
3	1182	1146	1194
3	1042	1146	1182
3	1151	1042	1182
3	1032	1042	1151
3	1043	1032	1151
3	990	959	1032
3	903	959	990
3	903	809	959
3	827	788	990
3	788	768	990
3	768	903	990
3	768	809	903
3	773	809	768
3	785	788	827
3	698	768	788
3	720	698	788
3	785	720	788
3	726	720	785
3	768	705	773
3	720	669	698
3	698	592	768
3	669	720	726
3	592	705	768
3	669	655	698
3	667	669	726
3	655	601	698
3	601	592	698
3	614	592	601
3	1213	1239	1272
3	1163	1213	1253
3	1213	1164	1239
3	1163	1164	1213
3	1124	1151	1164
3	1163	1124	1164
3	1124	1043	1151
3	1062	1124	1103
3	972	1124	1062
3	936	990	1032
3	936	1032	1043
3	936	1043	1124
3	972	936	1124
3	889	990	936
3	972	852	936
3	936	852	889
3	852	827	889
3	827	990	889
3	785	827	852
3	756	726	785
3	695	726	756
3	695	667	726
3	756	642	695
3	642	644	695
3	1181	1167	1257
3	1167	1103	1163
3	1181	1077	1167
3	1103	1124	1163
3	1077	1040	1167
3	1040	1103	1167
3	1040	1062	1103
3	981	996	1040
3	895	1062	1040
3	996	895	1040
3	1062	895	972
3	853	996	981
3	853	833	996
3	833	895	996
3	895	852	972
3	833	852	895
3	833	756	852
3	756	785	852
3	791	756	833
3	791	833	853
3	677	756	791
3	677	642	756
3	1477	1446	1516
3	1422	1477	1516
3	1409	1446	1477
3	1409	1477	1422
3	1409	1397	1446
3	1422	1370	1409
3	1342	1370	1422
3	1409	1323	1397
3	1323	1330	1397
3	1323	1409	1370
3	1307	1323	1370
3	1342	1307	1370
3	1298	1307	1342
3	1307	1254	1323
3	1254	1314	1323
3	1298	1254	1307
3	1254	1216	1314
3	1286	1232	1298
3	1232	1230	1298
3	1230	1254	1298
3	1148	1181	1216
3	1098	1181	1148
3	1098	1077	1181
3	1089	1083	1092
3	1092	1012	1098
3	1083	1012	1092
3	1012	1077	1098
3	1070	1012	1083
3	1012	981	1077
3	1023	1012	1070
3	981	1040	1077
3	968	1012	1023
3	1012	968	981
3	938	968	1023
3	968	853	981
3	938	930	968
3	930	853	968
3	896	930	938
3	843	853	930
3	896	892	930
3	892	843	930
3	892	818	843
3	898	849	892
3	849	818	892
3	791	853	843
3	764	791	843
3	529	504	564
3	489	504	529
3	489	471	504
3	1584	1600	1614
3	1584	1531	1600
3	1518	1531	1584
3	1531	1516	1527
3	1518	1422	1531
3	1531	1422	1516
3	1444	1438	1518
3	1438	1422	1518
3	1419	1438	1444
3	1438	1419	1422
3	1342	1422	1419
3	1428	1419	1444
3	1321	1342	1419
3	1428	1321	1419
3	1304	1321	1428
3	1321	1298	1342
3	1286	1298	1321
3	1304	1288	1286
3	1288	1232	1286
3	1070	1083	1080
3	1073	1070	1080
3	1083	1089	1080
3	1010	1080	1089
3	1075	1010	1089
3	1080	1045	1073
3	1010	1031	1080
3	1031	1045	1080
3	1006	1031	1010
3	1031	955	1045
3	957	955	1031
3	1006	965	1031
3	938	1023	1015
3	1031	965	957
3	911	965	1006
3	916	957	965
3	916	937	957
3	911	916	965
3	898	887	916
3	911	898	916
3	898	892	896
3	898	896	887
3	468	489	529
3	454	489	468
3	489	454	471
3	442	454	468
3	417	454	442
3	1596	1614	1650
3	1611	1596	1650
3	1547	1596	1611
3	1596	1584	1614
3	1596	1554	1584
3	1547	1554	1596
3	1547	1508	1554
3	1554	1518	1584
3	1507	1508	1547
3	1508	1518	1554
3	1508	1444	1518
3	1507	1451	1508
3	1451	1444	1508
3	1451	1449	1444
3	1449	1428	1444
3	1451	1383	1449
3	1383	1428	1449
3	468	411	442
3	399	442	411
3	399	389	442
3	354	411	431
3	354	399	411
3	340	389	399
3	354	340	399
3	281	329	340
3	1795	1782	1731
3	1726	1731	1782
3	1760	1726	1782
3	1700	1731	1726
3	1687	1700	1726
3	1658	1687	1726
3	1658	1611	1687
3	1687	1675	1700
3	1675	1687	1611
3	1658	1638	1611
3	1611	1650	1675
3	1638	1590	1611
3	1587	1547	1611
3	1507	1547	1587
3	1532	1507	1587
3	406	354	431
3	341	354	406
3	341	313	354
3	282	341	332
3	282	313	341
3	313	281	340
3	313	340	354
3	277	313	282
3	277	281	313
3	254	277	282
3	277	236	281
3	236	250	281
3	254	236	277
3	193	200	236
3	1760	1782	1795
3	193	236	254
3	663	598	662
3	773	705	724
3	705	673	663
3	724	705	663
3	959	1049	1042
3	959	1042	1032
3	1073	1067	1070
3	1056	1067	1073
3	1050	1023	1070
3	957	937	955
3	920	896	938
3	916	887	937
3	880	896	920
3	880	887	896
3	1585	1559	1593
3	1535	1559	1534
3	1526	1535	1534
3	1520	1523	1535
3	1526	1520	1535
3	1510	1520	1526
3	1487	1510	1526
3	1520	1510	1524
3	1510	1504	1524
3	1481	1520	1524
3	495	477	499
3	479	477	495
3	460	477	479
3	460	436	477
3	436	439	477
3	466	460	479
3	404	436	460
3	404	415	436
3	436	415	439
3	404	376	415
3	1565	1585	1609
3	1573	1565	1609
3	1573	1557	1565
3	1534	1559	1585
3	1565	1534	1585
3	1557	1534	1565
3	1499	1534	1557
3	1534	1487	1526
3	1484	1499	1557
3	1499	1487	1534
3	934	942	1060
3	1238	1178	1206
3	874	985	1004
3	1121	1090	1149
3	942	987	1060
3	1004	985	1109
3	681	684	722
3	722	776	790
3	722	692	761
3	681	722	763
3	761	759	776
3	722	761	776
3	722	790	763
3	802	839	854
3	790	802	850
3	802	854	850
3	806	790	850
3	806	763	790
3	1097	1102	1104
3	1102	1154	1104
3	1111	1097	1104
3	1097	1060	1126
3	1060	1123	1126
3	1102	1126	1154
3	1160	1154	1162
3	1154	1126	1178
3	1154	1178	1162
3	1126	1123	1178
3	1160	1162	1202
3	1162	1178	1238
3	1202	1162	1238
3	1160	1202	1229
3	1202	1238	1229
3	1229	1238	1277
3	1229	1277	1297
3	681	763	715
3	715	763	783
3	783	763	806
3	783	806	850
3	783	850	823
3	1111	1104	1161
3	1104	1141	1161
3	1161	1141	1210
3	1208	1161	1210
3	1160	1229	1998
3	1141	1998	1210
3	1208	1210	1255
3	1208	1255	1241
3	1241	1255	1297
3	1998	1229	1255
3	1210	1998	1255
3	1297	1255	1229
3	912	964	918
3	904	918	984
3	918	964	984
3	871	904	1036
3	904	984	1036
3	1036	984	1053
3	984	964	1033
3	1053	984	1071
3	984	1033	1091
3	984	1091	1071
3	815	799	825
3	799	810	825
3	815	825	836
3	836	825	838
3	825	810	841
3	834	825	841
3	815	836	855
3	871	841	904
3	834	841	871
3	841	810	883
3	810	842	883
3	883	842	905
3	855	836	910
3	836	838	910
3	841	883	918
3	883	905	912
3	918	883	912
3	904	841	918
3	1005	1064	1057
3	1053	1071	1036
3	1057	1064	1090
3	1071	1091	1106
3	1106	1091	1113
3	1110	1036	1071
3	1106	1113	1172
3	1090	1064	1149
3	1149	1064	1110
3	1071	1106	1110
3	1110	1106	1172
3	1113	1137	1172
3	1149	1172	1179
3	1149	1110	1172
3	807	815	855
3	812	784	876
3	807	855	830
3	874	812	876
3	784	830	876
3	876	830	855
3	876	855	910
3	876	910	979
3	910	951	979
3	985	874	979
3	874	876	979
3	979	951	1057
3	979	1057	1066
3	951	1005	1057
3	985	979	1066
3	1066	1057	1090
3	985	1066	1109
3	1109	1066	1132
3	1121	1066	1090
3	1132	1066	1121
3	1104	1154	1160
3	1104	1160	1998
3	1141	1104	1998
3	947	871	1036
3	825	834	838
3	838	834	897
3	838	897	921
3	834	871	947
3	897	834	947
3	910	838	951
3	838	921	951
3	921	897	966
3	897	947	966
3	966	947	1036
3	1005	921	966
3	951	921	1005
3	1005	966	1064
3	966	1036	1110
3	1064	966	1110
3	1487	1500	1510
3	1472	1487	1499
3	1484	1472	1499
3	1454	1487	1472
3	500	484	515
3	500	478	484
3	478	466	484
3	466	479	484
3	478	420	466
3	404	460	466
3	437	420	478
3	420	404	466
3	420	434	404
3	403	420	437
3	387	434	420
3	403	387	420
3	362	404	434
3	1102	1097	1126
3	388	333	387
3	333	362	387
3	1538	1498	1557
3	1498	1484	1557
3	1476	1484	1498
3	1471	1476	1498
3	1476	1472	1484
3	1471	1426	1476
3	1436	1454	1472
3	1426	1458	1476
3	1458	1472	1476
3	1458	1436	1472
3	1426	1412	1458
3	1412	1436	1458
3	1412	1376	1436
3	518	526	523
3	515	518	523
3	503	496	523
3	496	500	523
3	500	515	523
3	496	478	500
3	492	496	503
3	492	475	496
3	475	478	496
3	437	478	475
3	244	216	259
3	194	216	244
3	1402	1412	1426
3	1412	1362	1376
3	1402	1362	1412
3	1361	1340	1402
3	1352	1340	1361
3	1340	1362	1402
3	1340	1352	1365
3	1328	1340	1365
3	605	570	589
3	570	579	589
3	561	526	570
3	547	579	570
3	526	547	570
3	523	526	561
3	526	518	547
3	268	267	285
3	285	267	293
3	267	259	293
3	244	259	267
3	224	267	268
3	224	244	267
3	224	211	244
3	211	194	244
3	192	211	224
3	211	178	194
3	192	178	211
3	1374	1378	1407
3	1374	1365	1378
3	1357	1346	1374
3	1346	1328	1365
3	1346	1365	1374
3	595	594	619
3	582	595	619
3	589	579	594
3	577	611	595
3	577	595	582
3	589	594	595
3	588	589	595
3	588	595	611
3	1536	1519	1542
3	1490	1519	1536
3	1515	1490	1536
3	1490	1445	1519
3	1445	1464	1519
3	1441	1490	1515
3	1441	1445	1490
3	1416	1464	1445
3	1441	1420	1445
3	1420	1416	1445
3	1407	1420	1441
3	1407	1378	1420
3	1357	1374	1407
3	1378	1380	1420
3	563	582	619
3	563	562	582
3	573	577	582
3	562	573	582
3	543	563	590
3	507	562	563
3	494	563	543
3	494	507	563
3	494	485	507
3	1597	1601	1615
3	1608	1574	1615
3	1574	1597	1615
3	1542	1566	1597
3	1536	1542	1597
3	1574	1536	1597
3	1519	1566	1542
3	490	494	543
3	456	494	490
3	461	485	494
3	456	461	494
3	470	456	490
3	413	461	456
3	413	452	461
3	421	413	456
3	413	405	452
3	381	413	421
3	413	381	405
3	381	366	405
3	396	381	421
3	1652	1647	1661
3	1647	1624	1625
3	1615	1647	1652
3	1615	1624	1647
3	1608	1615	1652
3	1639	1608	1652
3	1615	1601	1624
3	1274	1212	1309
3	1249	1212	1274
3	1205	1212	1249
3	1174	1212	1205
3	1174	1138	1212
3	1212	1065	1171
3	1065	1082	1171
3	1138	1065	1212
3	1065	1025	1082
3	1041	1065	1138
3	1009	1025	1065
3	1009	1065	1041
3	941	1009	1041
3	878	969	1025
3	1009	878	1025
3	941	878	1009
3	851	878	941
3	851	787	878
3	787	858	878
3	777	746	851
3	746	787	851
3	712	685	777
3	685	746	777
3	352	381	396
3	352	366	381
3	352	351	366
3	346	334	352
3	334	347	352
3	352	347	351
3	1756	1733	1758
3	1733	1754	1758
3	1733	1707	1754
3	1733	1684	1707
3	1706	1684	1733
3	1684	1669	1707
3	1707	1669	1713
3	1661	1684	1706
3	1647	1669	1684
3	1661	1647	1684
3	1647	1625	1669
3	1625	1616	1669
3	1439	1390	1442
3	1443	1371	1439
3	1371	1373	1439
3	1390	1414	1442
3	1373	1390	1439
3	1390	1337	1414
3	1337	1390	1373
3	1373	1371	1318
3	1337	1373	1318
3	1274	1309	1337
3	1318	1205	1249
3	685	597	746
3	597	633	746
3	585	685	712
3	585	597	685
3	585	474	597
3	554	517	585
3	517	474	585
3	347	357	351
3	347	297	357
3	346	307	334
3	325	297	347
3	334	325	347
3	308	334	307
3	308	325	334
3	1758	1754	1772
3	1443	1506	1517
3	1443	1439	1506
3	474	534	597
3	1468	1481	1504
3	1503	1504	1510
3	1500	1503	1510
3	515	484	516
3	515	521	518
3	1340	1329	1362
3	547	575	579
3	579	575	613
3	1546	1515	1536
3	590	563	619
3	1546	1536	1574
3	1654	1652	1661
3	858	848	878
3	746	696	787
3	633	696	746
3	866	933	949
3	881	939	952
3	881	866	939
3	782	866	881
3	822	933	866
3	782	822	866
3	782	780	822
3	743	780	782
3	774	743	782
3	721	743	774
3	700	754	780
3	743	700	780
3	743	689	700
3	689	743	721
3	678	700	689
3	1392	1459	1447
3	1424	1392	1447
3	1392	1338	1386
3	1386	1350	1411
3	1270	1350	1386
3	1338	1270	1386
3	1338	1392	1424
3	1332	1338	1424
3	1335	1270	1338
3	1269	1270	1335
3	1320	1269	1335
3	1263	1335	1338
3	1263	1320	1335
3	700	678	717
3	717	664	709
3	664	622	709
3	678	664	717
3	661	678	689
3	622	626	709
3	665	664	678
3	661	665	678
3	624	664	665
3	624	622	664
3	616	665	661
3	569	624	665
3	616	569	665
3	558	569	616
3	1856	1836	1857
3	1856	1793	1836
3	1836	1786	1857
3	1783	1786	1836
3	1783	1836	1793
3	1741	1783	1793
3	1783	1723	1786
3	1723	1777	1786
3	1723	1736	1777
3	1741	1723	1783
3	1730	1741	1793
3	1717	1723	1741
3	1689	1736	1723
3	1670	1723	1717
3	1670	1689	1723
3	1663	1645	1741
3	1645	1717	1741
3	1645	1610	1717
3	1610	1670	1717
3	1670	1653	1689
3	1627	1653	1670
3	1627	1670	1610
3	1488	1479	1545
3	1479	1465	1470
3	1448	1488	1489
3	1465	1479	1488
3	1448	1465	1488
3	1411	1448	1459
3	1392	1386	1459
3	1386	1411	1459
3	1448	1411	1465
3	1411	1406	1465
3	1411	1350	1406
3	568	626	622
3	568	551	626
3	568	622	624
3	569	568	624
3	551	555	626
3	569	535	568
3	551	506	555
3	558	535	569
3	535	524	568
3	506	531	555
3	524	551	568
3	524	506	551
3	481	506	524
3	481	453	506
3	450	446	481
3	1835	1856	1896
3	1803	1896	1862
3	1789	1835	1896
3	1835	1793	1856
3	1803	1789	1896
3	1773	1835	1789
3	1773	1776	1835
3	1776	1793	1835
3	1776	1730	1793
3	1773	1730	1776
3	1715	1730	1773
3	1730	1663	1741
3	1637	1627	1610
3	1637	1623	1627
3	1617	1610	1645
3	1637	1549	1623
3	1610	1549	1637
3	1555	1588	1623
3	1549	1555	1623
3	1549	1610	1617
3	1560	1549	1617
3	1560	1545	1549
3	1549	1544	1555
3	1545	1511	1549
3	1509	1533	1555
3	1544	1509	1555
3	1511	1544	1549
3	1511	1509	1544
3	1545	1479	1511
3	1479	1470	1511
3	1511	1478	1509
3	1470	1478	1511
3	483	531	506
3	453	483	506
3	453	448	483
3	446	453	481
3	446	395	453
3	395	448	453
3	424	395	446
3	424	391	395
3	367	391	424
3	373	395	391
3	360	391	367
3	360	373	391
3	360	349	373
3	1808	1803	1862
3	1808	1784	1803
3	1767	1784	1808
3	1789	1746	1773
3	1746	1789	1803
3	1784	1738	1803
3	1749	1738	1784
3	1767	1749	1784
3	1738	1746	1803
3	1746	1715	1773
3	1704	1746	1738
3	1688	1704	1738
3	1724	1699	1749
3	1699	1738	1749
3	1699	1688	1738
3	1672	1683	1699
3	1671	1688	1699
3	1683	1671	1699
3	1642	1671	1683
3	509	540	567
3	464	540	509
3	444	464	509
3	444	509	469
3	419	464	444
3	410	355	444
3	355	419	444
3	373	355	410
3	395	373	410
3	353	355	373
3	349	353	373
3	305	349	360
3	345	305	360
3	349	300	353
3	305	300	349
3	300	315	353
3	305	265	300
3	263	265	305
3	265	299	300
3	265	249	299
3	242	265	263
3	265	241	249
3	242	241	265
3	1671	1664	1688
3	1664	1686	1688
3	1642	1664	1671
3	1642	1649	1664
3	1664	1612	1686
3	1599	1664	1649
3	1592	1612	1664
3	1664	1599	1592
3	1592	1582	1612
3	1550	1592	1599
3	1550	1582	1592
3	1556	1550	1599
3	1556	1512	1550
3	1550	1514	1582
3	1496	1514	1550
3	1512	1496	1550
3	1483	1512	1522
3	1483	1463	1512
3	1463	1496	1512
3	1463	1461	1496
3	1483	1452	1463
3	1452	1400	1463
3	1437	1461	1463
3	1400	1437	1463
3	1379	1421	1437
3	1400	1377	1437
3	1377	1379	1437
3	1400	1358	1377
3	581	540	583
3	583	556	591
3	540	556	583
3	540	522	556
3	556	544	571
3	522	544	556
3	512	522	540
3	540	464	512
3	512	508	522
3	465	508	512
3	476	465	512
3	464	476	512
3	455	465	476
3	464	432	476
3	432	455	476
3	464	419	432
3	435	465	455
3	401	435	455
3	432	401	455
3	369	432	419
3	369	401	432
3	401	392	435
3	382	401	369
3	382	392	401
3	372	392	382
3	369	358	382
3	343	358	369
3	353	343	355
3	355	343	419
3	343	369	419
3	353	315	343
3	300	299	315
3	217	241	242
3	201	217	242
3	217	171	241
3	161	217	201
3	161	171	217
3	128	171	161
3	128	143	171
3	138	161	159
3	138	128	161
3	102	128	138
3	1331	1349	1379
3	1377	1339	1379
3	1339	1331	1379
3	1282	1339	1377
3	1331	1312	1349
3	1271	1331	1339
3	1267	1271	1339
3	1271	1312	1331
3	1282	1267	1339
3	1312	1261	1305
3	1271	1261	1312
3	1267	1186	1271
3	1186	1261	1271
3	1196	1186	1267
3	556	571	591
3	382	358	378
3	375	372	382
3	1190	1262	1261
3	1186	1190	1261
3	814	782	881
3	814	881	952
3	814	774	782
3	657	689	721
3	1332	1263	1338
3	657	661	689
3	1485	1448	1489
3	1459	1448	1485
3	1447	1459	1485
3	424	446	450
3	1682	1663	1730
3	1704	1715	1746
3	1688	1698	1704
3	1437	1421	1461
3	465	497	508
3	435	392	427
3	237	201	242
3	159	161	201
3	180	159	201
3	308	280	325
3	280	297	325
3	278	280	308
3	280	284	297
3	253	280	278
3	280	261	284
3	253	261	280
3	253	222	261
3	1834	1833	1864
3	1834	1802	1833
3	1772	1802	1834
3	1758	1772	1834
3	1762	1802	1772
3	1774	1762	1772
3	1772	1754	1774
3	1709	1762	1774
3	1709	1755	1762
3	1754	1707	1774
3	1713	1709	1774
3	1707	1713	1774
3	1579	1602	1629
3	1578	1579	1629
3	1579	1581	1602
3	1579	1558	1581
3	1558	1571	1581
3	1558	1567	1571
3	1578	1506	1579
3	1517	1506	1578
3	1521	1537	1558
3	1506	1558	1579
3	1506	1521	1558
3	1506	1442	1521
3	1439	1442	1506
3	482	474	517
3	486	482	517
3	447	474	482
3	486	447	482
3	433	474	447
3	433	423	474
3	397	433	447
3	400	423	433
3	397	400	433
3	261	240	284
3	218	240	261
3	222	218	261
3	195	209	240
3	218	195	240
3	191	218	222
3	191	195	218
3	124	195	191
3	162	124	191
3	108	124	162
3	1905	1942	1943
3	1913	1905	1943
3	431	411	468
3	1383	1304	1428
3	1493	1451	1507
3	1675	1650	1656
3	1675	1703	1700
3	389	417	442
3	454	417	428
3	468	529	552
3	1304	1286	1321
3	1531	1527	1600
3	454	428	471
3	471	480	504
3	504	530	564
3	764	730	791
3	843	818	764
3	1185	1216	1254
3	1323	1314	1330
3	730	677	791
3	1167	1163	1253
3	1216	1181	1257
3	644	667	695
3	1253	1213	1272
3	1221	1224	1296
3	545	513	548
3	550	545	548
3	533	532	553
3	406	431	462
3	441	458	534
3	1752	1790	1731
3	337	346	383
3	340	337	383
3	389	340	383
3	431	468	501
3	431	501	462
3	458	462	560
3	534	458	560
3	462	501	552
3	462	552	560
3	501	468	552
3	534	560	597
3	597	560	633
3	560	552	621
3	560	621	633
3	1289	1227	1313
3	1289	1313	1309
3	1309	1313	1394
3	1313	1383	1394
3	1313	1304	1383
3	1337	1309	1414
3	1414	1309	1394
3	1394	1383	1451
3	1414	1394	1451
3	1442	1414	1493
3	1414	1451	1493
3	1656	1614	1646
3	1650	1614	1656
3	1646	1654	1694
3	1656	1646	1694
3	1654	1661	1706
3	1694	1654	1706
3	1675	1656	1703
3	1656	1694	1703
3	1703	1694	1706
3	1703	1706	1752
3	1700	1703	1752
3	1706	1733	1756
3	1752	1706	1756
3	1700	1752	1731
3	1790	1752	1756
3	1756	1758	1790
3	383	346	386
3	346	352	396
3	346	396	386
3	389	383	386
3	386	396	414
3	389	386	417
3	414	396	428
3	386	414	417
3	414	428	417
3	428	396	426
3	552	529	652
3	621	552	652
3	652	529	676
3	621	652	704
3	633	621	696
3	652	676	704
3	621	704	696
3	727	704	742
3	704	727	696
3	727	742	769
3	787	696	727
3	727	769	848
3	787	727	848
3	858	787	848
3	769	849	848
3	848	849	943
3	849	898	911
3	849	911	943
3	943	911	1006
3	943	1006	969
3	848	943	969
3	878	848	969
3	969	1006	1010
3	1007	969	1010
3	969	1007	1055
3	1025	969	1055
3	1007	1010	1075
3	1025	1055	1082
3	1075	1089	1092
3	1055	1145	1082
3	1082	1145	1191
3	1171	1082	1191
3	1171	1191	1227
3	1227	1191	1232
3	1227	1232	1288
3	1171	1227	1289
3	1212	1171	1289
3	1212	1289	1309
3	1227	1288	1304
3	1227	1304	1313
3	1600	1527	1563
3	1614	1600	1563
3	1563	1576	1639
3	1576	1608	1639
3	1614	1563	1646
3	1646	1563	1639
3	1646	1639	1654
3	1654	1639	1652
3	396	421	426
3	426	421	470
3	428	426	480
3	421	456	470
3	471	428	480
3	426	470	480
3	530	470	490
3	504	480	530
3	480	470	530
3	530	490	596
3	596	490	543
3	530	596	564
3	596	543	580
3	580	543	634
3	564	596	612
3	596	580	612
3	612	580	634
3	564	612	649
3	529	564	649
3	529	649	676
3	612	634	713
3	649	612	713
3	676	649	713
3	704	676	742
3	676	713	730
3	764	676	730
3	742	676	764
3	769	742	818
3	742	764	818
3	769	818	849
3	1055	1007	1108
3	1007	1075	1108
3	1075	1092	1108
3	1092	1098	1148
3	1108	1092	1148
3	1055	1108	1145
3	1108	1148	1145
3	1148	1185	1145
3	1191	1145	1185
3	1185	1148	1216
3	1191	1185	1230
3	1232	1191	1230
3	1185	1254	1230
3	1314	1216	1257
3	1516	1446	1527
3	1446	1528	1527
3	1528	1515	1546
3	1527	1528	1576
3	1528	1546	1574
3	1563	1527	1576
3	1576	1528	1574
3	1576	1574	1608
3	543	590	634
3	590	619	634
3	634	619	643
3	634	643	687
3	634	687	713
3	677	687	643
3	687	677	730
3	713	687	730
3	1167	1253	1285
3	1257	1167	1285
3	1257	1285	1303
3	1314	1257	1324
3	1324	1257	1303
3	1314	1324	1330
3	1285	1326	1336
3	1285	1336	1303
3	1303	1336	1324
3	1336	1346	1357
3	1336	1357	1324
3	1330	1324	1408
3	1324	1357	1407
3	1397	1330	1408
3	1397	1408	1455
3	1324	1407	1408
3	1408	1407	1430
3	1407	1441	1430
3	1397	1455	1446
3	1455	1430	1515
3	1430	1441	1515
3	1446	1455	1515
3	1446	1515	1528
3	594	641	644
3	619	594	642
3	619	642	643
3	642	594	644
3	644	641	667
3	643	642	677
3	1239	1221	1284
3	1239	1284	1272
3	1253	1272	1285
3	1285	1272	1326
3	1272	1284	1326
3	1326	1284	1346
3	1284	1328	1346
3	1336	1326	1346
3	547	518	575
3	518	549	575
3	601	549	614
3	575	549	601
3	594	579	613
3	594	613	641
3	641	613	669
3	613	575	669
3	575	655	669
3	575	601	655
3	667	641	669
3	1284	1221	1296
3	1296	1224	1280
3	1284	1296	1328
3	1296	1280	1329
3	1328	1296	1329
3	1340	1328	1329
3	1329	1280	1362
3	1362	1280	1376
3	1280	1310	1376
3	1387	1310	1345
3	1376	1310	1387
3	515	545	525
3	521	515	525
3	525	545	521
3	518	521	549
3	521	545	550
3	549	521	614
3	521	550	614
3	1387	1345	1372
3	1372	1375	1415
3	1415	1375	1425
3	1372	1415	1387
3	1376	1387	1436
3	1387	1415	1436
3	1436	1415	1454
3	1415	1425	1454
3	479	505	484
3	484	505	516
3	515	516	545
3	513	516	514
3	545	516	513
3	1417	1434	1462
3	1425	1417	1462
3	1425	1462	1454
3	1454	1462	1480
3	1454	1480	1487
3	1487	1480	1500
3	479	495	505
3	495	499	511
3	505	511	514
3	505	495	511
3	516	505	514
3	514	511	533
3	533	511	532
3	1460	1432	1467
3	1434	1460	1462
3	1462	1460	1480
3	1467	1494	1460
3	1460	1494	1503
3	1503	1494	1504
3	1480	1460	1503
3	1480	1503	1500
3	1900	1866	1913
3	1861	1905	1913
3	1861	1890	1905
3	1866	1861	1913
3	1897	1866	1900
3	1864	1866	1897
3	1837	1861	1866
3	1824	1866	1864
3	1833	1824	1864
3	1807	1861	1837
3	1824	1837	1866
3	1802	1762	1833
3	1833	1762	1824
3	1824	1781	1837
3	1781	1807	1837
3	1762	1781	1824
3	1755	1781	1762
3	1665	1655	1676
3	1665	1659	1655
3	1659	1618	1655
3	1629	1602	1659
3	1602	1618	1659
3	1618	1613	1655
3	1618	1605	1613
3	1602	1589	1618
3	1589	1605	1618
3	1589	1580	1605
3	1581	1589	1602
3	1571	1589	1581
3	1571	1580	1589
3	1571	1567	1580
3	390	342	397
3	342	400	397
3	397	356	390
3	342	398	400
3	356	342	390
3	323	364	398
3	311	342	356
3	342	316	398
3	316	323	398
3	320	342	311
3	320	316	342
3	273	287	320
3	195	124	209
3	124	184	209
3	124	151	184
3	151	132	184
3	151	117	132
3	124	117	151
3	105	117	124
3	108	105	124
3	105	95	117
3	82	95	105
3	36	51	73
3	1982	1951	1973
3	1982	1985	1983
3	1983	1951	1982
3	1945	1969	1985
3	1982	1945	1985
3	1973	1945	1982
3	1945	1943	1969
3	1965	1945	1973
3	1927	1913	1945
3	1913	1943	1945
3	1861	1851	1890
3	1807	1851	1861
3	1807	1829	1851
3	1805	1813	1829
3	1779	1829	1807
3	1781	1779	1807
3	1813	1800	1817
3	1779	1805	1829
3	1805	1800	1813
3	1727	1805	1779
3	1759	1800	1805
3	1750	1759	1805
3	1727	1750	1805
3	1745	1778	1800
3	1759	1745	1800
3	1745	1729	1778
3	1691	1759	1750
3	1727	1676	1750
3	1691	1745	1759
3	1691	1705	1745
3	1676	1691	1750
3	1665	1676	1727
3	1685	1705	1691
3	1676	1655	1691
3	1667	1680	1705
3	1685	1667	1705
3	1655	1685	1691
3	1613	1667	1685
3	1655	1613	1685
3	294	323	316
3	287	316	320
3	279	294	316
3	287	270	316
3	270	279	316
3	279	260	294
3	270	287	273
3	234	279	270
3	234	231	279
3	231	260	279
3	239	260	231
3	239	248	260
3	231	212	239
3	239	225	248
3	212	204	239
3	204	196	239
3	205	212	231
3	205	175	212
3	173	204	212
3	173	174	204
3	182	175	205
3	175	173	212
3	132	182	184
3	170	173	175
3	132	135	182
3	119	135	132
3	117	119	132
3	117	86	119
3	95	86	117
3	73	65	86
3	73	86	95
3	82	73	95
3	49	73	82
3	49	36	73
3	31	36	49
3	31	17	36
3	23	17	31
3	23	20	17
3	1914	1951	1961
3	1914	1921	1951
3	1908	1909	1921
3	1921	1874	1908
3	1869	1908	1874
3	1908	1850	1909
3	1869	1855	1850
3	1855	1845	1850
3	1817	1855	1825
3	1855	1792	1845
3	1817	1778	1855
3	1778	1792	1855
3	1817	1800	1778
3	1729	1792	1778
3	196	225	239
3	196	207	225
3	196	172	207
3	174	196	204
3	158	174	173
3	115	172	174
3	158	144	174
3	144	115	174
3	122	144	158
3	122	89	144
3	144	79	115
3	89	79	144
3	64	79	89
3	64	55	79
3	46	55	64
3	1223	1259	1319
3	1144	1223	1283
3	1223	1101	1259
3	1144	1136	1223
3	1136	1101	1223
3	1002	1136	1144
3	1136	1002	1101
3	1002	1093	1101
3	915	1093	1002
3	865	915	1002
3	796	915	865
3	762	796	865
3	762	749	796
3	762	625	749
3	694	625	762
3	755	694	762
3	1405	1453	1431
3	1353	1405	1431
3	1317	1364	1405
3	1353	1317	1405
3	1317	1319	1364
3	1223	1319	1317
3	1292	1317	1353
3	1292	1283	1317
3	1283	1223	1317
3	648	694	755
3	648	625	694
3	648	617	625
3	617	586	625
3	574	617	648
3	574	537	617
3	537	586	617
3	537	557	586
3	1398	1468	1494
3	1467	1398	1494
3	1431	1453	1468
3	1398	1431	1468
3	1398	1353	1431
3	1398	1344	1353
3	546	537	574
3	511	499	546
3	1494	1468	1504
3	1469	1398	1467
3	511	546	532
3	278	308	307
3	1814	1758	1834
3	1558	1537	1567
3	1442	1493	1521
3	162	191	222
3	1927	1945	1965
3	1900	1913	1927
3	1705	1729	1745
3	260	248	294
3	115	79	77
3	23	24	46
3	786	762	865
3	786	755	762
3	1344	1398	1469
3	574	532	546
3	321	304	348
3	304	388	348
3	388	289	333
3	304	289	388
3	291	304	321
3	289	271	333
3	291	289	304
3	293	259	291
3	264	289	291
3	259	264	291
3	264	271	289
3	237	271	264
3	208	237	264
3	216	208	264
3	208	180	237
3	187	208	216
3	180	201	237
3	187	180	208
3	156	159	180
3	156	138	159
3	1403	1402	1426
3	1361	1402	1403
3	1379	1403	1421
3	1312	1361	1403
3	1379	1349	1403
3	1349	1312	1403
3	1312	1352	1361
3	605	632	639
3	615	605	639
3	615	591	605
3	591	571	605
3	561	570	571
3	570	605	571
3	544	561	571
3	344	361	365
3	326	363	361
3	344	326	361
3	326	321	363
3	303	326	344
3	293	291	321
3	246	326	303
3	246	285	326
3	285	293	321
3	246	268	285
3	156	180	187
3	131	178	192
3	186	160	192
3	176	160	186
3	160	131	192
3	187	178	131
3	131	156	187
3	139	131	160
3	131	138	156
3	139	112	131
3	1352	1360	1365
3	1352	1348	1360
3	1352	1305	1348
3	1312	1305	1352
3	1305	1279	1348
3	1279	1325	1348
3	1279	1295	1325
3	1261	1279	1305
3	683	647	693
3	639	647	683
3	647	623	666
3	623	587	666
3	639	632	647
3	632	623	647
3	611	587	623
3	605	588	632
3	611	577	587
3	611	623	632
3	588	611	632
3	589	588	605
3	314	303	344
3	314	290	303
3	290	246	303
3	252	246	290
3	245	252	290
3	213	246	252
3	245	213	252
3	215	213	245
3	213	186	246
3	186	268	246
3	192	268	186
3	166	213	215
3	176	186	213
3	166	176	213
3	166	147	176
3	147	160	176
3	139	160	147
3	72	130	147
3	88	72	147
3	1464	1502	1519
3	1464	1450	1502
3	1464	1416	1450
3	1416	1393	1450
3	1341	1410	1450
3	1393	1341	1450
3	1341	1367	1410
3	1380	1393	1416
3	1360	1348	1380
3	1380	1341	1393
3	1341	1299	1367
3	1348	1325	1380
3	1325	1341	1380
3	1325	1275	1341
3	1295	1275	1325
3	666	587	675
3	587	520	675
3	577	573	587
3	573	536	587
3	562	536	573
3	536	520	587
3	562	507	536
3	507	473	536
3	485	473	507
3	1566	1569	1601
3	1513	1569	1566
3	1513	1543	1569
3	1566	1502	1513
3	1519	1502	1566
3	1513	1492	1543
3	1466	1492	1513
3	1502	1466	1513
3	1450	1466	1502
3	1466	1391	1492
3	1410	1466	1450
3	1410	1391	1466
3	1367	1391	1410
3	1367	1343	1391
3	1300	1391	1343
3	1299	1343	1367
3	593	565	628
3	541	565	593
3	593	520	541
3	541	463	565
3	473	520	536
3	472	541	520
3	473	472	520
3	472	463	541
3	461	473	485
3	472	425	463
3	452	473	461
3	452	472	473
3	452	430	472
3	430	425	472
3	405	430	452
3	430	393	425
3	405	393	430
3	366	393	405
3	1624	1603	1625
3	1603	1616	1625
3	1603	1561	1616
3	1601	1603	1624
3	1569	1583	1603
3	1569	1603	1601
3	1583	1561	1603
3	1583	1553	1561
3	1543	1583	1569
3	1543	1553	1583
3	1543	1525	1553
3	1525	1482	1553
3	1492	1525	1543
3	1492	1435	1525
3	1435	1482	1525
3	1381	1435	1492
3	1391	1381	1492
3	1435	1433	1482
3	1381	1433	1435
3	1391	1300	1381
3	1300	1250	1381
3	1381	1278	1433
3	1278	1356	1433
3	1250	1278	1381
3	1278	1294	1356
3	1236	1205	1294
3	1278	1236	1294
3	1260	1278	1250
3	1260	1236	1278
3	1165	1236	1260
3	1250	1165	1260
3	1236	1114	1205
3	1114	1174	1205
3	1165	1079	1236
3	1120	1079	1165
3	1079	1114	1236
3	1120	1086	1079
3	1174	1114	1138
3	1041	1138	1114
3	1079	1024	1114
3	1024	1041	1114
3	1000	1079	1086
3	1024	980	1041
3	980	941	1041
3	1000	1024	1079
3	1000	980	1024
3	891	1000	993
3	891	980	1000
3	924	941	980
3	891	924	980
3	932	851	941
3	924	932	941
3	891	828	924
3	924	828	932
3	777	851	932
3	805	777	932
3	828	805	932
3	659	757	828
3	757	805	828
3	753	659	828
3	757	712	805
3	753	608	659
3	809	845	885
3	659	682	757
3	790	776	802
3	610	618	659
3	628	539	608
3	510	610	659
3	608	510	659
3	565	539	628
3	539	510	608
3	463	443	451
3	425	443	463
3	451	418	488
3	425	377	443
3	451	377	418
3	443	377	451
3	393	377	425
3	366	371	393
3	371	377	393
3	351	371	366
3	351	368	371
3	1641	1632	1713
3	1641	1621	1632
3	1616	1641	1669
3	1621	1641	1616
3	1621	1591	1632
3	1632	1591	1631
3	1591	1568	1631
3	1570	1591	1621
3	1616	1570	1621
3	1561	1552	1616
3	1552	1570	1616
3	1530	1568	1570
3	1530	1517	1568
3	1552	1530	1570
3	1553	1552	1561
3	1482	1552	1553
3	1482	1530	1552
3	1482	1491	1530
3	1491	1427	1530
3	1427	1517	1530
3	1427	1443	1517
3	1482	1433	1491
3	1433	1427	1491
3	1371	1443	1427
3	1356	1371	1427
3	1356	1427	1433
3	1318	1371	1356
3	1294	1318	1356
3	1294	1205	1318
3	659	618	682
3	488	510	539
3	371	368	377
3	259	216	264
3	194	187	216
3	192	224	268
3	178	187	194
3	1378	1360	1380
3	1365	1360	1378
3	1380	1416	1420
3	805	712	777
3	1669	1641	1713
3	1993	1997	1996
3	1993	1995	1997
3	1995	1994	1997
3	1986	1968	1996
3	1990	1993	1996
3	1993	1976	1995
3	1994	1978	1987
3	1989	1994	1995
3	1984	1996	1968
3	1976	1993	1990
3	1970	1989	1995
3	1976	1970	1995
3	1981	1971	1976
3	1976	1971	1970
3	1939	1929	1970
3	1912	1840	1935
3	1826	1819	1912
3	1826	1809	1819
3	1819	1840	1912
3	1809	1768	1819
3	1768	1771	1819
3	1819	1771	1812
3	1797	1768	1809
3	1768	1757	1771
3	1788	1797	1799
3	1796	1788	1799
3	1794	1788	1796
3	1788	1768	1797
3	1788	1765	1768
3	1748	1765	1788
3	1748	1788	1791
3	1765	1757	1768
3	1748	1728	1765
3	1728	1757	1765
3	1728	1720	1757
3	1265	1256	1315
3	546	519	537
3	586	604	625
3	796	813	915
3	158	173	170
3	1961	1951	1983
3	20	16	17
3	20	23	53
3	135	175	182
3	135	142	175
3	205	231	234
3	205	234	247
3	256	273	320
3	256	320	311
3	1629	1659	1665
3	1628	1629	1665
3	1755	1779	1781
3	240	209	238
3	240	238	266
3	397	447	445
3	445	447	486
3	527	517	554
3	1568	1517	1578
3	640	585	712
3	1504	1481	1524
3	1505	1501	1520
3	1481	1505	1520
3	477	439	457
3	477	457	499
3	457	491	499
3	499	491	519
3	546	499	519
3	1413	1440	1474
3	1453	1413	1474
3	1453	1474	1481
3	1468	1453	1481
3	1481	1474	1505
3	1474	1486	1505
3	537	519	557
3	519	576	557
3	519	493	542
3	576	519	542
3	586	557	576
3	586	576	604
3	576	542	559
3	576	559	654
3	604	576	654
3	653	604	654
3	604	653	625
3	1364	1327	1369
3	1327	1354	1369
3	1369	1354	1384
3	1364	1369	1405
3	1369	1384	1395
3	1405	1369	1413
3	1413	1369	1395
3	1405	1413	1453
3	1395	1401	1413
3	1401	1440	1413
3	654	656	653
3	625	653	714
3	653	656	690
3	653	690	714
3	625	714	749
3	714	690	729
3	714	729	793
3	749	714	813
3	813	714	793
3	796	749	813
3	813	793	877
3	813	877	922
3	915	813	922
3	915	922	1093
3	1101	1093	1105
3	1093	1028	1105
3	1101	1105	1259
3	1105	1248	1259
3	1248	1276	1327
3	1319	1259	1248
3	1319	1248	1364
3	1364	1248	1327
3	922	877	1028
3	922	1028	1093
3	61	53	64
3	64	53	23
3	61	64	93
3	23	46	64
3	93	64	99
3	99	64	89
3	93	99	118
3	110	93	118
3	99	89	120
3	120	89	122
3	118	99	120
3	110	118	141
3	148	120	122
3	148	122	158
3	118	120	155
3	141	118	155
3	155	120	148
3	148	158	170
3	148	169	155
3	169	148	170
3	1844	1820	1825
3	1823	1820	1844
3	1820	1817	1825
3	1844	1825	1855
3	1844	1855	1869
3	1844	1869	1874
3	1844	1874	1879
3	1879	1874	1914
3	1914	1874	1921
3	16	18	19
3	17	16	19
3	18	16	29
3	29	16	53
3	16	20	53
3	36	17	51
3	29	53	61
3	91	87	114
3	87	101	114
3	86	91	114
3	86	114	119
3	119	114	142
3	135	119	142
3	114	101	149
3	142	114	149
3	101	104	153
3	149	101	153
3	142	149	169
3	170	142	169
3	149	153	169
3	142	170	175
3	182	205	226
3	226	205	247
3	247	234	270
3	247	270	273
3	1817	1820	1813
3	1813	1820	1831
3	1813	1831	1829
3	1829	1831	1853
3	1829	1853	1854
3	1829	1854	1867
3	1851	1829	1867
3	1851	1867	1890
3	1867	1854	1917
3	1854	1918	1917
3	1917	1918	1942
3	1892	1914	1961
3	1961	1983	1988
3	1969	1974	1985
3	1974	1972	1991
3	1988	1983	1985
3	1985	1974	1991
3	1988	1985	1991
3	19	18	34
3	17	19	51
3	19	34	51
3	51	34	65
3	51	65	73
3	65	34	91
3	34	87	91
3	86	65	91
3	184	182	226
3	209	184	238
3	184	226	238
3	256	226	247
3	256	247	273
3	238	226	283
3	226	256	283
3	283	256	295
3	295	256	311
3	295	311	356
3	1628	1665	1674
3	1674	1665	1712
3	1701	1674	1712
3	1665	1727	1712
3	1701	1712	1755
3	1712	1727	1779
3	1755	1712	1779
3	1890	1867	1917
3	1890	1917	1905
3	1905	1917	1942
3	1943	1942	1969
3	1969	1942	1972
3	1969	1972	1974
3	1942	1956	1972
3	266	238	283
3	240	266	284
3	266	283	292
3	284	266	309
3	292	283	295
3	266	292	309
3	309	292	327
3	292	295	327
3	284	309	330
3	327	295	338
3	330	309	327
3	338	295	356
3	350	330	327
3	350	327	384
3	384	327	394
3	327	338	394
3	338	356	397
3	350	384	409
3	384	394	409
3	394	338	422
3	409	394	422
3	338	397	422
3	409	422	440
3	402	409	440
3	440	422	445
3	422	397	445
3	440	445	467
3	467	445	486
3	486	517	527
3	1628	1578	1629
3	1568	1578	1631
3	1578	1628	1631
3	1631	1628	1674
3	1632	1631	1674
3	1674	1701	1632
3	1632	1701	1709
3	1632	1709	1713
3	1709	1701	1755
3	284	330	297
3	297	330	350
3	297	350	380
3	351	357	368
3	357	297	380
3	368	357	380
3	380	350	402
3	380	402	368
3	402	350	409
3	368	402	418
3	377	368	418
3	418	402	429
3	418	429	449
3	429	402	440
3	440	467	429
3	418	449	488
3	429	467	449
3	467	486	487
3	449	467	487
3	449	487	502
3	488	449	510
3	449	502	510
3	487	486	527
3	502	487	527
3	510	502	610
3	502	527	610
3	527	554	618
3	610	527	618
3	554	585	640
3	1244	1199	1266
3	1256	1244	1266
3	1234	1256	1265
3	1200	1234	1265
3	1234	1244	1256
3	1233	1244	1264
3	1228	1234	1200
3	1206	1244	1233
3	736	731	766
3	692	736	759
3	731	750	766
3	719	731	736
3	701	733	719
3	701	706	733
3	692	719	736
3	691	719	733
3	691	668	719
3	668	674	719
3	1996	1984	1990
3	1964	1966	1990
3	1964	1990	1984
3	1981	1976	1990
3	1981	1990	1966
3	1968	1964	1984
3	1966	1971	1981
3	1968	1930	1964
3	1964	1950	1966
3	1966	1949	1971
3	1928	1966	1950
3	1938	1949	1966
3	1938	1966	1928
3	1950	1937	1928
3	1930	1950	1964
3	1938	1889	1949
3	1919	1937	1950
3	1930	1919	1950
3	1922	1889	1938
3	1919	1916	1937
3	1922	1938	1928
3	1757	1740	1771
3	1769	1737	1787
3	1737	1725	1787
3	1740	1769	1771
3	1740	1737	1769
3	1720	1740	1757
3	1720	1737	1740
3	1697	1725	1737
3	1720	1697	1737
3	1728	1681	1720
3	1681	1728	1710
3	1681	1697	1720
3	1644	1681	1710
3	1681	1662	1697
3	1662	1677	1697
3	1644	1662	1681
3	1256	1266	1315
3	1266	1281	1302
3	1245	1302	1281
3	1242	1281	1266
3	1243	1245	1281
3	1245	1268	1302
3	1211	1243	1281
3	1245	1203	1268
3	1201	1245	1243
3	752	708	795
3	765	737	752
3	731	737	750
3	719	674	731
3	737	718	752
3	718	708	752
3	731	718	737
3	674	718	731
3	674	708	718
3	1916	1928	1937
3	1916	1894	1928
3	1894	1901	1928
3	1901	1911	1928
3	1898	1894	1916
3	1907	1898	1916
3	1811	1898	1907
3	1847	1894	1898
3	1811	1847	1898
3	1847	1858	1894
3	1770	1761	1843
3	1787	1725	1801
3	1725	1751	1801
3	1732	1747	1770
3	1751	1732	1770
3	1751	1702	1732
3	1725	1702	1751
3	1725	1721	1702
3	1697	1677	1725
3	1677	1721	1725
3	1677	1668	1721
3	1666	1702	1721
3	1173	1245	1201
3	1122	1139	1203
3	1122	1203	1245
3	1173	1122	1245
3	1157	1122	1173
3	1128	1157	1173
3	1159	1128	1173
3	1039	1122	1157
3	1128	1069	1157
3	1069	1039	1157
3	1085	1069	1128
3	1069	1020	1039
3	837	840	907
3	840	824	907
3	907	795	872
3	795	907	824
3	795	797	872
3	840	816	824
3	824	816	795
3	816	765	795
3	744	797	795
3	765	752	795
3	708	744	795
3	1822	1858	1847
3	1761	1811	1843
3	1753	1822	1847
3	1811	1753	1847
3	1761	1753	1811
3	1770	1747	1761
3	1719	1753	1761
3	1747	1719	1761
3	1714	1719	1747
3	1732	1708	1747
3	1702	1708	1732
3	1708	1714	1747
3	1708	1678	1714
3	1666	1708	1702
3	1666	1678	1708
3	1039	1076	1122
3	1020	1069	1085
3	1014	1020	1085
3	1016	958	1039
3	1020	1016	1039
3	1014	967	1020
3	967	1016	1020
3	1016	950	958
3	967	950	1016
3	872	908	950
3	950	908	958
3	907	872	950
3	907	950	967
3	837	907	976
3	976	907	967
3	1939	1860	1929
3	1860	1910	1929
3	1815	1841	1860
3	1841	1910	1860
3	1815	1796	1841
3	1133	1188	1228
3	1200	1133	1228
3	1170	1192	1215
3	1158	1133	1200
3	1158	1192	1170
3	1133	1134	1188
3	1118	1134	1133
3	1094	1133	1158
3	1155	1094	1158
3	1094	1118	1133
3	1094	1052	1118
3	1155	1029	1094
3	1029	1030	1094
3	1030	1052	1094
3	1030	1026	1052
3	1026	1027	1052
3	1029	933	1030
3	933	1026	1030
3	928	846	1026
3	1026	847	928
3	933	847	1026
3	847	798	928
3	798	803	928
3	751	798	847
3	798	778	803
3	754	847	933
3	754	751	847
3	751	747	798
3	747	745	798
3	1939	1970	1971
3	1949	1941	1971
3	1941	1939	1971
3	1860	1939	1941
3	1891	1860	1941
3	1846	1860	1891
3	1848	1846	1891
3	1846	1815	1860
3	1846	1791	1815
3	1777	1763	1846
3	1791	1794	1815
3	1763	1791	1846
3	1791	1788	1794
3	1794	1796	1815
3	1764	1763	1777
3	1763	1748	1791
3	1736	1764	1777
3	1744	1763	1764
3	1763	1744	1748
3	1716	1764	1736
3	1728	1748	1744
3	1716	1744	1764
3	1710	1728	1744
3	1716	1710	1744
3	1240	1265	1315
3	1240	1308	1270
3	1192	1240	1270
3	1200	1265	1240
3	1192	1158	1240
3	1158	1200	1240
3	717	709	754
3	709	751	754
3	751	691	747
3	691	733	747
3	709	691	751
3	626	691	709
3	626	627	691
3	1891	1941	1949
3	1911	1922	1928
3	1696	1710	1716
3	1696	1644	1710
3	1240	1315	1308
3	1266	1302	1315
3	1203	1139	1220
3	1122	1076	1139
3	1858	1822	1868
3	1714	1678	1719
3	1039	958	1076
3	1215	1192	1269
3	1155	1158	1170
3	949	933	1029
3	822	780	933
3	780	754	933
3	1270	1308	1350
3	1192	1270	1269
3	700	717	754
3	1853	1831	1871
3	1831	1828	1871
3	104	106	153
3	121	98	106
3	101	56	104
3	104	121	106
3	56	121	104
3	87	56	101
3	87	66	56
3	56	59	121
3	52	56	66
3	42	56	52
3	59	29	61
3	38	52	66
3	42	52	38
3	56	42	59
3	42	30	59
3	59	30	29
3	38	30	42
3	1885	1892	1924
3	1892	1879	1914
3	1885	1879	1892
3	1823	1844	1879
3	1885	1823	1879
3	1828	1823	1885
3	1820	1828	1831
3	1820	1823	1828
3	153	152	169
3	152	155	169
3	98	141	152
3	152	141	155
3	106	152	153
3	106	98	152
3	110	141	98
3	98	81	110
3	121	81	98
3	81	93	110
3	81	61	93
3	59	81	121
3	59	61	81
3	994	983	1999
3	994	1999	1028
3	994	926	983
3	926	952	983
3	877	994	1028
3	1276	1263	1327
3	1248	1207	1276
3	1276	1207	1263
3	1207	1219	1263
3	1999	1207	1248
3	1207	1187	1219
3	1999	1187	1207
3	1999	1116	1187
3	1105	1028	1999
3	1999	983	1116
3	877	926	994
3	877	814	926
3	926	814	952
3	793	814	877
3	793	779	814
3	779	774	814
3	729	779	793
3	703	774	779
3	690	703	779
3	703	721	774
3	729	690	779
3	656	703	690
3	703	657	721
3	656	657	703
3	1424	1447	1423
3	1384	1401	1395
3	1332	1424	1423
3	1401	1332	1423
3	1332	1401	1384
3	1354	1327	1384
3	1327	1263	1384
3	1263	1332	1384
3	636	616	657
3	657	616	661
3	656	636	657
3	654	636	656
3	559	636	654
3	559	616	636
3	559	558	616
3	538	558	559
3	1489	1488	1495
3	1495	1488	1545
3	1501	1486	1495
3	1485	1495	1486
3	1474	1473	1486
3	1447	1485	1486
3	1473	1447	1486
3	1423	1447	1473
3	1440	1423	1473
3	1440	1401	1423
3	538	535	558
3	542	538	559
3	493	538	542
3	493	535	538
3	493	524	535
3	493	481	524
3	491	457	493
3	450	481	493
3	457	450	493
3	457	416	450
3	416	457	439
3	1715	1682	1730
3	1695	1682	1715
3	1651	1634	1695
3	1634	1682	1695
3	1634	1663	1682
3	1622	1634	1651
3	1634	1594	1663
3	1594	1645	1663
3	1622	1651	1643
3	1622	1594	1634
3	1594	1617	1645
3	1548	1617	1594
3	1594	1622	1593
3	1559	1594	1593
3	1559	1548	1594
3	1560	1617	1548
3	1548	1529	1560
3	1559	1523	1548
3	1529	1545	1560
3	1523	1529	1548
3	1529	1495	1545
3	1495	1529	1523
3	1520	1501	1523
3	1501	1495	1523
3	415	416	439
3	424	450	416
3	416	374	424
3	374	367	424
3	415	376	416
3	376	374	416
3	345	374	376
3	317	376	362
3	376	317	345
3	367	374	345
3	345	360	367
3	1695	1715	1704
3	1688	1679	1698
3	1698	1651	1704
3	1690	1651	1698
3	1651	1695	1704
3	1679	1690	1698
3	1688	1686	1679
3	1643	1651	1690
3	1686	1635	1679
3	1679	1643	1690
3	1633	1635	1686
3	1635	1609	1679
3	1609	1643	1679
3	1585	1622	1643
3	1633	1562	1635
3	1609	1585	1643
3	1573	1609	1635
3	1562	1573	1635
3	333	328	362
3	328	317	362
3	324	305	345
3	324	345	317
3	310	324	317
3	286	310	317
3	271	328	333
3	286	317	328
3	271	286	328
3	310	305	324
3	263	305	310
3	286	263	310
3	237	263	286
3	237	242	263
3	1612	1633	1686
3	1612	1541	1633
3	1541	1562	1633
3	1582	1541	1612
3	1538	1562	1541
3	1514	1541	1582
3	1498	1538	1541
3	1514	1498	1541
3	1496	1471	1514
3	1471	1498	1514
3	1496	1421	1471
3	1461	1421	1496
3	1421	1426	1471
3	1421	1403	1426
3	561	503	523
3	508	561	544
3	522	508	544
3	508	503	561
3	508	492	503
3	497	492	508
3	497	475	492
3	427	438	497
3	465	427	497
3	438	475	497
3	438	437	475
3	435	427	465
3	438	403	437
3	412	438	427
3	412	403	438
3	385	412	427
3	392	385	427
3	385	387	412
3	392	370	385
3	370	348	385
3	370	372	363
3	348	370	363
3	321	348	363
3	271	237	286
3	361	363	372
3	18	29	30
3	1105	1999	1248
3	1486	1501	1505
3	1474	1440	1473
3	519	491	493
3	1585	1593	1622
3	1523	1559	1535
3	362	376	404
3	387	403	412
3	1538	1573	1562
3	1538	1557	1573
3	1153	1152	1186
3	723	635	734
3	670	635	723
3	635	683	734
3	635	639	683
3	635	615	639
3	583	591	635
3	591	615	635
3	378	375	382
3	361	372	375
3	378	365	375
3	336	322	378
3	331	336	378
3	322	314	378
3	314	365	378
3	344	365	314
3	131	112	138
3	112	102	138
3	90	112	139
3	102	123	128
3	74	90	139
3	90	102	112
3	90	69	102
3	35	69	90
3	74	35	90
3	35	8	69
3	35	74	28
3	28	3	35
3	35	3	8
3	12	3	28
3	1190	1295	1262
3	1190	1169	1295
3	1152	1156	1190
3	1156	1169	1190
3	1156	1112	1169
3	1112	1125	1169
3	1195	1127	1209
3	811	844	935
3	901	811	935
3	26	45	50
3	50	45	62
3	48	78	100
3	1881	1872	1904
3	298	269	312
3	1718	1742	1743
3	1743	1742	1798
3	1798	1816	1838
3	1838	1816	1863
3	1872	1838	1886
3	1838	1863	1886
3	1932	1863	1906
3	1932	1906	1944
3	107	129	137
3	1760	1795	1842
3	1842	1795	1827
3	200	165	214
3	200	243	250
3	236	200	250
3	1590	1587	1611
3	1586	1590	1638
3	340	329	337
3	1375	1351	1417
3	513	514	533
3	1351	1333	1389
3	1333	1385	1389
3	1351	1389	1404
3	1351	1404	1417
3	1404	1389	1434
3	1417	1404	1434
3	553	532	600
3	578	533	607
3	533	553	607
3	607	553	651
3	553	600	650
3	651	553	650
3	607	651	662
3	1333	1291	1385
3	1291	1287	1385
3	1287	1311	1399
3	1385	1287	1399
3	1385	1399	1432
3	1389	1385	1432
3	1389	1432	1434
3	1399	1469	1467
3	1432	1399	1467
3	1434	1432	1460
3	532	574	600
3	600	574	603
3	600	603	660
3	650	600	660
3	660	603	679
3	660	679	699
3	679	748	699
3	1209	1218	1273
3	1209	1273	1311
3	1209	1311	1287
3	1273	1344	1311
3	1311	1344	1399
3	1399	1344	1469
3	603	574	686
3	574	648	686
3	679	603	686
3	686	648	755
3	679	686	741
3	741	686	786
3	686	755	786
3	679	741	748
3	811	748	844
3	844	748	741
3	741	786	844
3	844	945	935
3	935	945	1003
3	1003	945	1115
3	1003	1115	1127
3	1115	1144	1218
3	1115	1218	1127
3	1209	1127	1218
3	1273	1218	1292
3	1218	1144	1283
3	1292	1218	1283
3	1273	1292	1344
3	1344	1292	1353
3	786	865	945
3	844	786	945
3	865	1002	945
3	945	1002	1115
3	1115	1002	1144
3	24	26	41
3	41	26	50
3	24	41	46
3	41	50	55
3	41	55	46
3	55	50	77
3	77	50	62
3	79	55	77
3	62	100	113
3	62	113	77
3	100	78	126
3	100	126	113
3	77	113	115
3	163	126	181
3	126	116	181
3	113	126	163
3	115	113	172
3	172	113	163
3	174	172	196
3	172	163	207
3	163	206	207
3	225	207	206
3	1729	1735	1766
3	1792	1729	1766
3	1792	1766	1818
3	1766	1798	1818
3	1792	1818	1859
3	1845	1792	1850
3	1850	1792	1859
3	1818	1838	1872
3	1818	1872	1881
3	1859	1818	1881
3	1888	1859	1881
3	1859	1888	1850
3	1850	1888	1909
3	1909	1888	1931
3	1909	1931	1952
3	1921	1909	1952
3	1931	1888	1940
3	1952	1931	1940
3	1921	1952	1951
3	1952	1940	1953
3	1952	1953	1960
3	1952	1960	1977
3	1977	1960	1980
3	1951	1952	1977
3	1960	1958	1980
3	1977	1980	1973
3	23	25	24
3	31	25	23
3	24	25	26
3	25	31	33
3	26	25	32
3	32	25	33
3	32	33	60
3	33	31	49
3	33	49	82
3	33	82	60
3	32	60	68
3	63	32	68
3	60	82	92
3	68	60	92
3	68	92	96
3	63	68	97
3	68	96	97
3	92	82	105
3	78	63	116
3	97	96	107
3	63	97	116
3	126	78	116
3	181	116	164
3	181	164	220
3	163	181	206
3	181	220	229
3	206	181	229
3	225	206	248
3	229	220	269
3	248	206	229
3	248	229	301
3	248	301	294
3	229	269	298
3	229	298	301
3	294	301	298
3	294	298	323
3	1613	1606	1667
3	1606	1660	1667
3	1606	1692	1660
3	1667	1660	1680
3	1660	1692	1711
3	1660	1711	1680
3	1711	1692	1718
3	1705	1680	1729
3	1711	1718	1743
3	1680	1711	1743
3	1729	1680	1735
3	1680	1743	1735
3	1735	1743	1766
3	1766	1743	1798
3	1818	1798	1838
3	1816	1821	1863
3	1863	1821	1877
3	1877	1821	1873
3	1873	1893	1877
3	1863	1877	1906
3	1877	1893	1927
3	1877	1927	1906
3	1897	1900	1927
3	1893	1897	1927
3	1906	1927	1944
3	1944	1927	1965
3	1958	1932	1944
3	1958	1944	1980
3	1944	1965	1980
3	1980	1965	1973
3	1951	1977	1973
3	92	105	108
3	96	92	111
3	107	96	111
3	111	108	125
3	111	125	129
3	125	165	129
3	298	312	359
3	312	332	359
3	298	359	364
3	323	298	364
3	359	332	379
3	364	359	398
3	359	379	407
3	359	407	398
3	400	398	407
3	400	407	423
3	1580	1567	1575
3	1580	1575	1595
3	1580	1595	1605
3	1575	1586	1595
3	1605	1595	1606
3	1595	1607	1606
3	1607	1595	1586
3	1613	1605	1606
3	1606	1607	1692
3	1692	1607	1657
3	1842	1827	1873
3	1821	1842	1873
3	1873	1827	1865
3	1873	1865	1897
3	1865	1864	1897
3	1893	1873	1897
3	125	108	162
3	165	125	179
3	125	162	179
3	179	162	197
3	165	179	214
3	179	197	214
3	214	197	223
3	197	162	222
3	200	214	243
3	243	214	223
3	332	341	379
3	379	341	406
3	379	406	408
3	379	408	407
3	407	408	441
3	423	407	441
3	441	408	458
3	408	406	458
3	423	441	474
3	458	406	462
3	474	441	534
3	1521	1493	1537
3	1493	1507	1532
3	1493	1532	1537
3	1537	1532	1577
3	1532	1587	1590
3	1567	1537	1577
3	1577	1532	1590
3	1575	1567	1577
3	1586	1575	1577
3	1586	1577	1590
3	1731	1790	1806
3	1795	1731	1806
3	1806	1790	1814
3	1790	1758	1814
3	1795	1806	1827
3	1806	1814	1827
3	1814	1834	1864
3	1827	1814	1865
3	1814	1864	1865
3	223	197	253
3	197	222	253
3	243	223	278
3	223	253	278
3	243	278	288
3	250	243	281
3	243	288	281
3	288	278	307
3	281	288	329
3	288	307	329
3	329	307	337
3	337	307	346
3	1152	1038	1156
3	1038	1112	1156
3	1112	1096	1125
3	760	801	804
3	734	760	804
3	831	734	804
3	707	740	760
3	734	693	760
3	693	707	760
3	683	693	734
3	693	647	707
3	647	666	707
3	272	322	336
3	322	274	314
3	274	322	272
3	274	290	314
3	274	245	290
3	251	245	274
3	272	251	274
3	232	251	272
3	251	215	245
3	230	251	232
3	230	215	251
3	230	202	215
3	188	202	230
3	189	215	202
3	140	166	189
3	109	140	189
3	130	74	139
3	72	74	130
3	27	74	72
3	44	72	76
3	27	28	74
3	44	27	72
3	27	12	28
3	44	11	27
3	11	12	27
3	11	0	12
3	6	0	11
3	0	2	4
3	0	4	12
3	4	3	12
3	1235	1299	1341
3	1189	1275	1295
3	1189	1235	1275
3	1189	1176	1235
3	1169	1189	1295
3	1169	1100	1189
3	1143	1176	1189
3	1100	1143	1189
3	1125	1100	1169
3	1100	1074	1143
3	1081	1100	1125
3	1081	1074	1100
3	1096	1081	1125
3	974	1074	1081
3	1096	971	1081
3	971	995	1081
3	995	974	1081
3	971	900	995
3	900	909	995
3	913	974	995
3	909	913	995
3	804	801	890
3	909	770	913
3	900	870	909
3	870	770	909
3	890	870	900
3	801	870	890
3	801	740	870
3	740	711	870
3	711	770	870
3	801	760	740
3	702	711	740
3	707	702	740
3	646	711	702
3	666	702	707
3	675	646	702
3	666	675	702
3	593	646	675
3	188	190	202
3	190	189	202
3	190	185	189
3	136	189	185
3	188	177	190
3	177	185	190
3	177	154	185
3	154	136	185
3	136	134	189
3	134	109	189
3	133	154	177
3	133	94	154
3	94	136	154
3	88	140	109
3	84	109	134
3	84	134	136
3	94	84	136
3	85	94	133
3	84	83	109
3	43	94	85
3	83	88	109
3	67	76	88
3	67	88	83
3	67	83	84
3	39	44	76
3	39	76	67
3	54	15	67
3	54	57	15
3	37	43	58
3	37	57	43
3	15	39	67
3	39	11	44
3	54	43	57
3	37	21	57
3	21	15	57
3	15	11	39
3	7	11	15
3	7	6	11
3	7	21	10
3	21	7	15
3	1299	1235	1300
3	1258	1250	1300
3	1235	1258	1300
3	1165	1250	1258
3	1235	1176	1258
3	1175	1165	1258
3	1176	1175	1258
3	1120	1165	1175
3	1143	1175	1176
3	1143	1059	1175
3	1074	1059	1143
3	1059	1120	1175
3	1059	1086	1120
3	1074	1022	1059
3	1074	1008	1022
3	974	1008	1074
3	929	1059	1022
3	929	993	1059
3	1022	988	929
3	988	1022	1008
3	974	988	1008
3	974	913	988
3	929	891	993
3	929	875	891
3	875	929	988
3	913	875	988
3	770	875	913
3	753	875	770
3	753	828	891
3	875	753	891
3	638	753	770
3	711	638	770
3	753	628	608
3	638	628	753
3	646	638	711
3	593	638	646
3	94	54	84
3	43	54	94
3	54	67	84
3	1059	993	1086
3	993	1000	1086
3	451	488	539
3	463	451	539
3	1972	1948	1991
3	1956	1948	1972
3	1918	1948	1956
3	1942	1918	1956
3	38	87	34
3	34	18	38
3	1991	1948	1979
3	1948	1967	1979
3	1955	1988	1979
3	1967	1955	1979
3	1954	1955	1967
3	1936	1955	1954
3	1936	1934	1955
3	1948	1918	1954
3	1924	1961	1955
3	1934	1924	1955
3	1918	1936	1954
3	1924	1892	1961
3	1882	1936	1918
3	1926	1924	1934
3	1926	1899	1924
3	1854	1882	1918
3	1895	1899	1926
3	1871	1899	1895
3	1853	1882	1854
3	1882	1871	1895
3	1871	1828	1899
3	1882	1853	1871
3	87	38	66
3	38	18	30
3	1885	1924	1899
3	1899	1828	1885
3	1279	1262	1295
3	1262	1279	1261
3	189	166	215
3	140	147	166
3	130	139	147
3	88	147	140
3	76	72	88
3	1275	1235	1341
3	520	593	675
3	1299	1300	1343
3	628	638	593
3	463	539	565
3	1979	1988	1991
3	1955	1961	1988
3	1997	1986	1996
3	1992	1986	1997
3	1987	1992	1997
3	1992	1933	1986
3	1933	1968	1986
3	1962	1933	1992
3	1915	1933	1962
3	1915	1840	1933
3	1840	1876	1933
3	1206	1199	1244
3	1119	1184	1199
3	1199	1142	1119
3	1142	1199	1206
3	1178	1123	1142
3	1119	1132	1184
3	1119	1109	1132
3	1048	1142	1123
3	1004	1119	1142
3	1004	1109	1119
3	1048	1004	1142
3	1048	1123	1060
3	987	1048	1060
3	1048	917	1004
3	987	925	1048
3	925	917	1048
3	917	859	1004
3	859	874	1004
3	942	894	987
3	894	925	987
3	832	925	894
3	832	917	925
3	832	859	917
3	817	812	859
3	839	832	894
3	832	817	859
3	839	766	832
3	766	817	832
3	839	776	766
3	766	784	817
3	750	784	766
3	776	736	766
3	1933	1930	1968
3	1933	1876	1930
3	1930	1884	1919
3	1876	1830	1930
3	1830	1884	1930
3	1830	1870	1884
3	1830	1832	1870
3	1840	1830	1876
3	1812	1830	1840
3	1812	1787	1830
3	1771	1769	1812
3	1769	1787	1812
3	1246	1211	1242
3	1199	1242	1266
3	1242	1204	1246
3	1183	1211	1246
3	1204	1183	1246
3	1184	1204	1242
3	1199	1184	1242
3	1121	1183	1204
3	1184	1132	1204
3	1132	1121	1204
3	874	859	812
3	750	807	830
3	784	750	830
3	817	784	812
3	750	789	807
3	750	737	789
3	1870	1907	1919
3	1884	1870	1919
3	1870	1832	1907
3	1787	1832	1830
3	1832	1770	1843
3	1787	1801	1832
3	1801	1770	1832
3	1211	1201	1243
3	1149	1183	1121
3	1159	1201	1211
3	1183	1159	1211
3	1179	1159	1183
3	1179	1135	1159
3	1149	1179	1183
3	1137	1179	1172
3	1137	1135	1179
3	1135	1128	1159
3	1137	1113	1135
3	1135	1085	1128
3	1058	1085	1135
3	842	861	905
3	861	835	837
3	842	835	861
3	800	835	842
3	837	789	840
3	789	837	835
3	789	816	840
3	800	789	835
3	810	800	842
3	799	800	810
3	789	765	816
3	789	800	807
3	807	799	815
3	800	799	807
3	789	737	765
3	1113	1058	1135
3	1033	1058	1113
3	1091	1033	1113
3	1014	1085	1058
3	1033	999	1058
3	999	1014	1058
3	999	976	1014
3	964	999	1033
3	964	919	999
3	999	919	976
3	912	919	964
3	919	861	976
3	861	837	976
3	912	861	919
3	905	861	912
3	1923	1920	1947
3	1198	1208	1241
3	1198	1161	1208
3	1111	1161	1131
3	778	732	823
3	732	783	823
3	732	715	783
3	684	681	732
3	681	715	732
3	802	776	839
3	1975	1978	1989
3	1970	1975	1989
3	1978	1962	1987
3	1957	1963	1978
3	1959	1978	1975
3	1963	1962	1978
3	1959	1957	1978
3	1957	1935	1963
3	1929	1959	1975
3	1923	1957	1959
3	1923	1947	1957
3	1946	1923	1959
3	1929	1946	1959
3	1947	1935	1957
3	1925	1935	1947
3	1887	1920	1923
3	1912	1935	1925
3	1920	1925	1947
3	1929	1910	1946
3	1910	1923	1946
3	1875	1925	1920
3	1910	1887	1923
3	1887	1875	1920
3	1875	1826	1925
3	1910	1849	1887
3	1826	1912	1925
3	1849	1875	1887
3	1839	1849	1910
3	1804	1826	1875
3	1849	1804	1875
3	1810	1804	1849
3	1810	1849	1839
3	1804	1809	1826
3	1796	1839	1841
3	1796	1810	1839
3	1804	1797	1809
3	1799	1804	1810
3	1799	1797	1804
3	1796	1799	1810
3	1264	1247	1277
3	1247	1297	1277
3	1247	1241	1297
3	1228	1247	1264
3	1238	1264	1277
3	1228	1188	1247
3	1247	1198	1241
3	1206	1264	1238
3	1188	1198	1247
3	1134	1198	1188
3	1131	1161	1198
3	1134	1131	1198
3	1134	1099	1131
3	1099	1097	1131
3	1097	1111	1131
3	1099	1068	1097
3	1097	1068	1060
3	1052	1068	1099
3	1027	934	1068
3	1052	1027	1068
3	934	1060	1068
3	1026	846	1027
3	846	934	1027
3	934	894	942
3	867	894	934
3	846	867	934
3	867	854	894
3	826	823	850
3	854	826	850
3	854	839	894
3	826	854	867
3	846	826	867
3	803	826	846
3	826	803	823
3	803	778	823
3	761	692	759
3	745	732	778
3	747	706	745
3	684	732	745
3	722	684	692
3	706	680	745
3	680	684	745
3	692	680	719
3	680	701	719
3	701	680	706
3	684	680	692
3	1994	1987	1997
3	1989	1978	1994
3	1962	1992	1987
3	1929	1975	1970
3	1915	1962	1963
3	1935	1915	1963
3	1935	1840	1915
3	1819	1812	1840
3	1244	1234	1264
3	1178	1142	1206
3	759	736	776
3	733	706	747
3	1242	1211	1281
3	1919	1907	1916
3	1832	1811	1907
3	1843	1811	1832
3	1751	1770	1801
3	1159	1173	1201
3	976	967	1014
3	1841	1839	1910
3	1118	1099	1134
3	1118	1052	1099
3	803	846	928
3	745	778	798
3	1889	1891	1949
3	1857	1883	1903
3	1883	1889	1922
3	1889	1848	1891
3	1856	1857	1903
3	1883	1852	1889
3	1852	1848	1889
3	1857	1852	1883
3	1852	1846	1848
3	1777	1852	1857
3	1777	1846	1852
3	1689	1696	1716
3	1689	1653	1696
3	1662	1640	1677
3	1653	1644	1696
3	1644	1640	1662
3	1653	1620	1644
3	1627	1620	1653
3	1620	1626	1644
3	1644	1626	1640
3	1470	1418	1478
3	1406	1418	1470
3	1368	1347	1418
3	1406	1368	1418
3	1308	1368	1406
3	1350	1308	1406
3	1368	1302	1347
3	1315	1302	1368
3	1302	1268	1347
3	1308	1315	1368
3	1347	1268	1322
3	1268	1220	1322
3	1268	1203	1220
3	343	339	358
3	1767	1808	1775
3	395	410	448
3	1478	1457	1509
3	1509	1497	1533
3	1555	1533	1588
3	1856	1903	1896
3	1465	1406	1470
3	1689	1716	1736
3	1786	1777	1857
3	262	306	319
3	318	331	339
3	620	670	738
3	923	986	970
3	249	171	233
3	255	203	262
3	249	233	299
3	233	319	299
3	255	262	319
3	299	319	318
3	315	299	318
3	318	319	306
3	315	318	343
3	318	339	343
3	567	540	581
3	581	583	620
3	567	581	631
3	620	583	670
3	631	581	620
3	631	620	697
3	645	631	697
3	620	738	697
3	645	697	739
3	697	738	739
3	739	738	821
3	820	739	821
3	819	820	899
3	899	820	902
3	820	821	902
3	944	899	992
3	899	902	992
3	902	821	970
3	821	923	970
3	902	970	992
3	992	970	1021
3	992	1021	944
3	1021	970	1054
3	1051	1021	1054
3	1021	1051	1168
3	1021	1168	1095
3	1168	1051	1150
3	1150	1051	1166
3	1226	1150	1166
3	1226	1166	1306
3	1306	1166	1316
3	1231	1226	1306
3	1306	1316	1358
3	1231	1306	1355
3	1355	1306	1363
3	1306	1358	1363
3	1316	1282	1358
3	1282	1377	1358
3	1355	1363	1396
3	1396	1358	1400
3	1363	1358	1396
3	1396	1400	1452
3	1522	1512	1556
3	1564	1522	1556
3	1564	1556	1598
3	1598	1556	1599
3	1598	1599	1649
3	410	444	459
3	459	444	469
3	459	469	498
3	498	469	584
3	528	498	584
3	584	469	509
3	584	509	567
3	584	567	629
3	629	567	631
3	645	629	631
3	629	672	637
3	672	629	645
3	688	637	672
3	688	672	728
3	672	645	739
3	672	739	820
3	792	728	672
3	672	820	819
3	792	672	819
3	728	792	775
3	819	899	792
3	775	792	908
3	775	908	872
3	908	792	954
3	954	792	899
3	908	954	958
3	1011	899	944
3	954	1011	1019
3	954	1019	958
3	958	1019	1076
3	1011	944	1095
3	944	1021	1095
3	1019	1011	1107
3	1011	1095	1107
3	1076	1019	1139
3	1139	1019	1107
3	1107	1095	1168
3	1168	1150	1107
3	1107	1150	1231
3	1197	1107	1251
3	1107	1231	1251
3	1150	1226	1231
3	1301	1197	1334
3	1197	1251	1334
3	1251	1231	1366
3	1366	1231	1355
3	1334	1251	1366
3	1366	1355	1388
3	1334	1366	1359
3	1388	1355	1396
3	1366	1388	1359
3	1388	1396	1452
3	1359	1388	1456
3	1456	1388	1475
3	1388	1452	1475
3	1475	1452	1483
3	1497	1475	1551
3	1456	1475	1497
3	1475	1483	1551
3	1551	1483	1522
3	1551	1522	1540
3	1539	1551	1540
3	1522	1539	1540
3	1539	1522	1564
3	1551	1539	1572
3	1572	1539	1604
3	1539	1564	1598
3	1539	1598	1604
3	1572	1604	1630
3	1619	1572	1630
3	1630	1604	1648
3	1604	1598	1642
3	1619	1630	1636
3	1598	1649	1642
3	1636	1630	1648
3	1678	1636	1648
3	1604	1642	1648
3	1636	1678	1666
3	1672	1648	1642
3	1678	1648	1672
3	1672	1642	1683
3	1693	1678	1672
3	1678	1693	1719
3	1672	1699	1724
3	1672	1724	1693
3	1719	1693	1739
3	1693	1724	1739
3	1739	1724	1749
3	1719	1739	1780
3	1753	1719	1780
3	1739	1749	1767
3	1739	1775	1780
3	1775	1739	1767
3	1753	1780	1775
3	1753	1775	1822
3	1822	1775	1808
3	1822	1808	1862
3	1822	1862	1868
3	448	410	459
3	459	498	448
3	448	498	528
3	483	448	528
3	531	483	528
3	531	528	566
3	531	566	606
3	566	528	584
3	566	584	599
3	566	599	606
3	599	584	629
3	599	629	637
3	630	606	599
3	630	599	658
3	658	599	637
3	658	637	710
3	637	688	710
3	658	710	744
3	710	688	728
3	775	710	728
3	710	775	744
3	797	744	775
3	797	775	872
3	1197	1139	1107
3	1139	1197	1220
3	1220	1197	1301
3	1322	1220	1301
3	1359	1301	1334
3	1322	1301	1359
3	1347	1322	1382
3	1322	1359	1382
3	1347	1382	1418
3	1359	1429	1382
3	1382	1429	1418
3	1429	1359	1456
3	1429	1457	1418
3	1429	1456	1457
3	1418	1457	1478
3	1457	1456	1497
3	1457	1497	1509
3	1533	1497	1551
3	1533	1551	1572
3	1588	1533	1572
3	1619	1588	1572
3	1588	1619	1620
3	1619	1626	1620
3	1623	1588	1620
3	1636	1626	1619
3	1626	1636	1640
3	1636	1666	1640
3	1640	1668	1677
3	1668	1640	1666
3	1668	1666	1721
3	1868	1862	1878
3	1868	1878	1880
3	1858	1868	1880
3	1858	1880	1901
3	1862	1896	1902
3	1878	1862	1902
3	1894	1858	1901
3	1880	1878	1902
3	1901	1880	1911
3	1911	1880	1903
3	1880	1902	1903
3	1896	1903	1902
3	1911	1883	1922
3	1883	1911	1903
3	555	531	609
3	555	609	627
3	531	606	609
3	626	555	627
3	606	630	609
3	627	609	668
3	609	630	674
3	674	630	744
3	744	630	658
3	668	609	674
3	627	668	691
3	674	744	708
3	1623	1620	1627
3	1408	1430	1455
3	1869	1850	1908
3	285	321	326
3	1570	1568	1591
3	1485	1489	1495
3	372	370	392
3	1186	1152	1190
3	361	375	365
3	129	107	111
3	111	92	108
3	1954	1967	1948
3	1234	1228	1264
3	1206	1233	1264
3	233	255	319
3	954	899	1011
3	1249	1274	1318
3	1318	1274	1337
3	682	640	712
3	682	712	757
3	618	640	682
3	618	554	640
