-0.15252	0.38775	-0.0096925
-0.16665	0.38713	-0.035054
-0.21194	0.38593	-0.17807
-0.18951	0.38481	-0.19709
-0.17034	0.38073	-0.20136
-0.12971	0.36901	0.0045606
-0.16432	0.38114	-0.15909
-0.20248	0.38311	-0.15347
-0.19268	0.38253	-0.063683
-0.24023	0.3785	-0.17936
-0.20345	0.37958	-0.027161
-0.19739	0.38002	0.015151
-0.13082	0.36233	-0.1735
-0.24256	0.37218	-0.22981
-0.17889	0.37726	0.041717
-0.18631	0.36717	-0.246
-0.16026	0.39345	0.0084037
-0.1645	0.36015	-0.24469
-0.13002	0.36165	-0.027367
-0.17517	0.37192	-0.073484
-0.22483	0.3773	0.021979
-0.20908	0.3658	-0.083725
-0.21548	0.36103	-0.12661
-0.18799	0.36376	-0.11627
-0.1261	0.35636	-0.13286
-0.15193	0.36225	-0.11996
-0.23102	0.37177	0.060328
-0.13404	0.36316	-0.19612
-0.26206	0.3613	-0.19227
-0.16211	0.36207	-0.10241
-0.1268	0.35587	-0.069214
-0.18787	0.36615	0.077045
-0.23798	0.35455	-0.14616
-0.25701	0.36514	0.025004
-0.15547	0.35987	0.054638
-0.22982	0.37435	-0.022419
-0.19802	0.35507	-0.10293
-0.2202	0.37036	-0.050958
-0.12121	0.3469	-0.10386
-0.12223	0.35275	-0.00016349
-0.18776	0.32641	-0.28273
-0.22598	0.3516	-0.25912
-0.27038	0.35036	-0.018261
-0.23161	0.35036	-0.071625
-0.28274	0.33162	-0.21678
-0.16358	0.35222	0.098588
-0.2699	0.35648	0.077183
-0.14216	0.34291	0.057006
-0.25472	0.32565	-0.12583
-0.10599	0.33539	-0.1773
-0.24937	0.35778	0.097478
-0.13401	0.34601	-0.22317
-0.19439	0.34099	0.13156
-0.24923	0.34238	0.12823
-0.098026	0.3329	-0.13065
-0.14962	0.3178	-0.25849
-0.12554	0.33306	-0.033489
-0.13029	0.31161	0.045805
-0.22368	0.34197	-0.10039
-0.28333	0.34255	0.034408
-0.21868	0.34603	0.12239
-0.1036	0.33364	-0.080214
-0.11566	0.33577	-0.062746
-0.26746	0.34049	-0.18029
-0.28451	0.31911	-0.23404
-0.27553	0.33746	0.11761
-0.29005	0.33983	-0.0009905
-0.14117	0.33569	0.079967
-0.23275	0.32167	-0.089648
-0.12131	0.33432	-0.0092834
-0.12028	0.28703	-0.2408
-0.24421	0.32471	-0.067268
-0.091484	0.3107	-0.17877
-0.15911	0.32559	0.12055
0.78246	0.26821	-0.17448
0.79801	0.25921	-0.16434
-0.084542	0.3075	-0.13921
-0.28126	0.33771	0.088304
0.79908	0.2582	-0.19322
0.78801	0.2586	-0.13487
0.76773	0.26719	-0.18833
-0.13471	0.31464	0.085887
-0.28061	0.31258	-0.030717
-0.20961	0.32085	-0.28333
0.78064	0.26209	-0.11012
-0.23857	0.30747	-0.097008
-0.13305	0.30085	-0.036287
-0.25418	0.32279	-0.26221
0.80279	0.24469	-0.22213
-0.24012	0.32417	0.13913
0.7463	0.2587	-0.1212
-0.29017	0.30844	-0.17216
0.64072	0.26445	-0.068977
-0.31198	0.31232	0.061649
0.55792	0.27287	-0.02483
0.66956	0.26473	-0.033822
0.60601	0.26873	-0.03328
0.73599	0.25322	-0.16135
-0.10251	0.29758	-0.21384
0.57561	0.2697	0.000956
0.75633	0.25598	-0.076541
-0.20502	0.31207	0.14437
-0.079454	0.28432	-0.16894
-0.30718	0.29034	-0.20413
0.74078	0.24749	-0.01599
0.54432	0.26782	0.014848
-0.274	0.313	0.13147
0.50965	0.26977	-0.010769
0.58247	0.26264	-0.063624
-0.30005	0.30412	0.10749
0.71687	0.25391	-0.087141
0.63326	0.26079	-0.0074726
0.77557	0.24848	-0.064197
-0.22807	0.28506	-0.088814
0.53153	0.26601	-0.039318
0.75337	0.25531	-0.20026
-0.25437	0.2933	0.15461
-0.14961	0.25525	-0.041315
-0.30294	0.32034	0.011447
-0.078061	0.2813	-0.13174
0.78321	0.21747	-0.064878
0.76795	0.24686	-0.0344
-0.13267	0.27748	0.019714
0.68408	0.25267	-0.057828
0.6825	0.25377	-0.014952
0.78897	0.22248	-0.22392
0.7222	0.24411	-0.14271
-0.16837	0.26499	-0.29359
0.53471	0.25342	-0.064898
0.6991	0.23814	-0.12458
0.51058	0.26271	0.021082
0.76085	0.22144	-0.21494
0.49088	0.25435	-0.038358
-0.30307	0.27902	-0.17321
-0.32003	0.29407	0.062252
0.70002	0.25067	-0.065537
0.5911	0.24188	0.03873
0.80439	0.22112	-0.21908
0.80931	0.2086	-0.1793
0.702	0.24312	-0.031379
-0.27903	0.27941	-0.032612
-0.28061	0.28012	-0.26979
0.64335	0.24498	0.010008
-0.090039	0.29377	-0.10305
0.71391	0.21695	-0.16113
-0.28655	0.29057	-0.14763
0.55507	0.23588	-0.0917
0.77466	0.20004	0.0025495
0.63284	0.24377	-0.11097
-0.2187	0.29382	0.15544
0.48227	0.25801	-3.6053e-05
0.79166	0.22418	-0.12129
0.73243	0.23023	-0.18785
0.659	0.24475	-0.10605
-0.25207	0.27658	-0.29373
-0.23151	0.27925	-0.074058
0.61306	0.23166	-0.13062
0.71055	0.22488	-0.013691
-0.3031	0.27694	-0.24344
0.66867	0.22105	-0.13952
0.58606	0.22897	-0.11948
0.52378	0.23135	-0.08258
-0.17604	0.27472	0.14641
-0.2998	0.28885	0.0088665
-0.25849	0.27686	-0.11193
-0.1598	0.28412	0.12651
-0.14708	0.27522	0.10882
-0.21556	0.25578	-0.31044
0.46164	0.23931	-0.027434
-0.22691	0.26836	-0.30569
0.24111	0.26466	0.080861
0.26025	0.26133	0.042407
0.65167	0.22427	0.024057
-0.2849	0.28873	0.14544
0.26976	0.25946	0.092996
0.51404	0.23973	0.054502
-0.26771	0.267	-0.042019
-0.31357	0.26897	-0.22862
-0.2163	0.26607	-0.086878
-0.0908	0.26414	-0.20139
0.29679	0.25055	0.018149
-0.12344	0.2474	-0.25183
0.25982	0.25574	0.025289
0.72439	0.2133	-0.0080079
-0.082176	0.23978	-0.15625
0.54814	0.2404	0.05375
0.20562	0.25574	0.085689
0.19565	0.25664	0.041143
0.45697	0.23983	-0.0032588
0.31501	0.25073	0.065444
0.47001	0.23328	0.040427
0.24277	0.25045	0.0055748
-0.13317	0.27727	0.066457
0.30665	0.24381	0.10339
-0.084259	0.24974	-0.11565
-0.10954	0.24709	-0.083609
0.19539	0.25613	0.062321
-0.28513	0.26544	-0.31271
0.2481	0.25361	0.11636
0.81225	0.21549	-0.20898
0.32905	0.24456	0.039219
0.47649	0.23367	-0.054503
0.2176	0.25429	0.11982
-0.33176	0.28108	0.079849
0.20635	0.24368	0.0002397
0.59413	0.20908	-0.14699
-0.16176	0.24117	-0.016451
-0.265	0.26815	0.1824
-0.30769	0.26412	0.0064456
-0.32625	0.26802	0.13479
0.18986	0.24108	0.0029783
0.69629	0.2092	-0.1502
0.22855	0.22493	0.15561
0.16336	0.23689	0.033676
-0.22718	0.24539	-0.058322
-0.29225	0.2427	-0.15273
0.73253	0.18807	-0.19593
-0.13371	0.24151	-0.063151
-0.33065	0.25159	-0.31623
0.34603	0.23593	0.070884
-0.31803	0.24613	-0.21676
0.34803	0.23371	0.085611
-0.1282	0.25695	0.074985
-0.25361	0.24981	-0.34427
0.32906	0.23298	0.098736
0.44188	0.22728	0.011474
0.43989	0.22798	0.041805
0.53179	0.2175	-0.10021
0.26833	0.23117	0.14111
0.21255	0.25038	0.1062
-0.21419	0.2744	0.16797
0.31716	0.22412	-0.025804
0.36191	0.23116	0.054557
0.18728	0.23404	0.10902
-0.10394	0.23842	-0.09545
-0.29163	0.262	-0.0088451
0.47559	0.2269	0.056709
0.78296	0.18836	-0.24412
-0.34118	0.26386	-0.28032
-0.35332	0.23771	-0.24492
-0.13775	0.25196	0.019578
-0.3125	0.2589	-0.18935
0.556	0.20776	-0.12632
0.3864	0.22021	0.027329
0.44186	0.22455	0.074325
0.22422	0.22919	-0.025253
0.40165	0.22668	0.045996
-0.13164	0.24563	0.030132
0.18148	0.201	0.1399
0.17096	0.23915	0.075768
0.57382	0.20969	0.0684
-0.25559	0.23764	-0.11453
0.61334	0.19686	-0.1623
-0.15199	0.2525	0.15589
-0.20003	0.2495	-0.088098
-0.092544	0.23373	-0.19396
0.38344	0.22755	0.065249
-0.20881	0.23376	-0.31212
-0.12181	0.24795	0.11439
0.28304	0.21989	-0.035525
-0.35265	0.25424	-0.25731
0.20677	0.23019	0.13566
0.66383	0.19753	-0.15237
0.42324	0.21103	-0.0098139
0.20964	0.21082	0.16004
-0.28178	0.24023	-0.3594
0.43892	0.21239	-0.028022
-0.21832	0.26425	0.1839
0.34844	0.22713	0.0042146
0.49072	0.21474	0.07305
0.53921	0.21657	0.072768
0.37806	0.21898	0.094121
0.62136	0.21049	0.047183
0.44741	0.2033	-0.050559
0.81892	0.18071	-0.21103
0.78278	0.18648	-0.0023978
-0.15873	0.22114	-0.2818
-0.25615	0.2406	-0.036489
0.35134	0.20569	-0.030942
0.1401	0.21849	0.058204
-0.34942	0.25663	0.098949
0.80423	0.19323	-0.25237
0.59113	0.19478	-0.16671
0.71073	0.18141	-0.1636
0.68987	0.18451	-0.15376
-0.29785	0.24588	-0.018053
0.31242	0.21438	0.13605
-0.32923	0.23829	-0.33354
-0.17091	0.23718	-0.0871
-0.33092	0.23787	0.021758
-0.30787	0.25592	0.20279
-0.16354	0.23809	-0.035869
-0.23251	0.2562	0.20977
-0.11232	0.24021	0.085454
0.25111	0.20717	-0.046632
0.44283	0.20777	0.097297
0.71127	0.19804	-0.0090898
0.31728	0.19618	-0.05476
0.37529	0.21046	0.0046318
-0.35363	0.24301	0.062807
-0.27422	0.25444	0.21511
0.37211	0.21008	0.10906
-0.19722	0.24288	-0.072808
-0.13403	0.23283	-0.086825
-0.2126	0.23302	-0.095081
-0.27491	0.23736	-0.025917
0.69338	0.19851	0.0077383
-0.31171	0.23101	-0.011998
0.48054	0.1899	-0.078591
-0.16975	0.24701	0.19284
-0.079716	0.23295	0.1418
-0.25746	0.25086	0.23962
-0.18373	0.24161	0.23021
-0.20714	0.20926	-0.31033
-0.37352	0.24053	-0.28013
-0.15704	0.24255	0.21396
-0.10681	0.23507	0.17081
-0.18108	0.23104	-0.034339
-0.3598	0.24054	0.18527
-0.20495	0.23425	-0.043847
-0.19333	0.21033	-0.29872
0.14161	0.20824	0.020757
-0.1076	0.22056	0.03493
-0.23371	0.22572	-0.10977
-0.099151	0.21954	-0.13487
-0.25374	0.21557	-0.37938
0.19456	0.19528	-0.032466
0.75704	0.17749	-0.00094267
-0.31253	0.21895	-0.21068
-0.35986	0.23685	-0.31027
-0.17514	0.22543	-0.02517
-0.22943	0.23036	-0.033418
-0.23418	0.2045	-0.37132
-0.36407	0.22499	-0.32789
-0.31206	0.26514	0.16644
-0.31862	0.24387	0.23472
0.14869	0.2123	0.10355
-0.32834	0.21614	-0.22575
-0.37229	0.23632	0.14317
0.41528	0.1836	-0.039436
0.50277	0.19184	0.085598
0.71516	0.17785	-0.017626
0.63162	0.17332	-0.16768
-0.11683	0.20922	-0.12703
-0.19637	0.22452	-0.1128
0.1611	0.19648	-0.012061
0.5429	0.18009	0.083637
-0.10484	0.21066	-0.18162
0.80867	0.16728	-0.22967
0.75298	0.16809	-0.21016
-0.17649	0.22959	-0.095097
-0.13621	0.22549	0.0047615
-0.38821	0.21359	-0.25566
0.58044	0.17093	-0.16631
-0.13815	0.20954	-0.25141
-0.39469	0.21202	0.11676
-0.29836	0.21264	-0.37436
0.53062	0.1812	-0.12178
-0.36869	0.23628	0.077637
-0.073255	0.21794	0.10299
0.78716	0.15344	-0.23038
-0.060791	0.21609	0.14835
-0.16014	0.21612	-0.14176
-0.18325	0.21909	-0.10151
-0.19378	0.22283	-0.14736
0.41348	0.19119	0.11587
-0.21801	0.24226	0.25307
0.44067	0.17687	0.11234
-0.08754	0.21758	0.21486
0.66296	0.16037	-0.1485
0.68842	0.17122	0.0058965
0.78815	0.16221	-0.057843
-0.25196	0.24126	0.25739
0.37694	0.18314	-0.025131
-0.21279	0.20727	-0.33557
0.73103	0.15979	-0.18727
-0.17849	0.22094	0.27898
-0.063128	0.22275	0.18637
-0.32365	0.23047	0.25528
-0.22701	0.22318	-0.14679
-0.34963	0.2068	-0.35007
0.20058	0.19313	0.15471
-0.14288	0.22847	0.2424
0.78185	0.14998	-0.038127
-0.35895	0.21321	-0.24125
-0.13276	0.20353	-0.13718
-0.12657	0.21621	-0.0085371
0.79781	0.13798	-0.098452
-0.15398	0.20894	-0.10862
-0.28505	0.21492	-0.16579
0.37384	0.18877	0.12353
0.68955	0.16397	-0.14677
-0.28636	0.22626	-0.026415
-0.21414	0.2259	0.28256
-0.39243	0.20018	-0.30489
0.25975	0.20021	0.16527
0.61289	0.18077	0.059464
0.1227	0.2063	0.070662
0.16757	0.21194	0.11923
-0.40354	0.21919	0.16641
0.49547	0.16392	-0.09934
-0.35883	0.23822	0.21224
-0.23093	0.2109	-0.18426
-0.35657	0.23261	0.2317
0.35041	0.17416	-0.056622
0.11463	0.20055	0.11325
-0.26973	0.21434	-0.1522
0.57715	0.16432	0.073389
0.66002	0.17392	-0.15527
-0.15129	0.20553	-0.18662
-0.24743	0.21047	-0.032723
0.65816	0.17992	0.02885
-0.37354	0.19449	0.021221
-0.27091	0.21906	0.29185
0.1138	0.19898	0.039532
-0.053476	0.19441	0.059716
-0.18599	0.18846	-0.27789
-0.13712	0.20825	0.27204
-0.34766	0.22397	0.0083853
-0.080916	0.20143	0.026053
-0.28838	0.20995	-0.047669
0.091409	0.20063	0.057181
-0.33	0.2211	-0.028053
-0.39626	0.21148	0.043871
0.76852	0.15636	-0.017185
-0.34766	0.22851	0.039942
0.80291	0.12293	-0.23807
0.75622	0.15126	-0.022449
-0.38934	0.22227	-0.26614
-0.14516	0.19293	-0.24567
0.21829	0.18346	-0.049063
0.80481	0.13742	-0.12386
0.81616	0.14028	-0.18716
0.498	0.16365	0.089999
0.44241	0.17492	-0.074332
0.26953	0.17465	-0.064014
0.71916	0.15516	-0.16322
0.10346	0.18196	0.14785
-0.2994	0.23071	0.26895
-0.34757	0.20565	-0.036736
-0.11778	0.18635	-0.048665
-0.19456	0.21558	-0.033539
0.71612	0.1573	-0.032753
-0.11395	0.20107	-0.16201
-0.28272	0.20363	-0.21474
0.78303	0.13489	-0.22844
-0.13498	0.19365	-0.19901
0.22037	0.19082	0.17132
-0.18791	0.19784	-0.21463
-0.028029	0.19618	0.13232
-0.38216	0.19191	0.022841
-0.30735	0.20075	-0.23368
-0.029896	0.19307	0.094481
0.60109	0.15746	-0.17315
0.41815	0.1519	-0.064539
0.62465	0.14918	-0.16775
0.54225	0.16097	-0.13494
0.073106	0.18552	0.030387
-0.046071	0.20303	0.17567
-0.27138	0.18032	-0.40059
-0.21101	0.19084	-0.29188
-0.32654	0.20865	0.2899
-0.16781	0.21289	-0.029948
0.70354	0.15488	-0.024341
0.05287	0.18577	0.067716
-0.22696	0.18952	-0.24573
-0.059638	0.17982	0.25134
-0.34671	0.18928	-0.25406
0.37888	0.17057	0.12675
-0.23605	0.18047	-0.051599
0.11379	0.18265	0.010986
-0.045489	0.17597	0.23443
-0.089567	0.19387	0.0015011
0.69991	0.14553	-0.12895
0.12635	0.17197	0.00074628
0.066754	0.19213	0.097652
-0.036105	0.18421	0.048888
0.19191	0.17551	0.16618
-0.15908	0.17674	-0.23352
-0.16357	0.18843	-0.061238
0.03578	0.19062	0.086221
-0.22602	0.18242	-0.34815
-0.20045	0.18245	-0.065841
-0.23778	0.18497	-0.37831
0.00089867	0.19336	0.13316
0.12709	0.1668	0.1713
-0.035591	0.17785	0.20844
-0.012809	0.18226	0.070822
0.46834	0.14368	-0.086988
-0.42666	0.1967	0.20291
0.064716	0.17868	0.1436
-0.26586	0.19476	-0.047349
0.80709	0.12512	-0.14099
0.55224	0.14081	-0.14109
-0.35471	0.17702	-0.35863
-0.33337	0.19097	-0.057074
-0.33341	0.17092	-0.38225
-0.24787	0.17682	-0.30146
-0.021612	0.19104	0.15934
0.36701	0.1422	-0.059751
-0.36614	0.20091	0.28326
-0.056975	0.18837	0.017827
-0.21837	0.18491	-0.27396
-0.28842	0.19014	-0.25297
-0.42023	0.19755	0.036206
0.68639	0.13355	-0.097262
0.64303	0.1359	0.027201
0.72557	0.13706	-0.15282
-0.22898	0.1778	-0.32706
0.60007	0.13346	-0.16447
0.019114	0.16944	0.051723
0.75325	0.14097	-0.048109
0.31972	0.15728	-0.068976
0.80736	0.11617	-0.15502
0.31461	0.16215	0.15618
0.67387	0.13682	-0.11263
-0.39212	0.17573	-0.32595
0.26273	0.15037	0.17075
0.27191	0.13863	-0.067019
0.24293	0.17442	0.1771
-0.015255	0.18179	0.18073
0.70353	0.14276	-0.049951
0.78848	0.12359	-0.11698
-0.29918	0.18064	-0.38755
0.65241	0.14359	-0.13784
0.57978	0.1366	-0.16027
-0.27248	0.18215	-0.27754
0.74853	0.11893	-0.18686
-0.37065	0.17459	-0.34777
0.024398	0.17916	0.1618
0.70319	0.1355	-0.095868
-0.33764	0.18355	-0.26518
-0.1852	0.17084	-0.25652
-0.18864	0.20092	0.29887
-0.39672	0.20547	0.24526
-0.36851	0.20092	0.002459
0.13849	0.16197	-0.0097947
0.18185	0.16326	-0.036536
0.69851	0.13531	-0.073058
-0.29824	0.16376	-0.052198
0.60092	0.1402	0.060256
-0.066907	0.17406	-0.010865
0.76509	0.12671	-0.20719
0.76134	0.12617	-0.11119
-0.38539	0.17977	-0.2752
-0.30631	0.18995	0.31614
0.73421	0.12878	-0.10683
0.61633	0.1244	-0.1363
0.036394	0.16107	0.027336
0.55764	0.13996	0.075935
-0.3689	0.19374	-0.031751
0.74419	0.12338	-0.15778
-0.36605	0.17309	-0.070808
-0.44951	0.18239	0.19196
0.66445	0.12523	-0.011703
0.41806	0.14631	0.11599
0.46694	0.1407	0.096569
0.23723	0.152	0.16974
0.37451	0.1426	0.12777
-0.057307	0.16754	0.0026452
-0.42694	0.18944	0.025491
0.81007	0.13091	-0.22341
0.65868	0.11608	-0.088065
0.083119	0.1592	0.17536
-0.43967	0.17293	0.086302
0.75656	0.11882	-0.14594
-0.042562	0.16845	0.024538
-0.19247	0.16565	0.33463
-0.018557	0.15449	0.22521
-0.24204	0.16251	-0.35191
-0.24422	0.18682	0.32528
0.2234	0.14366	-0.055888
0.17564	0.12951	0.18892
0.42218	0.13184	-0.067902
-0.32305	0.16374	-0.30811
-0.34262	0.14962	-0.38137
0.66897	0.11917	-0.05432
0.33637	0.12621	0.1428
0.56551	0.12231	-0.13682
0.63246	0.11796	-0.12163
0.23511	0.1623	-0.059583
-0.13801	0.14768	-0.089506
0.11264	0.1399	-0.027284
0.082095	0.15906	-0.008078
0.64334	0.11311	-0.10389
-0.14672	0.1905	0.29844
-0.029943	0.15085	0.23302
-0.40347	0.18467	-0.28892
0.49081	0.12989	-0.088502
-0.39142	0.17032	-0.30478
-0.27844	0.16188	-0.39991
-0.3621	0.16926	0.31346
-0.075514	0.1457	-0.055055
0.20538	0.14678	0.1767
0.80085	0.11241	-0.17913
0.5505	0.1106	0.065521
0.0071726	0.1625	0.21353
-0.3696	0.15694	-0.31772
0.7693	0.1056	-0.17818
0.0091913	0.15006	0.02161
0.58689	0.11919	-0.133
-0.39588	0.16602	-0.061111
-0.23846	0.16424	-0.059712
-0.40648	0.1811	0.27197
0.49357	0.12308	0.074516
-0.1954	0.16253	-0.079979
0.13654	0.12663	-0.012587
0.31803	0.11986	-0.068814
-0.30627	0.16376	-0.38361
0.50087	0.11286	-0.085609
-0.38089	0.15269	-0.33752
0.062418	0.15263	0.20665
0.37583	0.11116	0.11218
-0.26599	0.15596	-0.06388
-0.348	0.15419	-0.343
-0.04306	0.13992	-0.018464
-0.25722	0.15423	-0.39106
-0.45336	0.16865	0.064113
-0.27075	0.15179	-0.35581
-0.46165	0.16316	0.12401
0.63827	0.11667	0.01443
0.219	0.12404	0.17407
-0.33262	0.16924	0.32708
0.63523	0.10543	-0.071536
0.037179	0.12923	-0.0078077
0.58322	0.10991	-0.10043
0.4529	0.11733	0.088586
-0.44361	0.16937	0.22951
-0.14585	0.14389	0.33167
-0.061019	0.14865	0.28464
-0.30032	0.14755	-0.36528
0.021921	0.14263	0.23097
0.56575	0.11027	-0.11219
0.10695	0.14217	0.18337
0.61456	0.10116	-0.1004
-0.24697	0.15904	0.34976
0.58706	0.10484	0.05103
-0.51156	0.15572	-0.10992
-0.46237	0.15775	0.10071
0.0022033	0.14662	0.23729
-0.30739	0.15223	-0.3752
-0.57597	0.15295	-0.15008
0.63574	0.10456	-0.01403
-0.45636	0.17349	0.027582
-0.54835	0.15175	-0.11073
-0.40515	0.16596	-0.01018
-0.33439	0.14108	-0.36773
0.50799	0.11143	0.067396
-0.38863	0.15647	0.31577
0.27785	0.12666	0.16204
-0.38202	0.15593	-0.085898
0.42512	0.10598	-0.059087
0.24873	0.11681	0.14986
-0.23972	0.13157	-0.083728
0.0847	0.12799	0.21697
-0.02254	0.11424	0.26458
-0.45845	0.17649	0.16809
0.51553	0.099443	-0.073541
0.62148	0.09422	-0.068645
-0.4237	0.15787	0.0074208
0.36402	0.11363	-0.061314
-0.48115	0.15369	0.067188
-0.51902	0.15071	-0.12877
0.15988	0.14083	-0.023417
-0.46153	0.1544	0.01262
0.55273	0.097139	-0.061348
0.39294	0.10077	0.09764
-0.12184	0.11523	-0.097274
-0.48128	0.15342	0.039837
0.066235	0.11525	0.24192
-0.41403	0.1502	-0.085423
-0.3907	0.1431	-0.10924
-0.55106	0.12914	-0.16125
-0.5955	0.13465	-0.15189
0.13385	0.10083	-0.028399
0.14195	0.10828	0.19773
0.17119	0.09436	-0.018543
0.42827	0.091101	-0.046401
0.29538	0.11467	0.15313
-0.49182	0.14117	0.019362
0.18814	0.10751	0.18968
-0.44286	0.14058	-0.071888
-0.46635	0.14024	-0.088528
0.47596	0.10236	0.060518
-0.4422	0.13933	-0.019164
0.58306	0.088964	-0.062835
0.55786	0.09071	0.047528
-0.42751	0.14259	0.29017
0.33726	0.10803	0.12586
-0.1123	0.13485	0.32079
-0.53118	0.1478	-0.095929
-0.3618	0.12333	-0.081006
-0.47252	0.12798	0.00091694
-0.16515	0.11834	-0.10059
-0.50044	0.12871	0.12374
-0.4497	0.13548	-0.11348
-0.44963	0.11999	0.27597
-0.006122	0.13298	-0.004113
-0.37864	0.13743	-0.11272
0.58539	0.085918	0.016647
0.47813	0.082829	-0.042103
-0.31312	0.11993	0.35923
-0.47874	0.14481	-0.11935
0.26945	0.10134	-0.05807
-0.043477	0.12546	0.27966
-0.51527	0.12635	-0.13655
0.05407	0.095408	-0.038972
0.56178	0.082825	-0.031216
-0.3461	0.14535	0.34098
-0.58544	0.11656	-0.16856
-0.28033	0.1363	-0.06434
-0.37575	0.13467	-0.13906
-0.043822	0.10811	-0.043607
-0.481	0.15067	0.18526
-0.459	0.13104	-0.014118
0.0081828	0.10021	-0.026561
0.34502	0.091924	-0.055136
-0.2272	0.13311	0.35954
0.10285	0.12606	-0.030601
-0.25898	0.1071	-0.073822
0.23865	0.1101	0.15421
-0.35627	0.12363	-0.15441
-0.36491	0.12611	-0.16527
-0.51857	0.11967	0.0297
0.46524	0.089394	0.040627
-0.46544	0.13157	-0.060377
-0.068373	0.10804	0.31341
-0.46747	0.13139	-0.12834
0.025287	0.10803	0.26034
-0.42066	0.11876	-0.15822
-0.32059	0.11486	-0.077336
0.54752	0.076742	0.011574
-0.28128	0.13552	0.35728
-0.49094	0.13405	0.10127
0.53222	0.078167	0.029565
0.31778	0.088386	0.11279
-0.36323	0.11637	-0.1086
0.45179	0.07932	-0.024401
0.10786	0.10791	0.21632
0.49712	0.074833	-0.0015107
-0.29939	0.10056	-0.079365
-0.50098	0.1086	-0.044188
0.44142	0.078912	0.012433
-0.47298	0.134	0.23349
-0.00071685	0.12123	0.26246
-0.34741	0.098888	-0.19586
0.2382	0.081072	-0.038931
-0.11277	0.11575	0.33209
0.36979	0.083396	-0.042776
-0.48751	0.11786	-0.13505
0.26066	0.087683	0.12023
-0.56494	0.12516	-0.10443
-0.21792	0.11234	-0.089206
0.42558	0.076495	-0.015461
-0.18037	0.11009	0.36033
-0.050826	0.090364	0.2914
-0.065095	0.091302	-0.06109
0.34416	0.059278	0.068084
-0.27258	0.092134	-0.082127
0.31085	0.071173	-0.048346
-0.53515	0.11696	-0.072454
0.39025	0.074893	0.063135
-0.47815	0.1156	-0.155
-0.50681	0.12697	0.064424
0.28703	0.083282	0.10289
0.20434	0.084921	0.17981
0.15376	0.08379	-0.013962
0.17387	0.070586	-0.0041997
-0.50353	0.11184	-0.16508
-0.48281	0.12702	-0.057851
-0.38426	0.1051	-0.19407
-0.28358	0.11065	0.37051
0.014693	0.088383	0.27926
-0.33564	0.092336	-0.17117
-0.44025	0.1117	-0.16346
0.053963	0.095781	0.25532
-0.49604	0.12258	0.19363
-0.33276	0.10277	-0.093924
0.27767	0.061943	0.050406
-0.54201	0.11963	-0.17282
-0.51236	0.11564	0.09566
-0.53046	0.1025	0.040115
-0.42799	0.10097	-0.19881
0.38597	0.070926	-0.015809
-0.34227	0.097956	-0.12959
-0.57759	0.10791	-0.11443
0.29914	0.07119	0.075209
-0.0904	0.093172	0.33218
0.15677	0.070724	-0.027907
0.34865	0.066378	-0.034356
-0.006222	0.089579	0.27811
-0.50542	0.09221	0.0020851
0.39268	0.06496	0.018729
0.10175	0.078825	0.23687
0.22888	0.065046	-0.018997
0.32539	0.052391	0.054216
-0.40989	0.092898	-0.2215
-0.3302	0.087549	-0.26017
0.22682	0.063098	0.14616
0.17158	0.058508	-0.0071135
0.24273	0.080105	0.1285
-0.51772	0.10057	-0.059055
0.12608	0.05113	-0.048962
-0.12301	0.082222	-0.10137
-0.35971	0.096653	-0.21815
-0.38538	0.123	0.33356
-0.3416	0.088863	-0.28241
-0.51416	0.1075	0.15751
0.018802	0.080049	-0.043282
0.3631	0.05561	0.0416
-0.59393	0.11873	-0.15512
0.17392	0.061758	0.20349
-0.56796	0.11776	-0.17101
0.20833	0.064598	0.38084
-0.47411	0.09742	-0.16328
-0.35968	0.085231	-0.25477
-0.52711	0.099097	0.075215
-0.021226	0.085536	0.27527
-0.49267	0.10274	-0.015864
-0.54867	0.094206	-0.1654
-0.14842	0.070948	-0.10499
-0.083598	0.072192	-0.070516
-0.42202	0.10372	0.32066
-0.54107	0.096892	-0.097127
-0.24678	0.084721	-0.078594
-0.36046	0.10412	0.35563
0.24585	0.064825	0.10211
-0.29144	0.077356	-0.094676
0.29626	0.05855	0.036589
0.070081	0.06579	-0.05221
-0.01116	0.066252	-0.061031
-0.33076	0.078055	-0.30812
-0.22467	0.072307	-0.078653
-0.5285	0.097919	0.020926
-0.44615	0.088099	-0.18656
0.13496	0.074103	0.21645
0.1945	0.061439	0.19061
-0.49797	0.084365	-0.1385
-0.40418	0.092659	0.34079
-0.49607	0.092038	0.23184
-0.32523	0.085058	-0.28809
-0.045622	0.057959	-0.073997
-0.44527	0.092726	0.30259
0.22466	0.061483	0.38697
-0.52452	0.087833	-0.089351
0.24027	0.050562	0.077859
-0.31775	0.079991	-0.21732
0.34946	0.053186	0.0060025
-0.51252	0.096854	-0.15221
0.32776	0.04852	0.010736
-0.57023	0.093553	-0.13894
0.03469	0.055093	-0.061836
-0.30669	0.076615	-0.11475
0.33501	0.048741	0.03251
-0.35036	0.070576	-0.32598
-0.52258	0.089411	-0.12215
-0.37422	0.084412	0.35655
-0.079404	0.077439	0.31557
-0.54942	0.088918	-0.13954
-0.324	0.083531	-0.17344
-0.37567	0.086412	-0.22463
-0.52472	0.085867	0.14886
-0.42828	0.082864	-0.22318
-0.31675	0.07919	0.37314
-0.51052	0.083169	0.20667
0.059873	0.064714	0.25856
-0.53051	0.083904	0.067187
0.20528	0.048028	0.38817
0.23912	0.060696	0.35831
0.27904	0.053583	0.3152
-0.31195	0.059242	-0.31347
0.28163	0.05928	-0.02691
-0.18327	0.075188	0.37198
0.28262	0.045273	0.020711
-0.44285	0.069079	-0.19915
0.16638	0.03908	-0.02992
0.21451	0.041751	0.35376
-0.29685	0.050923	-0.29286
-0.097335	0.049632	-0.07251
-0.46026	0.061519	-0.19187
0.22571	0.034941	0.038921
0.27857	0.048786	0.27476
-0.52551	0.086673	0.11087
-0.2797	0.054546	-0.21746
-0.51293	0.076481	-0.033878
-0.34469	0.04574	-0.34527
0.26063	0.051423	0.31046
0.27407	0.048507	0.35219
0.23128	0.040827	0.32229
0.060555	0.039872	-0.073118
-0.24636	0.087331	0.37838
-0.41266	0.061794	-0.23821
-0.50738	0.079072	-0.11097
0.19051	0.03836	-0.0091952
0.22102	0.041099	0.14565
-0.12053	0.069944	0.35126
0.2675	0.047392	0.24335
0.23827	0.033666	0.068701
-0.022323	0.038243	-0.071646
-0.3006	0.060745	-0.26006
0.22734	0.04909	0.20718
0.023018	0.039053	-0.069896
0.24769	0.046669	0.23996
0.21399	0.056326	0.17429
-0.39993	0.062302	-0.24321
0.24804	0.042151	0.20609
-0.5164	0.077023	-0.067637
0.22353	0.039621	0.23806
0.035757	0.038147	0.26796
0.22212	0.032116	0.14938
-0.22484	0.055361	0.37854
-0.16324	0.045687	-0.095631
-0.50246	0.06573	-0.12531
0.13904	0.033588	0.23013
0.24923	0.043886	0.28474
0.11149	0.041195	-0.059663
0.21612	0.027475	0.035513
0.29944	0.032735	0.28147
0.19123	0.0501	0.014282
-0.27798	0.04134	-0.25016
0.085697	0.022675	-0.070583
-0.12061	0.050948	0.33124
-0.54527	0.063214	0.026068
-0.28778	0.059764	0.38015
0.29195	0.038383	0.33535
-0.28683	0.047989	-0.15857
0.2634	0.039055	0.37859
-0.13803	0.044365	-0.098121
0.15932	0.035375	0.22217
0.053952	0.04437	0.2683
-0.46878	0.10813	0.26109
0.081769	0.035358	0.25461
-0.387	0.050424	-0.26188
-0.064968	0.037463	0.31248
0.22123	0.0227	0.075391
0.11779	0.050431	0.23487
0.19541	0.044855	0.22165
0.28444	0.031227	0.22861
0.25399	0.016568	0.19
0.23381	0.025314	0.29713
-0.14244	0.055861	0.36143
-0.53357	0.054704	0.13285
-0.47396	0.066491	0.27663
-0.25343	0.039353	-0.10052
-0.3827	0.04576	-0.27964
-0.10871	0.031335	-0.076252
0.2312	0.020444	0.27537
0.30727	0.025609	0.28936
0.2784	0.019552	0.21522
-0.47503	0.041512	-0.17751
-0.43866	0.038517	-0.20971
0.012344	0.029646	0.2764
-0.42048	0.051435	0.34057
-0.13522	0.039915	0.35348
-0.35047	0.02542	-0.34645
-0.54267	0.057491	0.065878
-0.27334	0.043286	-0.11323
-0.27396	0.030656	-0.15894
-0.52887	0.041873	-0.044275
0.29349	0.015132	0.33982
-0.50623	0.06002	0.23441
-0.55052	0.053277	0.037086
0.2341	0.024732	0.37621
0.14394	0.023229	-0.057509
-0.53358	0.033767	-0.00053608
-0.36267	0.055416	0.36886
-0.2639	0.031928	-0.22605
0.20817	0.012085	0.027825
-0.36928	0.036246	-0.33311
0.21546	0.026464	0.34664
-0.491	0.04303	-0.16006
0.13287	0.00050624	-0.067189
-0.42058	0.032525	-0.23612
0.10123	-0.00090909	-0.071612
-0.24288	0.060517	0.38205
-0.45081	0.044728	0.31173
-0.19117	0.043114	0.37655
-0.020008	0.014728	0.29043
0.30706	0.014179	0.29991
0.18788	0.0046391	-0.02594
0.20246	-0.0025059	0.049663
-0.32728	0.030002	-0.33889
0.21741	0.001018	0.25577
-0.12045	0.030191	0.33337
-0.52515	0.051392	0.18786
-0.18574	0.030034	-0.08008
-0.2852	0.031203	-0.27881
-0.12385	0.016404	-0.080278
0.21873	0.010389	0.3625
-0.51293	0.042749	-0.12041
-0.15863	0.017363	-0.081165
-0.14574	0.036562	0.3651
-0.077779	0.0032072	-0.076639
-0.25978	0.012371	-0.22686
0.2308	0.0025051	0.16008
-0.30563	0.0023112	-0.31902
0.04828	0.015929	0.27301
0.26432	-0.0068373	0.35041
0.21481	0.012305	0.12277
0.29442	0.00012605	0.24886
-0.52779	0.025133	-0.086078
-0.396	0.018411	-0.26805
-0.33895	0.0091447	-0.34072
-0.26351	0.0048248	-0.24524
-0.39964	0.025248	0.35461
0.014335	0.013776	-0.071753
-0.48226	0.025097	0.27367
0.051062	0.009425	-0.077498
-0.036009	3.7647e-05	-0.073074
-0.50459	0.026879	-0.1342
-0.37959	0.0078441	-0.30926
0.18987	0.015453	0.23471
-0.26358	0.025891	-0.11459
-0.26779	0.010916	-0.12884
0.23486	-0.0043909	0.34198
-0.081706	2.9719e-05	0.32615
-0.25596	-0.0052609	-0.10213
0.22981	-0.00064892	0.31301
0.20304	-0.0050102	0.0085086
0.25085	-0.0085056	0.18991
0.30246	-0.0049255	0.29228
-0.54288	0.030928	0.10633
-0.10928	-0.0010513	-0.072603
0.22836	-0.0016494	0.27962
-0.32824	0.040751	0.37826
-0.28867	0.0010405	-0.28265
0.16817	-0.0045349	-0.047905
-0.42352	0.0020708	-0.23629
0.28284	-0.00090615	0.34352
-0.50644	0.030486	0.24116
-0.53572	0.022396	0.13459
-0.1959	-0.0016596	-0.077112
0.2806	-0.01979	0.23474
-0.53385	-0.0032046	-0.094863
-0.54727	0.020461	0.061009
-0.12573	-0.0012249	-0.080527
-0.44065	0.01605	-0.21262
0.19805	-0.012973	0.077205
0.19705	-0.016739	-0.013501
-0.27302	0.0018491	-0.1471
-0.0035612	-0.0025091	0.29276
-0.27253	0.0035761	-0.17762
0.20818	-0.033335	0.15422
0.15778	-0.022985	-0.049505
0.044962	-0.018256	-0.071659
0.2397	-0.01565	0.2981
0.17451	-0.019342	0.22761
0.14979	-0.01335	0.22764
-0.53339	0.016693	0.17881
0.19432	-0.0058708	0.23884
0.22079	-0.017678	0.25359
0.20172	-0.024482	0.03491
-0.27631	0.018481	0.38544
0.12331	-0.01412	0.23337
-0.35832	0.0043311	-0.33588
-0.15146	-0.01232	-0.089355
-0.083189	-0.010109	0.33286
0.15713	-0.044204	-0.0092696
-0.26874	-0.0068025	-0.21497
0.134	-0.025429	-0.063103
-0.52158	0.003453	-0.11792
-0.46361	0.0066333	-0.19831
-0.39538	-0.0038507	-0.25098
-0.54198	0.0052467	0.090517
-0.11818	0.00093558	0.35358
0.26002	-0.024154	0.30606
0.28582	-0.021583	0.29765
-0.030611	-0.039375	-0.06247
0.035365	-0.016599	0.27101
-0.054376	-0.013122	0.30769
-0.19879	0.0055307	0.38048
-0.55446	0.0095902	0.038492
-0.23924	0.0027115	0.38233
-0.30963	0.010811	0.37835
0.019784	-0.031928	-0.064161
-0.47809	-0.030883	-0.18022
0.20336	-0.016201	0.10839
0.21134	-0.031562	0.23211
0.14378	-0.049179	-0.035985
0.21976	-0.025725	0.17231
-0.454	-0.012393	-0.20526
-0.53607	0.0046504	-0.052379
-0.52041	-0.0004859	0.21115
-0.50579	-0.018253	-0.15013
-0.27438	-0.012895	-0.11776
-0.34997	0.0145	0.37399
-0.53347	-0.010893	-0.003896
-0.29176	-0.024684	-0.18726
0.20535	-0.043813	0.14061
0.22446	-0.032268	0.059954
0.20417	-0.033016	0.034231
-0.2797	-0.012418	-0.16327
0.23378	-0.032281	0.24689
-0.030058	-0.021791	0.29163
0.21144	-0.036573	0.18645
-0.53718	-0.00083732	0.14745
-0.41081	-0.013241	0.34584
-0.49056	-0.0016926	-0.16426
0.15292	-0.035318	0.22235
-0.42379	-0.022037	-0.238
0.090688	-0.015514	0.25006
-0.44387	-0.021902	-0.22781
0.095875	-0.043531	-0.058279
0.21323	-0.045131	0.08682
0.26485	-0.035192	0.24958
-0.2851	-0.018305	-0.25112
-0.28484	-0.028871	-0.225
0.050503	-0.040971	-0.063654
-0.52141	-0.011791	-0.13146
-0.53569	-0.005872	0.1223
-0.54206	-0.027758	0.083363
-0.073935	-0.051979	-0.056124
-0.44147	0.010184	0.32371
0.23962	-0.050656	0.021703
-0.12897	-0.034477	-0.095535
-0.31595	-0.0091902	-0.31741
-0.21935	-0.033462	-0.072509
0.24528	-0.037781	0.23922
0.29516	-0.058497	0.026124
0.19822	-0.038161	0.20568
-0.0032787	-0.032017	0.28484
-0.12823	-0.051767	0.34984
-0.53289	-0.005655	-0.026558
0.0047885	-0.04762	-0.059139
-0.54918	-0.011516	-0.14484
-0.3944	-0.024838	-0.23296
-0.35419	-0.041841	-0.28913
-0.55003	0.014134	0.018016
0.18282	-0.037546	0.012933
-0.55222	-0.02693	0.036302
-0.15	-0.018999	0.36511
-0.3054	-0.034027	-0.14704
-0.31368	-0.031135	-0.28815
-0.30459	-0.031449	-0.24335
-0.31895	-0.040763	-0.24884
-0.45239	-0.049331	-0.18751
-0.55969	-0.029683	-0.16918
-0.093808	-0.037214	0.33962
-0.5415	-0.015296	-0.074686
-0.061349	-0.037136	0.31353
-0.31612	-0.038187	0.36891
-0.58714	-0.031103	-0.15755
-0.58345	-0.023192	-0.12537
-0.54689	-0.011585	-0.11011
-0.36736	-0.043141	-0.27418
0.20757	-0.022345	0.067468
-0.090199	-0.059877	-0.060694
0.19192	-0.049829	0.18905
-0.23766	0.0046337	-0.094367
-0.30228	-0.039265	-0.11452
-0.37408	-0.044039	-0.23665
-0.12426	-0.056691	-0.096048
0.16919	-0.042741	0.21227
0.19509	-0.055004	0.0091264
0.16202	-0.064285	-0.0077906
-0.19478	-0.041792	0.3726
0.060754	-0.059244	-0.046137
-0.44494	-0.03773	-0.22359
-0.23191	-0.040861	-0.07281
0.25401	-0.067477	-0.0012665
-0.32186	-0.048162	-0.20775
0.32991	-0.076008	0.016536
0.30297	-0.086187	-0.015904
-0.49593	-0.027876	0.24308
-0.53909	-0.02277	-0.058911
-0.54516	-0.025224	0.057816
-0.35603	-0.041931	0.36049
-0.50174	-0.035831	-0.15538
0.18405	-0.062966	0.1874
0.096078	-0.061896	0.23585
-0.15983	-0.052487	-0.10458
-0.24759	-0.037223	0.37709
0.12279	-0.077518	-0.023303
-0.29565	-0.033984	0.37635
-0.54379	-0.022989	0.010123
0.066843	-0.066031	0.2458
-0.28831	-0.054872	-0.088728
-0.39818	-0.049288	-0.21334
0.10272	-0.066798	-0.039729
-0.35191	-0.054141	-0.2604
-0.52672	-0.0398	-0.044385
-0.33312	-0.049392	-0.13564
0.22578	-0.089982	-0.023829
-0.51567	-0.038731	-0.02237
-0.56407	-0.045816	-0.1779
-0.12997	-0.082289	-0.1007
-0.56224	-0.038957	-0.076303
0.20125	-0.074787	0.16785
-0.37214	-0.05304	-0.21728
-0.34556	-0.051885	-0.21127
-0.047233	-0.047975	0.28874
0.030703	-0.055955	-0.045974
0.32938	-0.082681	0.081624
0.31465	-0.072412	0.033342
0.35065	-0.076426	0.043909
-0.01538	-0.075592	0.26698
-0.5251	-0.036261	0.17332
-0.52411	-0.042329	0.12638
-0.342	-0.058655	-0.17819
0.27167	-0.072842	0.057217
-0.33895	-0.053082	-0.23707
0.23357	-0.077762	0.10305
-0.021843	-0.062552	-0.04176
0.12149	-0.072848	0.22261
-0.49388	-0.053072	-0.15439
0.37559	-0.09144	0.04081
0.17721	-0.08483	0.19432
-0.52534	-0.030984	-0.0023807
0.14873	-0.099024	0.21105
-0.35622	-0.058044	-0.21606
0.345	-0.087453	0.0020941
0.22111	-0.073107	0.13769
-0.063444	-0.09012	-0.032725
0.017254	-0.065371	0.25923
-0.44273	-0.025422	0.31357
-0.59897	-0.038705	-0.14063
-0.35484	-0.062511	-0.14225
0.088685	-0.10037	-0.025559
0.19077	-0.074869	-0.0077215
-0.56991	-0.057273	-0.086492
-0.5914	-0.051618	-0.17234
0.35542	-0.09243	0.081733
-0.50805	-0.050781	-0.0019188
-0.52351	-0.052152	0.011392
0.31284	-0.09209	0.11848
0.2401	-0.084236	0.144
0.50169	-0.10199	0.0057186
-0.21131	-0.070318	-0.090492
0.02438	-0.081604	-0.033287
0.27028	-0.089692	0.099015
-0.25417	-0.062055	-0.075137
0.38848	-0.11102	0.0027469
0.54181	-0.10588	0.021431
-0.54035	-0.043063	-0.17246
-0.080542	-0.082096	0.31821
-0.51495	-0.046767	0.20174
-0.58008	-0.077365	-0.15831
0.26469	-0.089257	0.17047
-0.54069	-0.054442	-0.064093
0.4935	-0.1024	0.021592
0.29717	-0.092356	0.14859
-0.37736	-0.071284	-0.19674
-0.54306	-0.039571	0.028839
0.54555	-0.10694	0.00038512
-0.53309	-0.049045	0.064123
0.47707	-0.1087	-0.0033868
0.28994	-0.10673	-0.038793
0.50184	-0.11368	-0.024175
-0.50746	-0.058156	-0.13045
0.53773	-0.11432	-0.03104
0.13482	-0.10332	-0.014323
-0.33702	-0.071501	-0.099023
-0.16957	-0.086497	0.35494
-0.39846	-0.066287	0.32894
-0.023521	-0.087721	-0.019087
0.39653	-0.10728	0.050674
0.38614	-0.10605	0.073655
0.24714	-0.097019	0.18885
-0.48332	-0.078764	0.22489
-0.44169	-0.066177	0.29173
0.59001	-0.12364	-0.023506
0.56107	-0.11168	0.028472
0.54126	-0.1139	0.047934
0.062455	-0.097054	-0.031524
-0.3775	-0.084443	-0.17757
0.21934	-0.090639	0.17003
-0.32095	-0.10068	-0.068589
0.49512	-0.11174	0.04127
0.35875	-0.11615	-0.024252
-0.040778	-0.082211	0.26044
-0.48267	-0.073143	-0.12382
-0.49512	-0.058764	-0.033114
-0.42128	-0.070641	-0.17907
-0.24386	-0.078976	0.36654
-0.54869	-0.076788	-0.090213
-0.51165	-0.0629	-0.065293
-0.36354	-0.082828	-0.10122
0.5964	-0.13553	0.037114
-0.59991	-0.051094	-0.15876
-0.38315	-0.091405	-0.1483
0.32678	-0.10964	0.15448
-0.10343	-0.098711	-0.069848
0.20704	-0.10953	0.19622
0.45626	-0.11375	0.0040641
-0.54348	-0.058051	-0.14635
-0.36052	-0.064095	0.34925
0.23097	-0.10202	-0.032486
0.17296	-0.10943	-0.016984
-0.26908	-0.094071	-0.071126
0.44271	-0.11941	-0.02511
0.4453	-0.11706	0.029506
-0.060646	-0.095596	0.26956
0.071068	-0.11613	0.20886
0.41014	-0.11275	0.023918
-0.48112	-0.074196	-0.057137
-0.50126	-0.073581	0.10782
0.33521	-0.10962	-0.031601
-0.59621	-0.061322	-0.14681
0.021685	-0.095956	0.23598
-0.29628	-0.066359	0.36626
0.31378	-0.13012	-0.052974
-0.52599	-0.070104	0.033063
0.4205	-0.12358	-0.023408
-0.21344	-0.088762	0.36044
-0.51616	-0.061522	0.13368
-0.48619	-0.074372	-0.082568
-0.50478	-0.083329	-0.11984
0.46709	-0.1294	0.053185
-0.50271	-0.078957	0.19202
0.43093	-0.12225	0.058879
0.40888	-0.13498	-0.048045
-0.50417	-0.078845	-0.095417
0.017059	-0.11449	-0.00038384
-0.51743	-0.07272	0.053881
-0.38421	-0.09722	-0.12041
-0.50488	-0.083614	0.019163
0.55618	-0.12821	0.060342
0.59158	-0.13944	-0.06022
-0.47374	-0.085219	0.0017014
-0.020384	-0.11004	0.0037164
-0.23664	-0.10045	-0.09425
0.1581	-0.15049	-0.0091466
0.51093	-0.1346	0.074234
0.18022	-0.11869	0.1984
-0.50815	-0.0774	0.084387
0.37306	-0.14063	-0.059355
-0.16737	-0.07969	-0.10462
-0.57417	-0.082831	-0.13535
0.63511	-0.14689	-0.010726
0.34987	-0.13795	-0.048047
0.095493	-0.11954	0.20441
0.11682	-0.12992	-0.0079
-0.20442	-0.096183	0.35935
-0.13759	-0.10156	-0.098091
0.19123	-0.13732	-0.024675
-0.52632	-0.085983	-0.097426
-0.42862	-0.098662	-0.12594
0.41238	-0.12553	0.088399
0.43955	-0.13862	-0.058777
-0.49227	-0.094277	0.15555
0.5642	-0.1545	-0.081717
-0.017169	-0.11212	0.22512
0.30568	-0.10791	0.16443
-0.076082	-0.11134	0.28582
0.63229	-0.14704	-0.043144
-0.40513	-0.10084	-0.12744
-0.34799	-0.096767	0.33306
0.25687	-0.14882	-0.051286
-0.21839	-0.11512	-0.090486
-0.12231	-0.10642	0.3249
-0.17019	-0.11617	-0.096417
-0.52551	-0.099937	-0.12067
-0.08385	-0.11406	-0.041141
0.61532	-0.14904	-0.070985
-0.45056	-0.094207	-0.099652
0.76085	-0.15817	-0.14249
0.78422	-0.17573	-0.19416
0.77206	-0.16218	-0.16097
0.78229	-0.18259	-0.21967
0.75169	-0.17009	-0.18356
-0.37209	-0.12749	-0.079132
-0.45477	-0.098345	-0.019585
-0.45495	-0.096362	-0.048745
0.47319	-0.14994	0.074035
-0.54679	-0.097259	-0.12136
-0.4911	-0.094332	0.19724
-0.49704	-0.097006	0.038291
0.052306	-0.12497	-0.003906
0.35765	-0.12667	0.13966
0.12425	-0.12593	0.204
0.57172	-0.15669	0.066605
-0.075919	-0.11661	-0.020686
0.60128	-0.16052	-0.093931
0.3975	-0.14853	0.13899
0.71559	-0.17534	-0.14095
-0.25511	-0.1156	-0.087528
0.20887	-0.13226	0.20332
0.65966	-0.16218	-0.078124
-0.31659	-0.093499	0.35062
-0.017004	-0.13014	0.036463
0.12358	-0.15507	0.003233
0.76889	-0.18406	-0.2185
-0.38534	-0.11507	-0.094279
-0.06233	-0.13209	0.014202
-0.17874	-0.13382	0.33093
0.41142	-0.14205	0.1115
-0.044102	-0.11052	0.23069
-0.45348	-0.11232	0.0072051
-0.25148	-0.10351	0.35698
0.6254	-0.16705	-0.10976
0.52699	-0.17776	0.09014
0.72825	-0.16944	-0.12052
0.66046	-0.15893	-0.020764
0.49611	-0.15438	-0.075697
0.63318	-0.16503	0.02916
0.72266	-0.17999	-0.17518
0.3435	-0.16338	-0.051988
0.3074	-0.1631	-0.059267
0.25382	-0.1316	0.19531
-0.26546	-0.12727	-0.061942
-0.3944	-0.10602	0.29921
-0.41704	-0.11921	-0.061343
0.71119	-0.16994	-0.078185
0.41663	-0.16705	-0.069092
0.67742	-0.17023	-0.048316
0.78069	-0.17165	-0.13035
0.75735	-0.17095	-0.10159
-0.074245	-0.13457	0.21986
0.043309	-0.14199	0.18457
-0.48653	-0.10441	0.02274
0.28879	-0.14862	0.18486
-0.19772	-0.14504	-0.081695
-0.32325	-0.12904	0.3238
0.67744	-0.169	-0.07178
-0.11808	-0.14659	-0.045591
-0.47798	-0.10911	0.16946
-0.46231	-0.1252	0.061773
0.61535	-0.18504	-0.1313
-0.42218	-0.13169	-0.010034
0.51308	-0.1731	-0.095817
-0.08948	-0.1231	0.29327
0.021795	-0.14009	0.026957
0.79487	-0.19866	-0.20387
0.76577	-0.18065	-0.075471
-0.40396	-0.13745	0.25982
0.21499	-0.15977	-0.037783
0.47834	-0.17068	0.084365
0.68096	-0.17773	-0.10396
0.35764	-0.16412	0.15564
-0.44778	-0.12986	0.079083
-0.12529	-0.13132	-0.072485
-0.088698	-0.13897	-0.018471
0.4587	-0.17001	-0.082419
-0.047004	-0.13346	0.19043
0.57443	-0.17711	-0.12353
-0.3974	-0.12149	-0.08078
-0.01007	-0.14081	0.17455
0.73292	-0.18002	-0.031201
0.67423	-0.18666	0.0088526
0.4186	-0.17561	0.12933
0.66674	-0.19205	-0.11998
0.68855	-0.18463	-0.016927
-0.3074	-0.14114	-0.061625
0.16653	-0.13753	0.20232
-0.44958	-0.12778	0.11536
0.74192	-0.19083	0.0018219
0.7766	-0.19266	-0.10682
-0.22877	-0.14036	-0.069735
-0.46336	-0.11931	0.20053
-0.1149	-0.13937	0.28519
0.33079	-0.14184	0.16221
-0.46347	-0.12671	0.032631
0.015797	-0.15423	0.049738
0.68965	-0.20587	-0.14599
-0.37453	-0.14578	-0.062446
-0.068254	-0.15038	0.022045
0.033481	-0.14854	0.17263
0.56659	-0.19938	0.079881
-0.090861	-0.15469	0.25391
-0.058055	-0.14368	0.17131
0.71221	-0.20078	0.002739
0.70936	-0.21078	-0.17491
0.62967	-0.19196	0.043051
0.25692	-0.18716	-0.04924
-0.44794	-0.14149	0.16579
-0.22626	-0.16189	-0.029587
-0.048117	-0.14497	0.14764
0.095084	-0.14773	0.18835
0.58535	-0.19294	-0.13551
0.3508	-0.18911	-0.047552
0.3651	-0.1791	-0.06171
-0.034456	-0.15118	0.060366
-0.056876	-0.15144	0.0489
-0.44099	-0.13032	0.22232
0.74977	-0.209	0.0023795
0.53582	-0.17984	-0.11791
0.43493	-0.18934	0.11871
0.48817	-0.19836	-0.095336
-0.0010058	-0.15606	0.064169
-0.27594	-0.1267	0.33935
-0.14806	-0.14341	-0.07741
0.15143	-0.16329	0.19623
-0.04291	-0.1487	0.13021
-0.34517	-0.16191	-0.066468
-0.011177	-0.15168	0.14342
0.68892	-0.21133	0.0035697
0.02397	-0.16178	0.13918
0.19014	-0.16179	0.2003
0.52604	-0.20743	-0.11711
0.21688	-0.18307	-0.034466
0.76255	-0.20109	-0.027679
-0.23254	-0.16577	-0.019351
0.74019	-0.19745	-0.2002
-0.096415	-0.15847	-0.004395
0.0019611	-0.16039	0.10381
0.087399	-0.18148	0.036675
0.66601	-0.19788	0.01844
0.2393	-0.16059	0.19868
0.66111	-0.20864	-0.13453
0.29069	-0.17821	0.1799
0.055873	-0.17025	0.15157
-0.3695	-0.14158	0.28385
0.7627	-0.21174	-0.21177
-0.056663	-0.15214	0.073093
-0.077377	-0.16097	0.13481
-0.29442	-0.1485	-0.054668
-0.078883	-0.16582	0.06474
-0.081909	-0.15775	0.18052
0.13068	-0.19085	0.17942
0.54788	-0.21988	-0.12878
-0.40244	-0.14244	-0.032775
-0.33327	-0.15282	0.29952
0.082541	-0.16491	0.17108
-0.26026	-0.159	0.31974
-0.42323	-0.1502	0.11193
0.53902	-0.21369	0.089413
0.59566	-0.22232	-0.14629
-0.12284	-0.18744	0.21429
0.59743	-0.20666	0.063669
0.75805	-0.2475	-0.011934
-0.42323	-0.16841	0.073484
0.30555	-0.21081	0.16192
-0.36812	-0.16083	-0.057696
-0.1929	-0.16963	-0.063645
-0.41199	-0.15941	0.025153
-0.1803	-0.16705	0.28814
0.77948	-0.21874	-0.21509
0.70695	-0.2326	-0.18325
-0.43348	-0.15943	0.17319
0.73771	-0.23358	-0.21173
0.059101	-0.18658	0.10464
-0.38381	-0.18721	-0.0012107
-0.25325	-0.16815	0.31055
-0.099996	-0.17578	0.2227
-0.43069	-0.15593	0.030666
0.30035	-0.19131	-0.053585
0.79329	-0.2248	-0.19935
0.080734	-0.19205	0.14088
0.65334	-0.23078	-0.13826
0.061307	-0.18226	0.070527
0.3952	-0.20196	0.13967
-0.42215	-0.15263	0.20206
0.40057	-0.19525	-0.064499
-0.14537	-0.16852	-0.048378
-0.3589	-0.17665	0.2515
0.24241	-0.2099	-0.035202
-0.42149	-0.17086	0.043178
0.67468	-0.24441	-0.1417
-0.40135	-0.16084	0.22769
0.77868	-0.24436	-0.24397
0.056483	-0.18122	0.12517
0.20669	-0.19469	0.19012
0.45067	-0.2007	-0.085836
0.35045	-0.21951	-0.026409
-0.29871	-0.18215	-0.025664
-0.10791	-0.19035	0.18978
0.79227	-0.24147	-0.23089
-0.10748	-0.19071	0.12263
-0.1917	-0.17786	-0.041723
-0.13866	-0.1792	0.002375
0.1139	-0.20079	0.16319
-0.41662	-0.16868	0.12785
0.7648	-0.24547	-0.080419
0.13158	-0.17884	0.0142
0.16967	-0.21193	0.17513
0.17509	-0.2048	-0.0068895
-0.26155	-0.16021	-0.030361
0.24854	-0.20547	0.18072
-0.16894	-0.17718	0.27138
0.48016	-0.20697	0.089375
0.29516	-0.21462	-0.040941
0.11318	-0.21261	0.054772
0.51191	-0.22398	-0.098857
0.62889	-0.2377	0.037433
0.78537	-0.2839	-0.16896
0.66374	-0.23807	0.014843
-0.20979	-0.19411	-0.017522
0.72991	-0.23091	0.011136
0.3693	-0.20994	-0.03883
-0.18139	-0.18411	-0.0045361
0.43272	-0.22309	-0.069308
-0.25968	-0.18158	-0.019915
-0.3262	-0.18124	0.2646
-0.13438	-0.19656	0.04994
-0.27466	-0.18814	0.2823
-0.3417	-0.217	-0.018376
-0.40307	-0.18484	0.09681
0.77354	-0.25619	-0.12355
0.090667	-0.2012	0.067071
-0.17816	-0.19265	0.010224
0.5911	-0.23091	0.064287
0.40257	-0.21979	-0.051523
-0.24307	-0.18889	-0.030053
0.33359	-0.20362	0.15395
-0.22622	-0.19014	-0.020755
0.096126	-0.21407	0.11474
0.4184	-0.22154	0.10535
-0.28743	-0.20383	-0.02286
0.7929	-0.24298	-0.19144
-0.38785	-0.179	0.21193
0.32239	-0.22099	-0.03395
0.34615	-0.22461	0.12788
-0.20727	-0.18672	-0.020106
-0.30954	-0.19849	-0.024161
0.68523	-0.2421	0.0065959
-0.39089	-0.1893	0.039683
-0.39004	-0.18601	0.11878
-0.16542	-0.19972	0.23529
0.39838	-0.22293	0.12274
0.51013	-0.22312	0.087856
0.73763	-0.25566	-0.21132
-0.14152	-0.21602	0.10008
0.46386	-0.22866	0.08009
0.6581	-0.27038	-0.12516
-0.2042	-0.19923	-0.060267
0.11416	-0.21516	0.14593
0.58346	-0.23643	-0.13218
-0.18643	-0.2078	-0.0044121
0.53681	-0.24308	-0.088919
-0.38318	-0.19747	0.022857
0.15534	-0.22288	0.17179
0.13669	-0.20351	0.023773
-0.15795	-0.20162	0.030378
-0.19657	-0.2037	0.24633
-0.18609	-0.20537	-0.070773
-0.1154	-0.20201	0.14892
0.38976	-0.23974	-0.0083846
-0.213	-0.21129	-0.079836
-0.41124	-0.1902	0.05282
-0.38453	-0.18699	0.14687
0.42618	-0.25194	-0.037254
0.78973	-0.27288	-0.21176
0.58382	-0.25121	0.057599
0.5297	-0.25703	0.072884
-0.23665	-0.18857	0.27799
-0.26935	-0.20543	-0.033492
0.67586	-0.26203	-0.0026753
0.39038	-0.23725	0.10691
-0.16798	-0.21801	0.025403
-0.39078	-0.1851	0.1711
0.29365	-0.23912	-0.02131
0.40007	-0.24069	0.091383
0.1198	-0.24258	0.11596
-0.15424	-0.21645	0.15541
0.17174	-0.23687	0.01653
0.25715	-0.24444	0.14618
0.34683	-0.24239	3.6591e-05
0.71876	-0.25887	-0.19103
0.78379	-0.28251	-0.21123
0.21571	-0.23208	0.16663
-0.1993	-0.21175	-0.037872
-0.22851	-0.20926	-0.12383
0.44217	-0.25113	-0.053656
0.45687	-0.24306	0.068462
-0.24257	-0.22227	-0.077658
-0.2334	-0.21529	-0.13963
0.40539	-0.24421	-0.01925
-0.30379	-0.20068	0.25709
0.76756	-0.27801	-0.21581
-0.35647	-0.21653	0.15645
0.44881	-0.27031	0.037269
-0.39925	-0.1966	0.087874
-0.19295	-0.21834	-0.098197
0.56464	-0.24842	-0.11122
-0.31492	-0.21425	-0.018113
0.49651	-0.25811	0.072405
-0.18007	-0.23135	-0.064677
-0.23666	-0.2087	0.25513
0.21437	-0.2491	0.0048579
0.30483	-0.24351	0.12792
-0.38158	-0.20623	0.072549
0.339	-0.2446	0.10724
-0.32808	-0.20826	0.22361
-0.16044	-0.22998	-0.074234
-0.15868	-0.22411	0.058596
-0.27938	-0.20694	0.25798
0.12969	-0.24174	0.0706
-0.15053	-0.20751	0.19628
-0.22495	-0.21878	-0.096992
0.61647	-0.26976	-0.12078
0.22287	-0.24527	0.15024
0.44066	-0.24529	0.064503
-0.36929	-0.20306	0.057643
-0.18922	-0.2154	-0.11779
0.36739	-0.24689	0.018176
-0.23207	-0.21801	-0.16753
-0.3747	-0.21007	0.11024
-0.37147	-0.21476	0.0092449
0.3943	-0.25186	0.037194
-0.34519	-0.2125	0.19169
-0.19249	-0.21443	0.22093
0.13982	-0.24548	0.1502
-0.29348	-0.2311	-0.063132
0.43657	-0.27303	-0.0093784
-0.1669	-0.22877	-0.096132
0.42443	-0.25712	0.027834
0.57905	-0.26885	0.046405
0.67439	-0.2749	-0.01719
0.18199	-0.24911	0.13771
-0.28197	-0.23046	-0.050675
0.51455	-0.27655	-0.065695
-0.26524	-0.22686	-0.18523
0.26713	-0.24973	-0.0063699
-0.20469	-0.22836	-0.17937
-0.25794	-0.22828	-0.19799
-0.15648	-0.22332	0.12134
0.34908	-0.25553	0.071307
0.50862	-0.2523	-0.077046
-0.16645	-0.23135	-0.12419
0.47133	-0.28494	-0.032833
-0.18638	-0.22483	0.1576
0.15555	-0.24884	0.14665
0.72657	-0.25434	0.0022323
0.55331	-0.27278	-0.082264
0.57378	-0.26689	-0.10455
0.7698	-0.29627	-0.094699
-0.23468	-0.22965	0.19404
-0.35454	-0.22002	0.035842
-0.25973	-0.231	-0.16127
0.60519	-0.28626	-0.0934
0.67999	-0.27652	-0.13306
-0.24901	-0.22771	-0.13322
0.62126	-0.27596	0.012207
0.3243	-0.26159	0.040307
-0.29754	-0.23011	-0.023574
-0.3416	-0.22593	0.085566
0.74779	-0.27973	-0.20763
-0.36863	-0.22658	0.14091
0.71167	-0.28878	-0.1804
-0.17883	-0.23877	-0.028224
-0.35027	-0.22428	0.059708
0.65219	-0.28312	-0.10181
-0.26917	-0.23148	-0.10892
-0.21135	-0.22871	0.16931
0.667	-0.28415	-0.044385
0.47895	-0.2818	0.045585
0.14744	-0.26193	0.085829
-0.28266	-0.23513	-0.1858
-0.29313	-0.23297	-0.15818
-0.3147	-0.22371	0.19112
-0.32618	-0.23869	-0.22699
-0.35722	-0.22541	0.10102
-0.28699	-0.21987	0.22614
0.29498	-0.25781	0.0068364
-0.35536	-0.24134	0.11771
0.63776	-0.28825	-0.047034
-0.25358	-0.22573	0.21987
-0.14329	-0.25566	-0.064517
0.78314	-0.31249	-0.14573
-0.23535	-0.23747	-0.20022
-0.17325	-0.25458	-0.050375
0.67625	-0.28628	-0.10651
-0.3214	-0.24221	-0.20176
0.25451	-0.26739	0.10392
0.29131	-0.26723	0.073186
0.22963	-0.26515	0.10765
0.6469	-0.28828	-0.066071
0.17765	-0.2483	0.027237
0.70723	-0.29834	-0.14947
-0.29628	-0.23897	-0.093196
0.75405	-0.28482	-0.034821
-0.33129	-0.23934	-0.16767
0.67854	-0.29177	-0.077839
-0.29257	-0.24101	-0.22509
-0.33559	-0.22849	0.14957
0.69931	-0.29277	-0.043457
0.54974	-0.28225	0.046252
-0.315	-0.24439	-0.011564
-0.33933	-0.23979	-0.077013
-0.28676	-0.23369	0.1842
-0.22571	-0.25961	-0.20874
-0.25105	-0.23236	0.17805
0.77478	-0.31184	-0.12141
0.19405	-0.26154	0.11916
0.2093	-0.26918	0.075578
0.29035	-0.26942	0.053809
-0.14758	-0.25424	-0.095165
-0.22771	-0.23761	0.16344
-0.19123	-0.24773	0.14118
-0.28963	-0.23585	0.15817
-0.16867	-0.24758	-0.15071
0.7588	-0.30385	-0.088874
0.55344	-0.2842	-0.071054
0.46405	-0.29001	0.01168
0.16423	-0.26907	0.092081
0.7049	-0.29993	-0.095805
0.77819	-0.31803	-0.16653
-0.15793	-0.23736	0.082218
-0.32833	-0.24574	0.11344
0.72247	-0.29939	-0.056168
0.59931	-0.29424	-0.061327
-0.28116	-0.25773	-0.23416
-0.29684	-0.24503	0.13911
-0.32683	-0.24358	-0.062236
-0.36545	-0.24526	-0.086164
-0.33383	-0.24172	0.10786
-0.34791	-0.23972	0.13777
-0.33882	-0.24413	-0.12209
0.72564	-0.3091	-0.12398
-0.1597	-0.27596	-0.010148
-0.37865	-0.24275	-0.1139
-0.17222	-0.25441	0.1211
-0.34347	-0.25376	-0.24967
-0.33926	-0.25801	0.011595
-0.15316	-0.25206	0.079305
-0.29948	-0.2587	-0.038489
-0.14475	-0.2655	-0.12488
0.59015	-0.29911	-0.045313
0.61377	-0.29302	-0.017294
-0.36585	-0.24569	-0.1676
0.76936	-0.30908	-0.21398
0.72481	-0.3124	-0.17696
0.54963	-0.29532	0.023416
0.50639	-0.30135	0.030945
0.5078	-0.29117	-0.040597
-0.38653	-0.2513	-0.13568
-0.5533	-0.26568	-0.1114
0.48957	-0.30191	0.012601
-0.37909	-0.27339	-0.10095
-0.37405	-0.25889	-0.25307
-0.33055	-0.26168	0.034652
0.54394	-0.30391	-0.00098924
-0.35985	-0.25004	-0.23256
0.52204	-0.30331	-0.0084419
0.77255	-0.32112	-0.13967
-0.15182	-0.26553	0.062071
-0.52727	-0.26357	-0.10579
-0.1665	-0.28645	-0.17009
-0.1899	-0.26674	-0.18656
0.73181	-0.31827	-0.15055
-0.42207	-0.26153	-0.15586
-0.41666	-0.26469	-0.19758
-0.42093	-0.27506	-0.22883
-0.17115	-0.2764	0.10914
-0.2413	-0.25459	0.15372
0.76523	-0.31249	-0.19961
-0.32925	-0.26663	-0.049164
-0.15832	-0.27434	-0.024318
-0.36706	-0.28167	-0.06993
-0.1319	-0.28075	-0.044237
0.74685	-0.32194	-0.17929
-0.22814	-0.28686	-0.21918
-0.39545	-0.26549	-0.11736
-0.31612	-0.2829	0.052382
-0.41181	-0.26024	-0.13154
-0.24901	-0.28049	-0.22691
-0.36594	-0.2831	-0.26291
-0.48871	-0.26834	-0.072504
-0.29852	-0.28427	-0.033948
-0.43033	-0.26545	-0.11173
-0.15762	-0.29832	0.030994
-0.16073	-0.29431	0.061646
-0.32105	-0.27351	-0.25402
-0.4743	-0.25986	-0.081147
-0.44851	-0.26455	-0.12729
-0.46252	-0.27444	-0.055541
-0.43832	-0.26917	-0.085514
-0.40098	-0.27402	-0.24717
-0.15912	-0.28236	0.087248
-0.25823	-0.27666	0.13768
-0.48841	-0.26763	-0.050233
-0.51031	-0.26699	-0.11593
-0.20046	-0.29026	0.12344
-0.30753	-0.28588	0.088584
-0.48205	-0.26617	-0.11521
-0.41878	-0.28066	-0.094015
-0.53698	-0.27813	-0.15043
-0.40039	-0.28887	-0.25145
-0.31859	-0.27533	0.014246
-0.13999	-0.29547	-0.11353
-0.45721	-0.27413	-0.2029
-0.56091	-0.2809	-0.17085
-0.49779	-0.27523	-0.096726
-0.39436	-0.29039	-0.10523
-0.49406	-0.27056	-0.15298
-0.29169	-0.28857	0.096055
-0.45214	-0.28499	-0.23281
-0.13918	-0.30605	-0.010434
-0.23642	-0.30021	0.12412
-0.15786	-0.29928	-0.15642
-0.20104	-0.31356	-0.19885
-0.27144	-0.28813	0.12683
-0.13778	-0.31666	-0.023562
-0.51089	-0.28338	-0.095044
-0.5627	-0.29196	-0.16412
-0.14828	-0.30883	0.013407
-0.41661	-0.29133	-0.2452
-0.52787	-0.27584	-0.17499
-0.50746	-0.28616	-0.22959
-0.5468	-0.28876	-0.14072
-0.44126	-0.28581	-0.070349
-0.28943	-0.30105	-0.247
-0.55418	-0.29068	-0.19123
-0.55066	-0.28882	-0.22256
-0.18353	-0.30431	0.097575
-0.54005	-0.28682	-0.2055
-0.53746	-0.29378	-0.24264
-0.31262	-0.31586	-0.044625
-0.54947	-0.3093	-0.24452
-0.32828	-0.30649	-0.26063
-0.29007	-0.31387	0.070677
-0.50273	-0.29989	-0.24708
-0.37973	-0.32438	-0.095737
-0.28475	-0.31045	-0.031728
-0.53966	-0.28824	-0.10032
-0.49682	-0.29277	-0.081788
-0.18175	-0.31986	-0.17774
-0.28631	-0.32598	0.035888
-0.54753	-0.29735	-0.20096
-0.47077	-0.30492	-0.063619
-0.36108	-0.32053	-0.071369
-0.17184	-0.31743	0.062859
-0.15601	-0.32857	-0.10502
-0.16548	-0.32697	-0.14839
-0.20644	-0.3316	0.074954
-0.47672	-0.30833	-0.25224
-0.25848	-0.32538	-0.22729
-0.38099	-0.31217	-0.257
-0.54363	-0.32548	-0.18811
-0.52733	-0.32118	-0.12941
-0.1592	-0.33155	-0.069069
-0.51674	-0.31264	-0.10333
-0.29783	-0.30753	0.0066392
-0.39386	-0.32859	-0.11094
-0.55288	-0.31708	-0.23065
-0.44553	-0.33118	-0.086695
-0.2571	-0.31785	0.096652
-0.15958	-0.32485	0.0099365
-0.38245	-0.33686	-0.24667
-0.16171	-0.33816	-0.026377
-0.34548	-0.34086	-0.072118
-0.33129	-0.33457	-0.25636
-0.24441	-0.34122	0.060728
-0.41513	-0.31877	-0.24901
-0.54083	-0.32669	-0.20372
-0.49887	-0.31345	-0.093354
-0.26464	-0.33607	-0.0060293
-0.42849	-0.31413	-0.087939
-0.49566	-0.33384	-0.25168
-0.53604	-0.32816	-0.24244
-0.26239	-0.3373	-0.034387
-0.18552	-0.34704	-0.065518
-0.17883	-0.35264	-0.018871
-0.30277	-0.3492	-0.055545
-0.53743	-0.33487	-0.23046
-0.19656	-0.34142	0.014791
-0.27424	-0.35553	-0.22057
-0.20015	-0.3733	-0.13914
-0.25307	-0.3418	0.0073153
-0.21684	-0.36027	-0.19072
-0.40446	-0.33805	-0.11445
-0.29816	-0.34576	-0.23032
-0.24234	-0.34904	-0.042792
-0.20172	-0.347	-0.045923
-0.22248	-0.34591	0.010274
-0.23816	-0.34716	0.03065
-0.2056	-0.37126	-0.16822
-0.46321	-0.3503	-0.24095
-0.20976	-0.35852	-0.02266
-0.34502	-0.35272	-0.23868
-0.49211	-0.34693	-0.14434
-0.49387	-0.35302	-0.2308
-0.40838	-0.343	-0.235
-0.39259	-0.35002	-0.13068
-0.43028	-0.34394	-0.11511
-0.39709	-0.3524	-0.21626
-0.51421	-0.34669	-0.18039
-0.47802	-0.34631	-0.11862
-0.46102	-0.333	-0.09915
-0.44759	-0.35736	-0.14402
-0.23299	-0.36614	-0.064903
-0.35578	-0.37015	-0.10065
-0.43912	-0.36113	-0.20643
-0.39811	-0.35787	-0.16345
-0.25555	-0.36867	-0.061801
-0.31678	-0.37179	-0.21647
-0.36737	-0.37772	-0.14289
-0.38055	-0.36559	-0.20452
-0.48727	-0.35653	-0.17296
-0.35442	-0.36848	-0.21899
-0.43934	-0.3626	-0.16966
-0.21666	-0.38416	-0.11974
-0.27249	-0.37905	-0.21372
-0.33865	-0.38079	-0.20489
-0.22741	-0.38384	-0.18551
-0.34	-0.37687	-0.097289
-0.29512	-0.39517	-0.19821
-0.29444	-0.39817	-0.10088
-0.26579	-0.39439	-0.087497
-0.34519	-0.39345	-0.11043
-0.3506	-0.38595	-0.17893
-0.2315	-0.39407	-0.14668
-0.25714	-0.40079	-0.10491
-0.3346	-0.40042	-0.16813
-0.26658	-0.40804	-0.14563
-0.27632	-0.40536	-0.10808
-0.34848	-0.39772	-0.13973
-0.3134	-0.40901	-0.14215
0.19623	0.056245	0.3829
0.69493	-0.23422	-0.16095
