3	1795	1843	1863
3	1863	1843	1900
3	1799	1850	1885
3	1848	1836	1838
3	1818	1842	1873
3	1842	1865	1873
3	1861	1826	1883
3	1826	1904	1883
3	1841	1828	1880
3	1816	1874	1866
3	1874	1887	1866
3	1816	1866	1889
3	1832	1857	1886
3	1832	1886	1876
3	1885	1911	1927
3	1945	1914	1954
3	1927	1914	1945
3	1954	1914	1955
3	1875	1863	1900
3	1900	1843	1907
3	1881	1875	1926
3	1926	1875	1900
3	1900	1907	1932
3	1926	1900	1932
3	1932	1907	1948
3	1932	1948	1955
3	1839	1877	1882
3	1839	1837	1877
3	1837	1799	1885
3	1877	1837	1885
3	1882	1877	1927
3	1877	1885	1927
3	1882	1929	1920
3	1929	1882	1927
3	1942	1927	1945
3	1929	1927	1942
3	1942	1945	1958
3	1940	1952	1936
3	1945	1954	1958
3	1958	1954	1948
3	1955	1948	1954
3	1820	1868	1922
3	1843	1820	1907
3	1868	1848	1922
3	1820	1922	1907
3	1848	1903	1922
3	1922	1936	1907
3	1936	1922	1940
3	1907	1936	1948
3	1839	1882	1869
3	1912	1869	1882
3	1941	1920	1929
3	1941	1929	1953
3	1929	1942	1953
3	1953	1952	1941
3	1952	1953	1958
3	1953	1942	1958
3	1952	1970	1941
3	1848	1897	1903
3	1897	1910	1930
3	1903	1897	1943
3	1922	1903	1940
3	1897	1930	1943
3	1903	1943	1940
3	1848	1838	1897
3	1897	1838	1910
3	1838	1902	1910
3	1909	1860	1905
3	1855	1860	1909
3	1879	1869	1913
3	1913	1869	1912
3	1906	1879	1913
3	1947	1912	1920
3	1913	1912	1947
3	1956	1913	1947
3	1838	1818	1902
3	1818	1873	1923
3	1818	1923	1902
3	1910	1902	1971
3	1963	1902	1923
3	1902	1963	1971
3	1856	1855	1890
3	1856	1890	1865
3	1873	1865	1937
3	1865	1890	1937
3	1890	1855	1925
3	1855	1909	1925
3	1890	1925	1937
3	1873	1937	1923
3	1923	1937	1950
3	1937	1925	1950
3	1963	1950	1964
3	1950	1925	1964
3	1860	1847	1905
3	1847	1872	1905
3	1883	1904	1935
3	1905	1883	1935
3	1904	1921	1935
3	1909	1905	1935
3	1909	1935	1968
3	1925	1909	1968
3	1935	1921	1967
3	1904	1919	1921
3	1828	1827	1880
3	1827	1879	1906
3	1880	1827	1906
3	1880	1906	1949
3	1906	1913	1956
3	1949	1906	1956
3	1845	1841	1916
3	1841	1880	1916
3	1916	1880	1949
3	1946	1916	1949
3	1919	1918	1960
3	1921	1919	1967
3	1967	1919	1960
3	1960	1918	1966
3	1904	1816	1889
3	1887	1871	1866
3	1866	1871	1889
3	1871	1884	1889
3	1904	1889	1919
3	1919	1889	1884
3	1919	1884	1918
3	1891	1845	1916
3	1891	1916	1951
3	1931	1891	1951
3	1916	1946	1951
3	1852	1891	1899
3	1846	1852	1899
3	1899	1891	1931
3	1899	1931	1917
3	1928	1931	1959
3	1931	1951	1959
3	1886	1857	1867
3	1886	1867	1933
3	1846	1899	1917
3	1867	1846	1917
3	1867	1917	1933
3	1915	1886	1933
3	1917	1931	1928
3	1933	1917	1962
3	1917	1928	1962
3	1957	1933	1962
3	1962	1928	1965
3	1928	1959	1979
3	1965	1928	1979
3	1888	1870	1876
3	1888	1876	1901
3	1901	1876	1915
3	1876	1886	1915
3	1938	1915	1933
3	1938	1933	1957
3	1887	1870	1888
3	1887	1888	1893
3	1887	1893	1895
3	1893	1888	1896
3	1887	1895	1892
3	1892	1895	1908
3	1896	1888	1901
3	1908	1924	1934
3	1908	1934	1918
3	1898	1939	1924
3	1924	1944	1934
3	1924	1939	1944
3	1918	1934	1966
3	1939	1938	1961
3	1892	1871	1887
3	1884	1871	1892
3	1895	1893	1908
3	1908	1893	1924
3	1884	1892	1918
3	1892	1908	1918
3	1896	1901	1898
3	1901	1938	1898
3	1901	1915	1938
3	1898	1938	1939
3	1944	1939	1961
3	1898	1893	1896
3	1924	1893	1898
3	1948	1936	1958
3	1936	1952	1958
3	1970	1952	1974
3	1970	1974	1988
3	1970	1988	1992
3	1941	1970	1992
3	1930	1971	1943
3	1952	1940	1974
3	1974	1940	1943
3	1943	1971	1987
3	1987	1971	1985
3	1974	1943	1987
3	1974	1987	1988
3	1981	1920	1941
3	1947	1920	1981
3	1956	1947	1991
3	1981	1941	1992
3	1947	1981	1991
3	1991	1992	1994
3	1991	1981	1992
3	1988	1995	1992
3	1992	1995	1994
3	1987	1985	1989
3	1988	1987	1995
3	1989	1996	1997
3	1987	1989	1995
3	1989	1997	1995
3	1994	1995	1997
3	1923	1950	1963
3	1930	1910	1971
3	1971	1963	1976
3	1971	1976	1989
3	1985	1971	1989
3	1989	1976	1996
3	1964	1925	1968
3	1964	1968	1967
3	1963	1964	1969
3	1964	1967	1969
3	1968	1935	1967
3	1949	1956	1984
3	1984	1956	1991
3	1946	1949	1982
3	1982	1949	1984
3	1982	1984	1986
3	1984	1991	1994
3	1984	1994	1986
3	1979	1983	1990
3	1975	1982	1986
3	1990	1983	1993
3	1983	1986	1993
3	1990	1993	1996
3	1976	1990	1996
3	1996	1993	1997
3	1993	1986	1997
3	1986	1994	1997
3	1963	1969	1973
3	1976	1963	1973
3	1973	1965	1977
3	1973	1977	1976
3	1976	1977	1990
3	1977	1979	1990
3	1967	1960	1969
3	1973	1969	1980
3	1972	1973	1980
3	1969	1960	1978
3	1969	1978	1980
3	1960	1966	1978
3	1959	1951	1975
3	1951	1946	1975
3	1979	1959	1983
3	1959	1975	1983
3	1946	1982	1975
3	1975	1986	1983
3	1962	1965	1972
3	1965	1979	1977
3	1965	1973	1972
3	1962	1972	1957
3	1961	1938	1957
3	1961	1957	1972
3	1961	1972	1980
3	1978	1961	1980
3	1934	1944	1966
3	1966	1944	1978
3	1944	1961	1978
3	82	140	163
3	118	82	163
3	118	163	134
3	93	66	118
3	66	82	118
3	59	66	93
3	42	82	66
3	42	71	82
3	69	122	86
3	62	86	117
3	56	69	86
3	62	56	86
3	148	156	160
3	156	153	159
3	148	153	156
3	129	144	211
3	129	126	144
3	97	152	144
3	126	97	144
3	90	97	126
3	75	151	138
3	97	115	152
3	97	80	115
3	84	74	90
3	79	74	84
3	74	80	90
3	90	80	97
3	75	78	74
3	74	78	80
3	78	138	199
3	78	75	138
3	74	79	75
3	109	93	203
3	93	134	203
3	93	118	134
3	77	59	93
3	69	57	122
3	81	192	57
3	69	39	57
3	67	81	57
3	47	67	57
3	168	132	201
3	132	168	150
3	201	132	161
3	132	128	161
3	128	146	161
3	107	114	132
3	132	114	128
3	114	94	128
3	146	108	160
3	108	148	160
3	128	108	146
3	94	108	128
3	108	92	148
3	108	96	92
3	94	96	108
3	92	153	148
3	92	123	153
3	92	95	123
3	153	129	159
3	135	129	153
3	153	123	135
3	110	129	135
3	104	110	135
3	90	126	129
3	110	90	129
3	100	90	110
3	75	79	151
3	79	120	151
3	120	84	112
3	84	100	112
3	79	84	120
3	84	90	100
3	116	173	207
3	173	106	109
3	116	106	173
3	53	106	116
3	106	65	109
3	53	65	106
3	109	77	93
3	65	77	109
3	101	116	149
3	52	89	101
3	89	116	101
3	89	53	116
3	52	60	89
3	60	53	89
3	73	162	165
3	166	73	165
3	81	73	166
3	52	101	73
3	67	45	73
3	192	81	166
3	67	73	81
3	187	182	191
3	182	187	196
3	186	170	196
3	170	171	196
3	171	182	196
3	182	180	191
3	180	182	189
3	182	171	189
3	171	174	189
3	175	130	190
3	150	188	190
3	130	150	190
3	150	168	188
3	107	132	150
3	130	107	150
3	105	107	130
3	99	94	105
3	107	94	114
3	94	107	105
3	111	136	142
3	136	99	105
3	111	99	136
3	96	99	111
3	96	94	99
3	172	124	142
3	124	111	142
3	95	124	139
3	95	111	124
3	95	96	111
3	92	96	95
3	124	172	157
3	183	104	157
3	104	139	157
3	139	124	157
3	135	123	139
3	123	95	139
3	104	135	139
3	100	110	104
3	121	147	112
3	100	121	112
3	100	104	121
3	162	101	149
3	73	101	162
3	170	186	229
3	170	229	202
3	198	170	202
3	189	174	193
3	174	170	198
3	171	170	174
3	175	190	236
3	105	130	175
3	185	105	175
3	136	105	185
3	142	136	172
3	136	185	250
3	147	104	183
3	121	104	147
3	64	13	87
3	13	41	87
3	41	40	83
3	15	40	41
3	13	15	41
3	17	55	40
3	15	17	40
3	44	13	64
3	28	44	63
3	28	13	44
3	9	13	28
3	13	3	15
3	13	2	3
3	9	2	13
3	17	51	55
3	27	49	51
3	17	27	51
3	3	4	15
3	15	4	17
3	17	4	27
3	4	12	27
3	3	6	4
3	32	28	63
3	9	28	32
3	22	32	48
3	22	48	58
3	36	22	58
3	23	22	36
3	22	9	32
3	7	22	23
3	7	23	25
3	7	9	22
3	6	7	25
3	7	2	9
3	3	2	7
3	3	7	6
3	12	24	54
3	49	27	12
3	24	6	25
3	6	24	12
3	4	6	12
3	12	54	49
3	43	21	58
3	21	36	58
3	37	21	43
3	29	23	36
3	19	29	36
3	29	25	23
3	21	19	36
3	8	21	37
3	21	8	19
3	10	8	37
3	38	61	54
3	38	30	61
3	24	38	54
3	25	30	38
3	25	29	30
3	24	25	38
3	29	19	30
3	19	1	30
3	42	43	71
3	42	37	43
3	33	42	66
3	35	37	42
3	33	35	42
3	33	20	35
3	35	10	37
3	11	35	20
3	35	11	10
3	1	8	10
3	16	1	10
3	16	10	11
3	1920	1912	1882
3	16	0	1
3	56	39	69
3	18	56	62
3	18	39	56
3	61	18	62
3	30	18	61
3	1	18	30
3	18	5	39
3	19	8	1
3	0	5	18
3	1	0	18
3	5	0	16
3	46	59	77
3	33	66	59
3	46	33	59
3	50	26	46
3	26	20	33
3	11	20	26
3	34	45	47
3	14	26	31
3	14	31	34
3	14	11	26
3	16	14	34
3	16	11	14
3	39	47	57
3	5	34	47
3	5	47	39
3	5	16	34
3	65	46	77
3	50	46	65
3	53	50	65
3	31	53	60
3	26	50	53
3	31	26	53
3	45	52	73
3	47	45	67
3	52	31	60
3	31	52	45
3	34	31	45
3	278	373	404
3	373	263	339
3	273	308	434
3	339	266	273
3	263	266	339
3	273	201	308
3	168	201	266
3	201	273	266
3	201	161	308
3	120	371	387
3	151	120	387
3	431	151	387
3	399	318	338
3	338	280	355
3	209	280	338
3	318	209	338
3	334	209	318
3	209	203	280
3	173	209	334
3	109	203	209
3	173	109	209
3	166	162	253
3	222	166	258
3	165	162	166
3	293	310	359
3	322	293	359
3	293	258	310
3	258	253	310
3	293	222	258
3	258	166	253
3	192	166	222
3	336	397	405
3	397	421	405
3	397	414	421
3	279	321	414
3	397	279	414
3	336	279	397
3	279	213	321
3	336	233	279
3	233	249	279
3	249	213	279
3	233	196	249
3	196	213	249
3	196	187	213
3	268	200	298
3	200	243	298
3	231	180	268
3	180	200	268
3	243	200	232
3	200	219	232
3	298	263	373
3	243	263	298
3	225	263	243
3	232	246	243
3	246	232	256
3	246	225	243
3	226	246	256
3	226	225	246
3	263	225	266
3	190	226	236
3	190	225	226
3	190	188	225
3	172	411	306
3	157	172	306
3	341	306	370
3	327	341	427
3	341	296	306
3	327	296	341
3	296	157	306
3	183	296	327
3	183	157	296
3	383	275	424
3	275	327	424
3	371	275	383
3	147	327	275
3	120	275	371
3	120	112	275
3	318	399	401
3	335	401	403
3	290	318	401
3	290	401	335
3	290	334	318
3	300	290	335
3	207	290	300
3	207	334	290
3	207	173	334
3	267	292	309
3	292	207	300
3	267	207	292
3	116	207	267
3	230	116	267
3	309	315	316
3	253	309	316
3	253	267	309
3	253	162	267
3	162	230	267
3	162	149	230
3	316	368	377
3	316	315	368
3	310	316	377
3	310	253	316
3	361	377	458
3	359	310	361
3	361	310	377
3	398	336	405
3	233	398	248
3	233	336	398
3	261	248	381
3	264	261	381
3	229	248	261
3	202	261	264
3	186	196	233
3	229	233	248
3	202	229	261
3	212	202	264
3	198	212	228
3	229	186	233
3	286	193	228
3	174	198	228
3	174	228	193
3	286	468	390
3	301	286	390
3	271	221	301
3	221	224	286
3	221	286	301
3	271	219	221
3	224	193	286
3	221	189	224
3	219	189	221
3	189	193	224
3	301	390	365
3	295	365	367
3	295	301	365
3	271	301	295
3	244	271	295
3	256	219	271
3	232	219	256
3	256	271	244
3	226	256	244
3	340	295	367
3	269	295	340
3	269	244	295
3	236	244	269
3	236	226	244
3	175	236	269
3	346	340	433
3	346	270	340
3	250	270	346
3	270	269	340
3	270	175	269
3	185	175	270
3	250	185	270
3	396	250	407
3	272	250	396
3	136	250	272
3	172	136	272
3	306	411	370
3	411	272	396
3	172	272	411
3	147	183	327
3	378	335	403
3	372	378	438
3	413	372	438
3	311	335	378
3	372	311	378
3	311	372	366
3	311	300	335
3	292	300	311
3	393	372	413
3	366	372	393
3	366	393	376
3	312	366	376
3	312	292	366
3	292	311	366
3	292	312	309
3	315	376	382
3	315	312	376
3	368	315	382
3	395	212	447
3	212	264	447
3	228	212	395
3	228	395	286
3	238	141	197
3	141	154	197
3	158	64	141
3	64	87	141
3	87	154	141
3	83	40	169
3	154	83	169
3	87	41	154
3	127	70	181
3	40	127	167
3	55	70	127
3	40	55	127
3	103	177	133
3	64	158	177
3	103	64	177
3	91	103	133
3	103	44	64
3	91	44	103
3	91	63	44
3	70	98	179
3	98	102	179
3	72	102	98
3	70	51	98
3	51	72	98
3	164	145	215
3	145	133	215
3	48	145	164
3	133	145	91
3	85	48	164
3	48	91	145
3	48	63	91
3	179	102	184
3	102	119	184
3	76	119	102
3	72	76	102
3	72	54	76
3	54	72	49
3	113	85	164
3	71	155	176
3	82	176	140
3	82	71	176
3	71	68	155
3	58	48	85
3	43	68	71
3	155	113	178
3	68	113	155
3	113	68	85
3	58	85	68
3	43	58	68
3	143	62	117
3	61	62	143
3	76	143	119
3	76	61	143
3	76	54	61
3	115	131	152
3	131	88	125
3	115	88	131
3	80	88	115
3	78	88	80
3	137	199	281
3	137	88	199
3	88	137	125
3	88	78	199
3	187	191	204
3	180	189	200
3	200	189	219
3	112	147	275
3	149	116	230
3	198	202	212
3	41	83	154
3	55	51	70
3	51	49	72
3	48	32	63
3	726	689	787
3	689	747	787
3	704	629	726
3	629	689	726
3	629	585	689
3	655	755	817
3	790	655	817
3	744	655	790
3	755	704	726
3	655	704	755
3	744	568	655
3	655	629	704
3	744	790	772
3	728	744	772
3	728	639	744
3	631	728	775
3	669	631	775
3	793	738	669
3	717	732	771
3	717	635	732
3	567	717	754
3	628	567	754
3	1418	1531	1524
3	1527	1492	1529
3	1492	1502	1529
3	1418	1510	1531
3	1510	1522	1531
3	1696	1632	1766
3	1632	1633	1766
3	1669	1645	1753
3	1564	1711	1698
3	1649	1698	1680
3	1615	1595	1642
3	1691	1615	1642
3	1716	1690	1667
3	1519	1712	1760
3	1636	1632	1722
3	1632	1696	1722
3	1646	1684	1723
3	1743	1646	1723
3	1644	1757	1676
3	1693	1652	1709
3	1640	1743	1702
3	1611	1705	1787
3	1674	1611	1787
3	1682	1717	1730
3	1631	1598	1574
3	1559	1493	1583
3	1543	1559	1579
3	1558	1543	1579
3	1559	1583	1622
3	1579	1559	1589
3	1589	1559	1622
3	1589	1622	1638
3	1589	1638	1617
3	1465	1602	1491
3	1465	1558	1602
3	1491	1602	1576
3	1581	1491	1594
3	1558	1579	1602
3	1581	1594	1592
3	1491	1576	1594
3	1579	1589	1602
3	1581	1592	1597
3	1602	1617	1576
3	1602	1589	1617
3	1650	1576	1617
3	1566	1491	1581
3	1554	1566	1581
3	1603	1554	1581
3	1603	1581	1597
3	1664	1603	1597
3	1664	1597	1724
3	1619	1531	1687
3	1687	1531	1585
3	1682	1619	1717
3	1429	1546	1520
3	1534	1524	1546
3	1605	1524	1531
3	1520	1546	1628
3	1546	1524	1628
3	1524	1605	1628
3	1619	1605	1531
3	1628	1605	1670
3	1605	1619	1682
3	1670	1605	1682
3	1549	1526	1556
3	1529	1526	1549
3	1556	1526	1536
3	1536	1598	1556
3	1549	1556	1631
3	1556	1598	1631
3	1549	1631	1648
3	1610	1549	1658
3	1549	1648	1658
3	1999	1461	1527
3	1527	1610	1647
3	1527	1529	1610
3	1529	1549	1610
3	1999	1527	1728
3	1527	1647	1728
3	1647	1610	1726
3	1610	1658	1726
3	1523	1543	1558
3	1614	1624	1662
3	1624	1614	1666
3	1662	1624	1694
3	1624	1666	1673
3	1666	1614	1650
3	1708	1662	1694
3	1624	1673	1694
3	1465	1523	1558
3	1592	1614	1627
3	1597	1592	1635
3	1592	1627	1635
3	1635	1627	1654
3	1614	1662	1627
3	1614	1594	1650
3	1678	1627	1662
3	1627	1678	1654
3	1651	1692	1699
3	1505	1566	1554
3	1483	1505	1603
3	1505	1554	1603
3	1531	1522	1585
3	1483	1603	1664
3	1522	1483	1585
3	1483	1664	1585
3	1683	1662	1708
3	1651	1683	1685
3	1685	1683	1703
3	1662	1683	1651
3	1662	1651	1678
3	1655	1651	1685
3	1651	1655	1721
3	1692	1651	1721
3	1655	1685	1718
3	1685	1704	1701
3	1685	1703	1704
3	1667	1675	1746
3	1665	1653	1735
3	1633	1665	1766
3	1754	1706	1671
3	1669	1753	1671
3	1645	1680	1755
3	1645	1755	1753
3	1754	1671	1753
3	1753	1755	1774
3	1680	1698	1773
3	1698	1711	1773
3	1755	1680	1773
3	1755	1773	1774
3	1711	1784	1773
3	1691	1642	1736
3	1711	1691	1784
3	1691	1736	1784
3	1710	1690	1733
3	1690	1716	1733
3	1733	1771	1777
3	1733	1716	1771
3	1716	1667	1746
3	1675	1742	1746
3	1742	1739	1746
3	1746	1739	1769
3	1771	1746	1769
3	1716	1746	1771
3	1771	1769	1779
3	1777	1771	1834
3	1672	1689	1739
3	1742	1672	1739
3	1675	1657	1742
3	1769	1739	1779
3	1760	1765	1789
3	1712	1636	1760
3	1760	1636	1697
3	1697	1745	1734
3	1760	1697	1765
3	1697	1734	1765
3	1697	1636	1722
3	1697	1722	1808
3	1745	1697	1808
3	1722	1696	1766
3	1722	1766	1808
3	1808	1766	1812
3	1808	1812	1821
3	1766	1665	1813
3	1665	1735	1813
3	1783	1693	1817
3	1812	1766	1813
3	1813	1735	1817
3	1735	1783	1817
3	1812	1813	1821
3	1823	1821	1817
3	1821	1813	1817
3	1653	1660	1735
3	1695	1656	1693
3	1695	1693	1783
3	1660	1695	1783
3	1735	1660	1783
3	1684	1688	1706
3	1684	1706	1723
3	1723	1706	1754
3	1775	1723	1754
3	1743	1723	1775
3	1754	1753	1775
3	1775	1753	1774
3	1736	1757	1784
3	1784	1757	1774
3	1784	1774	1773
3	1642	1676	1736
3	1676	1757	1736
3	1787	1705	1801
3	1705	1710	1778
3	1705	1778	1801
3	1787	1801	1833
3	1804	1787	1833
3	1710	1733	1778
3	1733	1777	1778
3	1801	1778	1862
3	1833	1801	1862
3	1778	1777	1862
3	1862	1777	1878
3	1771	1779	1834
3	1834	1779	1859
3	1779	1792	1859
3	1777	1834	1878
3	1859	1792	1881
3	1878	1834	1859
3	1792	1875	1881
3	1689	1659	1739
3	1739	1659	1764
3	1739	1764	1779
3	1659	1796	1764
3	1779	1764	1788
3	1779	1788	1792
3	1796	1659	1727
3	1788	1764	1796
3	1788	1796	1795
3	1727	1744	1796
3	1796	1744	1795
3	1727	1686	1744
3	1715	1760	1781
3	1781	1760	1789
3	1715	1781	1772
3	1781	1789	1785
3	1762	1734	1756
3	1731	1751	1762
3	1756	1731	1762
3	1734	1762	1765
3	1756	1734	1745
3	1765	1762	1789
3	1762	1785	1789
3	1756	1745	1790
3	1731	1756	1719
3	1719	1756	1790
3	1807	1745	1808
3	1790	1745	1807
3	1807	1808	1821
3	1700	1713	1782
3	1782	1713	1790
3	1700	1782	1814
3	1782	1790	1814
3	1814	1790	1807
3	1814	1807	1823
3	1807	1821	1823
3	1580	1700	1709
3	1709	1700	1814
3	1693	1709	1817
3	1709	1814	1823
3	1817	1709	1823
3	1630	1652	1693
3	1702	1743	1668
3	1668	1743	1774
3	1774	1743	1775
3	1644	1668	1757
3	1757	1668	1774
3	1674	1787	1804
3	1674	1804	1825
3	1799	1674	1825
3	1804	1833	1858
3	1799	1825	1850
3	567	635	717
3	895	754	872
3	747	754	895
3	747	628	754
3	843	1998	867
3	843	813	1998
3	614	494	575
3	528	610	516
3	610	494	614
3	528	494	610
3	494	496	575
3	380	494	528
3	640	608	630
3	575	496	608
3	523	590	608
3	523	608	496
3	494	380	496
3	356	459	523
3	496	356	523
3	380	356	496
3	616	569	618
3	459	616	590
3	459	483	616
3	523	459	590
3	483	481	616
3	459	332	483
3	428	587	352
3	428	394	587
3	610	574	597
3	614	574	610
3	589	516	610
3	544	597	574
3	544	589	597
3	587	516	589
3	531	544	574
3	394	516	587
3	516	333	528
3	394	333	516
3	333	380	528
3	630	618	574
3	497	574	618
3	569	497	618
3	616	481	569
3	508	497	569
3	481	508	569
3	332	481	483
3	332	374	481
3	481	374	508
3	374	460	508
3	531	467	544
3	352	587	544
3	384	352	544
3	384	544	467
3	451	467	531
3	337	384	467
3	526	574	497
3	526	531	574
3	531	526	503
3	503	451	531
3	337	467	451
3	444	451	503
3	465	502	532
3	497	465	526
3	465	497	502
3	465	503	526
3	497	460	502
3	465	444	503
3	313	320	460
3	502	416	532
3	460	416	502
3	429	478	532
3	416	429	532
3	320	416	460
3	328	337	451
3	328	451	444
3	448	444	465
3	448	402	444
3	478	465	532
3	347	446	478
3	478	448	465
3	448	478	446
3	409	448	446
3	364	448	409
3	429	347	478
3	644	662	641
3	637	662	644
3	443	385	446
3	347	443	446
3	601	552	650
3	550	601	645
3	550	439	601
3	439	552	601
3	439	495	552
3	439	422	495
3	422	420	495
3	469	602	613
3	491	469	613
3	539	491	613
3	539	420	491
3	491	410	469
3	495	420	539
3	491	420	410
3	602	605	613
3	469	482	605
3	469	605	602
3	482	479	605
3	410	441	469
3	441	479	482
3	605	479	581
3	479	440	581
3	440	592	581
3	453	509	525
3	353	453	525
3	453	455	509
3	453	342	455
3	542	445	426
3	375	542	527
3	349	445	542
3	349	360	445
3	375	349	542
3	561	594	426
3	598	542	426
3	445	360	426
3	432	513	561
3	643	560	659
3	617	560	643
3	450	645	659
3	450	412	645
3	412	550	645
3	560	450	659
3	412	535	550
3	504	423	560
3	423	450	560
3	425	418	412
3	412	418	535
3	535	439	550
3	418	439	535
3	441	462	479
3	441	482	469
3	462	440	479
3	440	386	472
3	351	386	462
3	386	440	462
3	342	408	455
3	542	598	527
3	598	426	594
3	436	375	527
3	504	560	617
3	412	450	423
3	585	628	689
3	655	471	629
3	325	332	459
3	356	325	459
3	374	313	460
3	320	276	416
3	276	354	429
3	276	429	416
3	389	328	444
3	402	389	444
3	402	406	389
3	406	379	323
3	343	388	385
3	343	385	443
3	363	385	388
3	385	409	446
3	362	409	385
3	282	342	453
3	418	422	439
3	422	307	420
3	307	392	420
3	460	497	508
3	420	392	410
3	1301	1223	1315
3	1244	1313	1324
3	1242	1301	1313
3	1242	1223	1301
3	1244	1242	1313
3	1165	1242	1244
3	1165	1129	1242
3	1110	1165	1244
3	1242	1174	1223
3	1129	1174	1242
3	1281	1212	1352
3	1146	1212	1281
3	1111	1212	1146
3	1111	1202	1212
3	1228	1312	1319
3	1254	1228	1319
3	1212	1254	1319
3	1202	1228	1254
3	1202	1254	1212
3	1202	1191	1228
3	1123	1191	1202
3	1111	1067	1202
3	1263	1217	1367
3	1228	1263	1312
3	1156	1217	1263
3	1228	1156	1263
3	1191	1156	1228
3	1172	1250	1217
3	1178	1172	1217
3	1156	1178	1217
3	1178	1078	1172
3	1295	1244	1324
3	1304	1197	1295
3	1197	1244	1295
3	1197	1110	1244
3	1217	1250	1331
3	1172	1154	1250
3	1172	1057	1154
3	1287	1182	1334
3	1321	1250	1287
3	1154	1287	1250
3	1218	1182	1287
3	1154	1218	1287
3	1154	1153	1218
3	1182	1286	1334
3	1286	1300	1347
3	1246	1300	1286
3	1159	1246	1286
3	1159	1162	1246
3	1182	1159	1286
3	1153	1182	1218
3	1113	1159	1182
3	1153	1113	1182
3	1246	1296	1300
3	1162	1296	1246
3	1162	1210	1296
3	1161	1210	1162
3	1118	1161	1162
3	1325	1268	1310
3	1268	1325	1329
3	1296	1268	1329
3	1231	1310	1268
3	1296	1210	1268
3	1268	1210	1231
3	1310	1231	1302
3	1302	1289	1338
3	1231	1293	1302
3	1293	1289	1302
3	1283	1245	1289
3	1338	1249	1340
3	1247	1249	1338
3	1289	1247	1338
3	1245	1247	1289
3	1249	1317	1340
3	1249	1260	1317
3	1317	1344	1353
3	1317	1260	1344
3	1308	1235	1304
3	1235	1197	1304
3	1196	1197	1235
3	1095	1197	1196
3	1048	1196	1235
3	1082	1048	1235
3	1103	1201	1199
3	1201	1229	1199
3	1193	1199	1229
3	1192	1193	1229
3	1194	1192	1221
3	1161	1194	1210
3	1193	1194	1161
3	1193	1192	1194
3	1193	1118	1199
3	1293	1255	1309
3	1231	1255	1293
3	1255	1221	1256
3	1231	1205	1255
3	1205	1221	1255
3	1210	1205	1231
3	1194	1221	1205
3	1194	1205	1210
3	1290	1293	1309
3	1267	1290	1307
3	1293	1283	1289
3	1283	1293	1290
3	1267	1283	1290
3	1267	1239	1283
3	1262	1239	1267
3	1239	1245	1283
3	1232	1239	1262
3	1239	1226	1245
3	1232	1226	1239
3	1226	1247	1245
3	1247	1243	1249
3	1226	1243	1247
3	1226	1232	1243
3	1277	1261	1262
3	1261	1232	1262
3	1249	1243	1260
3	1243	1232	1261
3	1260	1243	1261
3	1261	1277	1328
3	1260	1328	1344
3	1260	1261	1328
3	1258	1235	1308
3	1259	1163	1258
3	1163	1235	1258
3	1163	1082	1235
3	1211	1265	1225
3	1211	1187	1265
3	1103	1211	1201
3	1229	1225	1237
3	1211	1225	1229
3	1201	1211	1229
3	1224	1280	1368
3	1240	1224	1229
3	1192	1224	1368
3	1221	1192	1368
3	1224	1192	1229
3	1221	1368	1256
3	1309	1255	1337
3	1255	1256	1337
3	1307	1290	1309
3	1267	1307	1322
3	1316	1262	1322
3	1262	1267	1322
3	1277	1262	1316
3	1214	1163	1259
3	1269	1291	1386
3	1341	1298	1195
3	1203	1292	1330
3	1292	1175	1298
3	1169	1175	1292
3	1203	1169	1292
3	1206	1208	1323
3	1168	1208	1206
3	1168	1152	1208
3	1098	1203	1208
3	1152	1098	1208
3	1098	1169	1203
3	1282	1187	1323
3	1187	1206	1323
3	1265	1187	1282
3	1257	1265	1282
3	1237	1225	1265
3	1187	1168	1206
3	1257	1237	1265
3	1342	1237	1257
3	1240	1229	1237
3	1342	1240	1237
3	1240	1342	1280
3	1224	1240	1280
3	1253	1214	1259
3	1096	1253	1166
3	1096	1214	1253
3	1166	1253	1285
3	1140	1346	1378
3	1299	1140	1378
3	1140	1285	1346
3	1166	1285	1140
3	1190	1139	1234
3	1139	1137	1234
3	1291	1234	1343
3	1190	1234	1291
3	1190	1291	1269
3	1093	1190	1269
3	1195	1093	1269
3	1120	1093	1195
3	1298	1213	1195
3	1175	1213	1298
3	1213	1120	1195
3	1175	1068	1213
3	1273	1173	1299
3	1171	1173	1273
3	1173	1140	1299
3	1171	1273	1303
3	1252	1303	1332
3	1252	1155	1303
3	1303	1155	1171
3	1155	1072	1171
3	1349	1121	1252
3	1252	1121	1155
3	1121	1130	1155
3	1234	1121	1349
3	1137	1121	1234
3	1139	1056	1137
3	954	1002	1054
3	1126	1054	1002
3	1010	1054	1144
3	1010	968	1054
3	1002	1115	1126
3	995	1025	1115
3	1002	995	1115
3	1124	1136	1141
3	1101	1099	1157
3	1099	1062	1177
3	1080	1135	1075
3	1061	1080	1075
3	1101	1027	1099
3	1080	1027	1101
3	1036	1027	1080
3	1027	1062	1099
3	1061	1036	1080
3	1027	1001	1062
3	972	1001	1027
3	950	972	1036
3	950	1036	1061
3	972	1027	1036
3	879	950	1061
3	1025	1132	1115
3	1151	1114	1146
3	1165	1071	1129
3	1129	1127	1174
3	1067	1123	1202
3	1191	1107	1156
3	1156	1102	1178
3	1078	1057	1172
3	1102	1078	1178
3	1109	1110	1197
3	1095	1109	1197
3	1159	1113	1162
3	1145	1037	1103
3	1118	1089	1199
3	1161	1118	1193
3	1088	1168	1187
3	1211	1088	1187
3	1214	1006	1163
3	1053	1100	1169
3	1053	1169	1098
3	1042	1147	1168
3	1112	1214	1096
3	1069	1139	1190
3	1093	1069	1190
3	1100	1175	1169
3	1171	1052	1173
3	968	954	1054
3	981	995	1002
3	944	968	1010
3	1001	944	1010
3	995	986	1025
3	1423	1445	1490
3	1473	1258	1448
3	1258	1365	1448
3	1424	1258	1473
3	1259	1258	1424
3	1459	1407	1507
3	1504	1459	1507
3	1466	1459	1504
3	1433	1459	1466
3	1484	1433	1466
3	1500	1486	1550
3	1456	1486	1500
3	1436	1484	1486
3	1456	1436	1486
3	1436	1433	1484
3	1436	1341	1433
3	1512	1408	1500
3	1408	1456	1500
3	1385	1439	1476
3	1368	1373	1385
3	1256	1368	1385
3	839	743	864
3	743	839	930
3	847	792	809
3	795	786	828
3	828	786	778
3	759	789	871
3	789	847	849
3	816	781	866
3	821	756	841
3	667	803	820
3	791	692	818
3	784	827	852
3	760	823	844
3	774	782	834
3	782	862	834
3	837	848	814
3	797	745	846
3	815	806	854
3	804	815	860
3	782	796	862
3	806	797	840
3	806	840	831
3	997	926	962
3	1998	969	988
3	978	959	1020
3	947	978	1020
3	969	939	1017
3	939	946	1023
3	952	842	975
3	909	938	994
3	835	935	913
3	793	935	835
3	842	696	942
3	842	942	975
3	826	800	894
3	800	798	894
3	826	894	845
3	845	894	934
3	894	998	934
3	998	894	909
3	930	839	960
3	696	930	942
3	930	960	942
3	839	864	960
3	942	960	1006
3	809	757	853
3	757	795	853
3	828	849	795
3	847	809	853
3	849	847	853
3	795	849	853
3	849	828	873
3	778	826	845
3	778	845	873
3	1872	1861	1883
3	871	873	880
3	1651	1699	1678
3	873	845	897
3	873	897	880
3	897	845	934
3	880	897	916
3	880	916	918
3	916	897	934
3	967	916	934
3	980	967	934
3	776	807	861
3	864	776	861
3	864	861	984
3	861	941	984
3	871	789	849
3	871	849	873
3	794	871	880
3	918	794	880
3	788	799	875
3	799	767	918
3	875	799	893
3	893	799	918
3	875	893	979
3	893	916	1018
3	1018	916	967
3	979	893	1018
3	694	780	882
3	861	807	694
3	882	780	816
3	861	694	882
3	861	882	941
3	816	866	882
3	882	866	955
3	882	955	941
3	963	875	979
3	802	788	875
3	829	802	915
3	802	875	963
3	920	829	915
3	889	829	920
3	915	802	963
3	915	963	971
3	915	971	973
3	920	915	973
3	808	829	851
3	851	829	889
3	901	851	889
3	901	889	1007
3	830	808	851
3	841	712	830
3	830	851	901
3	898	830	901
3	898	901	1005
3	723	833	781
3	922	833	791
3	866	781	955
3	781	833	922
3	781	961	955
3	781	922	961
3	961	922	964
3	791	964	922
3	841	830	898
3	841	898	1008
3	821	878	945
3	821	841	878
3	878	992	945
3	878	841	992
3	945	992	1022
3	820	803	927
3	803	821	945
3	820	927	911
3	927	803	945
3	987	927	945
3	985	911	990
3	911	927	990
3	927	987	990
3	832	820	911
3	832	911	985
3	758	824	943
3	824	832	943
3	943	832	985
3	740	758	827
3	827	758	943
3	791	818	884
3	818	741	884
3	741	801	906
3	741	906	884
3	884	906	958
3	791	884	964
3	784	852	859
3	859	852	925
3	852	827	956
3	925	852	956
3	827	943	956
3	957	925	956
3	956	943	1012
3	784	859	773
3	892	855	837
3	844	855	892
3	892	837	912
3	906	844	892
3	823	785	850
3	760	844	801
3	858	823	850
3	855	823	858
3	801	844	906
3	844	823	855
3	892	912	989
3	906	892	1000
3	846	773	859
3	846	859	883
3	883	859	925
3	925	957	883
3	966	883	957
3	834	874	879
3	848	837	855
3	814	834	879
3	814	879	949
3	837	814	970
3	837	970	912
3	814	949	970
3	768	848	819
3	709	819	850
3	819	848	858
3	848	855	858
3	819	858	850
3	810	709	850
3	785	810	850
3	986	919	966
3	966	993	1003
3	840	797	877
3	797	846	899
3	877	797	899
3	899	846	883
3	899	883	919
3	919	883	966
3	899	919	986
3	877	899	986
3	860	815	932
3	796	860	904
3	860	932	904
3	932	815	944
3	815	854	944
3	904	932	1001
3	932	944	1001
3	834	862	874
3	862	796	891
3	891	796	904
3	874	862	950
3	874	950	879
3	950	862	891
3	891	904	972
3	972	904	1001
3	950	891	972
3	812	819	709
3	854	831	885
3	831	840	870
3	885	831	870
3	870	840	877
3	885	870	981
3	870	877	995
3	877	986	995
3	981	870	995
3	806	831	854
3	944	854	968
3	885	981	954
3	954	981	1002
3	854	885	968
3	968	885	954
3	959	926	1028
3	926	997	1028
3	997	962	988
3	997	988	1014
3	959	1028	1020
3	1020	1028	1066
3	1066	1065	1104
3	969	1017	988
3	1017	939	1023
3	988	1017	1014
3	1426	1476	1569
3	1426	1385	1476
3	1322	1363	1426
3	1363	1385	1426
3	1363	1337	1385
3	1307	1309	1363
3	1390	1426	1569
3	1322	1426	1390
3	1316	1390	1370
3	1316	1322	1390
3	1322	1307	1363
3	1462	1370	1518
3	1370	1457	1518
3	1457	1370	1390
3	1277	1370	1462
3	1316	1370	1277
3	1394	1277	1462
3	1400	1259	1424
3	1253	1259	1400
3	1346	1501	1511
3	1501	1400	1424
3	1346	1400	1501
3	1407	1458	1533
3	1420	1449	1458
3	1407	1291	1458
3	1386	1407	1459
3	1433	1386	1459
3	1341	1386	1433
3	1341	1269	1386
3	1195	1269	1341
3	1386	1291	1407
3	1408	1436	1456
3	1408	1341	1436
3	1298	1341	1408
3	1467	1408	1512
3	1292	1408	1467
3	1330	1292	1467
3	1292	1298	1408
3	1481	1467	1508
3	1443	1369	1481
3	1443	1481	1487
3	1369	1330	1467
3	1369	1467	1481
3	1443	1208	1369
3	1323	1208	1443
3	1376	1487	1497
3	1376	1443	1487
3	1323	1443	1376
3	1376	1282	1323
3	1398	1376	1497
3	1257	1282	1376
3	1257	1376	1398
3	1410	1497	1499
3	1410	1398	1497
3	1410	1257	1398
3	1342	1257	1410
3	1450	1499	1428
3	1450	1410	1499
3	1342	1410	1450
3	1280	1342	1450
3	1368	1280	1450
3	1439	1373	1540
3	1373	1428	1540
3	1385	1373	1439
3	1373	1450	1428
3	1373	1368	1450
3	1412	1346	1511
3	1412	1378	1346
3	1346	1285	1400
3	1479	1412	1513
3	1378	1412	1479
3	1388	1378	1479
3	1388	1299	1378
3	1384	1513	1532
3	1388	1479	1513
3	1384	1332	1513
3	1332	1388	1513
3	1458	1343	1420
3	1449	1349	1384
3	1291	1343	1458
3	1420	1349	1449
3	1234	1420	1343
3	1234	1349	1420
3	1273	1299	1388
3	1252	1332	1384
3	1332	1303	1388
3	1303	1273	1388
3	1349	1252	1384
3	1132	1179	1126
3	1126	1115	1132
3	1184	1236	1220
3	1215	1220	1278
3	1141	1220	1215
3	1136	1233	1184
3	1136	1184	1220
3	1141	1136	1220
3	1157	1177	1272
3	1157	1099	1177
3	1209	1179	1200
3	1150	1144	1179
3	1188	1179	1209
3	1200	1189	1209
3	1126	1179	1144
3	1188	1150	1179
3	1177	1125	1188
3	1134	1189	1200
3	1134	1160	1189
3	1134	1133	1160
3	1179	1134	1200
3	1219	1215	1297
3	1215	1278	1297
3	1236	1233	1284
3	1184	1233	1236
3	1284	1248	1306
3	1248	1270	1306
3	1248	1204	1336
3	1270	1248	1336
3	1284	1204	1248
3	1233	1204	1284
3	1167	1204	1233
3	1075	1135	1204
3	1167	1075	1204
3	1136	1167	1233
3	1167	1097	1075
3	1336	1272	1345
3	1204	1272	1336
3	1135	1272	1204
3	1177	1241	1272
3	1135	1157	1272
3	1272	1241	1264
3	1264	1198	1279
3	1198	1216	1279
3	1241	1209	1264
3	1209	1198	1264
3	1241	1188	1209
3	1177	1188	1241
3	1181	1216	1198
3	1189	1198	1209
3	1160	1198	1189
3	1087	1181	1198
3	1087	1131	1181
3	1160	1087	1198
3	1186	1215	1219
3	1186	1142	1215
3	1275	1274	1335
3	1311	1275	1335
3	1219	1297	1327
3	1274	1238	1219
3	1238	1274	1275
3	1180	1238	1275
3	1186	1219	1238
3	1180	1186	1238
3	1180	1164	1186
3	1164	1138	1186
3	1305	1270	1354
3	1270	1311	1306
3	1270	1305	1311
3	1305	1275	1311
3	1294	1275	1305
3	1180	1275	1294
3	1279	1216	1314
3	1216	1276	1314
3	1149	1176	1251
3	1181	1149	1251
3	1181	1251	1276
3	1216	1181	1276
3	1131	1149	1181
3	1183	1180	1271
3	1174	1207	1223
3	1207	1183	1222
3	1122	1183	1207
3	1174	1086	1207
3	1271	1180	1294
3	1183	1271	1318
3	1222	1183	1318
3	1276	1251	1266
3	1176	1266	1251
3	1288	1230	1375
3	1266	1176	1288
3	1176	1230	1288
3	1176	1158	1230
3	1016	1158	1176
3	1227	1326	1320
3	1375	1227	1320
3	1230	1227	1375
3	1230	1158	1227
3	1158	1116	1227
3	1326	1170	1333
3	1170	1185	1333
3	1227	1170	1326
3	1116	1170	1227
3	1170	1151	1185
3	1146	1281	1185
3	1151	1146	1185
3	1223	1222	1315
3	1223	1207	1222
3	1308	1365	1258
3	1337	1256	1385
3	1203	1330	1369
3	1208	1203	1369
3	1285	1253	1400
3	1144	1054	1126
3	1080	1101	1157
3	1135	1080	1157
3	1125	1150	1188
3	1062	1125	1177
3	1133	1106	1160
3	1132	1134	1179
3	1142	1141	1215
3	1136	1124	1167
3	1108	1083	1167
3	1138	1142	1186
3	1084	1016	1176
3	1149	1084	1176
3	1086	1122	1207
3	1122	1180	1183
3	1114	1151	1170
3	1055	1170	1116
3	1062	1150	1125
3	1150	1010	1144
3	1062	1010	1150
3	1062	1001	1010
3	1132	1105	1134
3	1105	1133	1134
3	1105	1106	1133
3	1025	1105	1132
3	1105	1003	1106
3	1003	1058	1106
3	993	1058	1003
3	1025	1003	1105
3	986	1003	1025
3	1124	1108	1167
3	1124	1142	1143
3	1124	1141	1142
3	1083	1097	1167
3	1060	1083	1108
3	1060	1009	1083
3	1061	1075	1097
3	949	1061	1097
3	1083	970	1097
3	1009	970	1083
3	989	1009	1060
3	970	949	1097
3	912	970	1009
3	949	879	1061
3	1106	1087	1160
3	1087	1091	1131
3	1058	1087	1106
3	1087	1041	1091
3	1058	1041	1087
3	1041	1039	1091
3	993	1041	1058
3	993	957	1041
3	966	957	993
3	1143	1142	1138
3	1081	1138	1164
3	1108	1124	1143
3	1138	1033	1143
3	1033	1108	1143
3	1060	1108	1033
3	1081	1033	1138
3	1033	1000	1060
3	1000	989	1060
3	1131	1084	1149
3	1039	1084	1131
3	1091	1039	1131
3	1013	1084	1039
3	1013	1016	1084
3	1013	1012	1016
3	957	1039	1041
3	1012	943	1016
3	1081	1164	1180
3	1122	1081	1180
3	1086	1081	1122
3	964	1081	1086
3	964	958	1081
3	958	1033	1081
3	1148	1116	1158
3	1031	1116	1148
3	1016	1148	1158
3	990	1055	1116
3	1031	990	1116
3	1016	943	1148
3	943	1031	1148
3	1055	1114	1170
3	1055	1035	1114
3	985	990	1031
3	990	1035	1055
3	990	987	1035
3	1022	1111	1146
3	1114	1035	1146
3	1035	1022	1146
3	987	1022	1035
3	992	1067	1111
3	992	1111	1022
3	992	1008	1067
3	987	945	1022
3	898	1005	1008
3	1127	1086	1174
3	1063	1165	1110
3	1063	1034	1165
3	1034	1071	1165
3	1071	1127	1129
3	964	1086	1127
3	961	1127	1071
3	1034	961	1071
3	961	964	1127
3	955	961	1034
3	1067	1074	1123
3	1008	1005	1067
3	1005	1074	1067
3	1123	1074	1191
3	1074	1107	1191
3	1107	1102	1156
3	1044	1107	1074
3	1107	1044	1102
3	1074	1005	1044
3	1005	1007	1044
3	1044	920	973
3	1007	920	1044
3	1059	1078	1102
3	1059	1043	1078
3	1044	1059	1102
3	971	1043	1059
3	1044	973	1059
3	973	971	1059
3	1043	1026	1038
3	971	1026	1043
3	963	1026	971
3	963	979	1026
3	1109	1063	1110
3	1030	1063	1109
3	1021	1063	1030
3	1021	1034	1063
3	1021	955	1034
3	941	1021	1030
3	941	955	1021
3	1154	1128	1153
3	1057	1128	1154
3	1128	1090	1153
3	1043	1038	1078
3	1078	1038	1057
3	1038	1051	1057
3	309	312	315
3	1038	1018	1051
3	1026	979	1038
3	979	1018	1038
3	1048	1095	1196
3	1095	1030	1109
3	1048	1030	1095
3	984	1030	1048
3	984	941	1030
3	1089	1103	1199
3	1090	1113	1153
3	1089	1145	1103
3	1090	1089	1113
3	1090	1145	1089
3	1051	1145	1090
3	1018	980	1051
3	1051	1037	1145
3	980	1037	1051
3	967	980	1018
3	980	934	1037
3	934	998	1037
3	1113	1118	1162
3	1113	1089	1118
3	1006	1029	1163
3	1029	1082	1163
3	1082	1029	1048
3	1029	984	1048
3	1029	960	984
3	960	1029	1006
3	1103	1088	1211
3	1076	1088	1103
3	1037	1076	1103
3	1088	1076	1042
3	1076	998	1042
3	998	1076	1037
3	998	994	1042
3	1112	1006	1214
3	975	1006	1112
3	975	942	1006
3	1147	1152	1168
3	1147	1119	1152
3	1119	1046	1152
3	1046	1098	1152
3	1047	1053	1098
3	1046	1047	1098
3	1088	1042	1168
3	1042	1094	1147
3	1094	1119	1147
3	1079	1094	1042
3	1077	1046	1119
3	1079	1019	1094
3	1019	1032	1094
3	994	1019	1079
3	1042	994	1079
3	994	938	1019
3	1019	948	1032
3	1004	1096	1166
3	1096	1004	1112
3	1004	952	1112
3	952	975	1112
3	1085	1004	1166
3	965	1004	1085
3	1069	1056	1139
3	1069	1015	1056
3	983	1056	1015
3	1069	977	1015
3	1015	933	983
3	1120	1040	1093
3	1040	977	1093
3	1093	977	1069
3	951	977	1040
3	933	1015	977
3	1068	1120	1213
3	1068	996	1120
3	996	1040	1120
3	931	996	1068
3	996	951	1040
3	1100	1068	1175
3	931	1100	1053
3	935	931	1053
3	1100	931	1068
3	913	1053	1047
3	1049	1046	1077
3	913	935	1053
3	928	913	1047
3	1011	1046	1049
3	1046	1011	1047
3	1011	928	1047
3	1077	1119	1094
3	1117	1077	1094
3	1094	1104	1117
3	1092	1077	1117
3	1094	1032	1104
3	1050	1077	1092
3	1045	1050	1092
3	1050	1049	1077
3	1023	1050	1045
3	982	1049	1050
3	1050	1023	982
3	946	982	1023
3	982	1011	1049
3	1032	1066	1104
3	999	1066	1032
3	999	947	1020
3	1140	1073	1166
3	1073	1085	1166
3	1024	1085	1073
3	1024	965	1085
3	1073	1140	1173
3	1052	1073	1173
3	1072	1052	1171
3	974	923	1052
3	910	1052	1072
3	910	974	1052
3	923	1073	1052
3	923	1024	1073
3	1155	1070	1072
3	1070	910	1072
3	976	910	1070
3	1070	1155	1130
3	1121	1064	1130
3	991	1070	1130
3	1064	991	1130
3	991	976	1070
3	1137	1064	1121
3	1056	1064	1137
3	983	1064	1056
3	983	991	1064
3	1065	1092	1117
3	1104	1065	1117
3	1065	1045	1092
3	1014	1045	1065
3	997	1014	1065
3	1017	1045	1014
3	1017	1023	1045
3	1066	997	1065
3	1028	997	1066
3	999	1020	1066
3	1003	986	966
3	989	912	1009
3	958	1000	1033
3	906	1000	958
3	1000	892	989
3	1013	956	1012
3	957	1013	1039
3	957	956	1013
3	964	884	958
3	943	985	1031
3	992	841	1008
3	901	1007	1005
3	889	920	1007
3	960	864	984
3	998	909	994
3	948	999	1032
3	983	953	991
3	1914	1932	1955
3	1927	1911	1914
3	1878	1932	1914
3	1926	1932	1878
3	1911	1894	1914
3	1850	1911	1885
3	1851	1894	1911
3	1851	1858	1894
3	1850	1851	1911
3	1878	1881	1926
3	1878	1859	1881
3	1914	1862	1878
3	1894	1862	1914
3	1833	1862	1894
3	1870	1832	1876
3	1870	1831	1832
3	1867	1819	1846
3	1857	1819	1867
3	1832	1819	1857
3	1819	1802	1846
3	1831	1822	1832
3	1822	1819	1832
3	1822	1802	1819
3	1852	1845	1891
3	1846	1802	1852
3	1791	1845	1852
3	1802	1791	1852
3	1802	1763	1791
3	1822	1740	1802
3	1740	1763	1802
3	1752	1740	1822
3	1701	1740	1752
3	652	517	557
3	649	517	652
3	485	633	572
3	633	563	654
3	563	611	654
3	603	627	687
3	576	642	623
3	634	623	658
3	632	625	665
3	615	599	697
3	599	548	624
3	599	624	697
3	625	547	634
3	578	632	657
3	512	660	607
3	643	659	664
3	605	581	693
3	613	605	653
3	653	605	693
3	552	495	691
3	601	650	670
3	601	670	681
3	732	701	771
3	639	568	744
3	689	628	747
3	635	622	732
3	622	701	732
3	622	591	708
3	701	622	708
3	708	591	805
3	591	648	805
3	708	805	825
3	701	708	825
3	825	805	856
3	648	687	805
3	805	687	822
3	558	577	688
3	649	652	678
3	678	652	750
3	593	572	680
3	593	680	621
3	557	621	652
3	652	621	720
3	621	680	765
3	720	621	765
3	765	680	836
3	798	720	765
3	633	675	572
3	572	675	680
3	680	675	811
3	675	738	835
3	680	811	836
3	654	611	669
3	633	654	675
3	675	654	738
3	654	669	738
3	738	793	835
3	669	611	631
3	631	639	728
3	568	586	655
3	648	603	687
3	687	627	696
3	822	687	842
3	687	696	842
3	696	743	930
3	636	595	686
3	647	604	683
3	595	647	686
3	647	683	686
3	604	626	683
3	683	626	666
3	626	555	666
3	724	683	761
3	683	666	761
3	612	558	688
3	577	678	688
3	612	688	666
3	666	688	735
3	688	678	735
3	757	666	735
3	666	757	761
3	757	735	786
3	757	786	795
3	678	750	764
3	735	678	764
3	750	652	800
3	735	764	778
3	735	778	786
3	764	750	826
3	778	764	826
3	826	750	800
3	652	720	800
3	720	798	800
3	696	627	743
3	627	553	713
3	627	713	743
3	713	776	743
3	743	776	864
3	642	620	699
3	620	636	699
3	642	699	658
3	636	686	699
3	707	658	699
3	707	699	731
3	731	699	734
3	699	686	734
3	707	731	739
3	686	683	734
3	683	724	734
3	734	724	739
3	700	707	739
3	734	739	731
3	724	742	739
3	739	742	737
3	724	761	742
3	753	742	792
3	783	753	792
3	742	761	809
3	792	742	809
3	783	792	847
3	809	761	757
3	656	619	694
3	553	656	713
3	656	694	713
3	713	694	776
3	776	694	807
3	658	623	642
3	657	632	665
3	665	625	685
3	625	634	685
3	685	634	658
3	707	665	685
3	685	658	707
3	677	609	657
3	700	657	665
3	700	665	707
3	609	677	651
3	677	657	700
3	677	700	737
3	748	677	753
3	677	737	753
3	737	700	739
3	737	742	753
3	716	660	748
3	660	651	748
3	651	677	748
3	716	748	789
3	748	753	783
3	748	783	789
3	789	783	847
3	716	789	759
3	746	759	871
3	676	703	746
3	794	746	871
3	606	663	676
3	767	676	794
3	676	746	794
3	767	794	918
3	766	767	799
3	766	676	767
3	674	582	606
3	674	606	766
3	606	676	766
3	674	766	799
3	674	799	788
3	624	583	706
3	564	617	638
3	638	617	661
3	694	619	638
3	694	638	733
3	638	661	733
3	733	661	763
3	733	763	780
3	733	780	694
3	780	763	816
3	660	573	651
3	518	607	703
3	607	660	716
3	759	607	716
3	703	607	759
3	746	703	759
3	571	518	703
3	571	703	676
3	663	571	676
3	582	674	718
3	583	582	718
3	718	674	802
3	829	718	802
3	802	674	788
3	583	718	706
3	624	706	715
3	715	706	808
3	706	718	829
3	615	697	712
3	697	624	715
3	712	697	715
3	712	715	830
3	830	715	808
3	756	712	841
3	592	615	712
3	617	643	668
3	643	679	668
3	661	617	668
3	643	664	679
3	714	659	684
3	664	659	714
3	664	714	692
3	664	692	679
3	679	723	668
3	661	668	763
3	763	668	781
3	679	692	791
3	763	781	816
3	723	679	833
3	679	791	833
3	581	592	667
3	667	592	712
3	667	712	756
3	667	756	821
3	803	667	821
3	693	581	667
3	693	667	820
3	653	693	752
3	719	653	824
3	752	693	820
3	653	752	832
3	832	752	820
3	824	653	832
3	539	613	710
3	539	710	740
3	710	613	719
3	719	613	653
3	710	719	758
3	710	758	740
3	758	719	824
3	650	552	691
3	691	495	539
3	730	539	740
3	691	539	730
3	691	730	777
3	777	730	740
3	645	601	681
3	659	645	681
3	684	659	681
3	684	681	725
3	684	725	714
3	725	769	714
3	692	714	818
3	714	769	741
3	714	741	818
3	721	711	698
3	721	698	736
3	721	736	784
3	773	721	784
3	698	691	736
3	736	691	777
3	784	736	777
3	784	777	827
3	777	740	827
3	650	671	670
3	671	698	711
3	670	671	711
3	698	650	691
3	670	711	695
3	681	670	695
3	662	637	702
3	637	682	702
3	682	695	702
3	682	637	769
3	682	769	725
3	702	695	727
3	682	681	695
3	681	682	725
3	637	644	690
3	1791	1770	1845
3	1816	1861	1874
3	1887	1874	1870
3	1816	1826	1861
3	1874	1861	1864
3	1854	1874	1864
3	1854	1830	1874
3	1874	1830	1870
3	1830	1831	1870
3	1844	1830	1854
3	1815	1830	1844
3	1809	1831	1830
3	1815	1809	1830
3	1809	1822	1831
3	1809	1761	1822
3	1797	1809	1815
3	1761	1809	1797
3	1761	1752	1822
3	1737	1752	1761
3	1738	1737	1761
3	1740	1704	1763
3	1738	1718	1737
3	1737	1701	1752
3	1770	1841	1845
3	1791	1763	1770
3	1763	1749	1770
3	1704	1749	1763
3	1718	1701	1737
3	1701	1704	1740
3	1770	1828	1841
3	1780	1827	1828
3	1749	1703	1770
3	1703	1780	1828
3	1770	1703	1828
3	1816	1904	1826
3	1864	1861	1872
3	1847	1853	1872
3	1853	1864	1872
3	1853	1854	1864
3	1860	1853	1847
3	1865	1849	1856
3	1849	1865	1842
3	1856	1853	1855
3	1849	1853	1856
3	1849	1854	1853
3	1849	1844	1854
3	1844	1849	1842
3	1842	1815	1844
3	1838	1794	1818
3	1818	1800	1842
3	1800	1815	1842
3	1800	1797	1815
3	1800	1818	1794
3	1797	1800	1768
3	1768	1800	1794
3	1768	1759	1797
3	1759	1761	1797
3	1738	1759	1732
3	1738	1761	1759
3	1732	1718	1738
3	1732	1721	1718
3	1692	1721	1732
3	1806	1869	1879
3	1827	1806	1879
3	1780	1806	1827
3	1708	1776	1806
3	1780	1708	1806
3	1703	1708	1780
3	1853	1860	1855
3	1836	1794	1838
3	1836	1793	1794
3	1768	1794	1793
3	1805	1793	1836
3	1699	1692	1805
3	1692	1793	1805
3	1724	1699	1805
3	1767	1724	1805
3	1768	1692	1759
3	1692	1768	1793
3	1654	1699	1724
3	1692	1732	1759
3	1839	1747	1750
3	1747	1839	1806
3	1776	1747	1806
3	1708	1694	1776
3	1650	1729	1750
3	1666	1650	1750
3	1673	1666	1750
3	1673	1750	1747
3	1673	1747	1776
3	1694	1673	1776
3	1806	1839	1869
3	1811	1835	1840
3	1811	1810	1835
3	1728	1810	1811
3	1728	1726	1810
3	1835	1786	1840
3	1810	1786	1835
3	1648	1786	1810
3	1648	1631	1786
3	1726	1658	1810
3	1658	1648	1810
3	1820	1803	1868
3	1717	1803	1820
3	1730	1717	1820
3	1687	1585	1803
3	1717	1687	1803
3	1619	1687	1717
3	1767	1848	1868
3	1767	1805	1848
3	1868	1803	1767
3	1585	1767	1803
3	1664	1767	1585
3	1664	1724	1767
3	1839	1750	1837
3	1729	1799	1837
3	1750	1729	1837
3	1729	1638	1799
3	1729	1617	1638
3	1638	1674	1799
3	1719	1613	1731
3	1613	1719	1679
3	1762	1751	1798
3	1720	1758	1751
3	1720	1751	1731
3	1829	1840	1824
3	1824	1798	1829
3	1829	1811	1840
3	1781	1798	1824
3	1772	1781	1824
3	1758	1811	1829
3	1798	1758	1829
3	1798	1751	1758
3	1758	1728	1811
3	1720	1728	1758
3	1840	1786	1824
3	1748	1824	1786
3	1748	1772	1824
3	1786	1574	1748
3	1631	1574	1786
3	1748	1715	1772
3	1748	1587	1715
3	1686	1670	1741
3	1788	1795	1863
3	1725	1820	1843
3	1795	1725	1843
3	1725	1730	1820
3	1741	1795	1744
3	1741	1725	1795
3	1686	1741	1744
3	1725	1682	1730
3	1670	1682	1741
3	1682	1725	1741
3	1792	1863	1875
3	1851	1825	1858
3	1825	1804	1858
3	1850	1825	1851
3	1713	1714	1719
3	1713	1719	1790
3	1785	1762	1798
3	1781	1785	1798
3	1792	1788	1863
3	1872	1883	1905
3	1833	1894	1858
3	1704	1703	1749
3	1685	1701	1718
3	1721	1655	1718
3	1703	1683	1708
3	1635	1654	1724
3	1597	1635	1724
3	1647	1726	1728
3	1650	1617	1729
3	1713	1618	1714
3	1714	1679	1719
3	1613	1720	1731
3	1574	1587	1748
3	541	615	592
3	541	559	615
3	440	541	592
3	440	472	541
3	326	430	571
3	435	518	571
3	580	435	571
3	571	430	580
3	430	435	580
3	518	512	607
3	512	499	660
3	512	404	499
3	435	512	518
3	434	400	488
3	609	578	657
3	493	578	609
3	588	493	609
3	488	400	588
3	400	493	588
3	400	456	493
3	578	625	632
3	578	600	625
3	600	547	625
3	578	509	600
3	493	525	578
3	525	509	578
3	456	525	493
3	456	353	525
3	547	579	634
3	579	524	584
3	509	547	600
3	524	515	584
3	547	524	579
3	455	547	509
3	455	524	547
3	455	408	524
3	369	515	524
3	408	369	524
3	473	507	546
3	473	505	515
3	391	473	515
3	369	391	515
3	473	436	507
3	391	436	473
3	594	513	598
3	513	522	598
3	522	565	598
3	565	551	598
3	551	527	598
3	543	551	565
3	543	546	551
3	507	527	551
3	507	551	546
3	507	436	527
3	492	522	513
3	561	513	594
3	432	492	513
3	432	431	492
3	638	355	564
3	564	504	617
3	423	504	564
3	355	358	564
3	358	423	564
3	559	566	615
3	476	487	566
3	559	501	566
3	541	501	559
3	501	476	566
3	415	487	476
3	472	501	541
3	419	415	476
3	501	419	476
3	472	419	501
3	566	599	615
3	599	510	548
3	566	487	599
3	487	510	599
3	457	583	624
3	548	457	624
3	470	582	583
3	457	470	583
3	457	414	470
3	582	474	606
3	536	606	474
3	582	470	474
3	606	536	663
3	474	345	536
3	470	321	474
3	321	345	474
3	663	537	571
3	536	537	663
3	536	345	537
3	537	326	571
3	345	326	537
3	499	573	660
3	499	454	573
3	404	373	499
3	373	454	499
3	373	339	454
3	651	488	609
3	573	488	651
3	454	488	573
3	434	488	454
3	339	434	454
3	488	588	609
3	584	623	634
3	579	584	634
3	584	562	623
3	562	576	623
3	515	562	584
3	562	538	576
3	505	538	562
3	515	505	562
3	530	538	505
3	538	530	546
3	511	521	538
3	505	473	530
3	530	473	546
3	543	565	522
3	522	511	543
3	543	511	546
3	546	511	538
3	371	383	387
3	492	387	522
3	492	431	387
3	619	355	638
3	553	399	619
3	553	619	656
3	399	355	619
3	399	338	355
3	415	452	487
3	359	452	415
3	359	449	452
3	480	510	487
3	452	480	487
3	452	449	484
3	452	484	480
3	475	480	490
3	510	464	548
3	464	457	548
3	480	464	510
3	475	464	480
3	475	421	464
3	464	421	457
3	405	421	475
3	554	620	642
3	576	554	642
3	554	506	620
3	463	506	554
3	463	370	506
3	370	411	506
3	538	521	576
3	521	554	576
3	521	463	554
3	511	442	521
3	442	463	521
3	442	370	463
3	427	442	511
3	383	511	522
3	387	383	522
3	383	427	511
3	383	424	427
3	489	553	627
3	603	489	627
3	534	489	603
3	399	553	489
3	401	489	534
3	403	401	534
3	401	399	489
3	498	486	520
3	498	458	486
3	449	458	498
3	490	529	611
3	484	498	520
3	484	520	529
3	480	484	529
3	490	480	529
3	484	449	498
3	563	490	611
3	437	490	563
3	485	437	563
3	405	475	490
3	437	405	490
3	248	437	485
3	398	437	248
3	381	248	477
3	555	612	666
3	556	555	626
3	558	612	555
3	468	558	555
3	367	468	555
3	367	555	556
3	365	390	468
3	365	468	367
3	604	556	626
3	604	433	556
3	367	556	433
3	595	604	647
3	595	433	604
3	549	433	595
3	346	433	549
3	407	346	549
3	620	506	636
3	549	595	636
3	506	540	636
3	540	549	636
3	540	407	549
3	506	396	540
3	396	407	540
3	411	396	506
3	500	534	603
3	500	603	648
3	591	500	648
3	461	500	591
3	461	378	500
3	500	403	534
3	378	403	500
3	438	378	461
3	413	438	461
3	377	368	466
3	368	417	466
3	586	486	655
3	486	471	655
3	568	486	586
3	520	568	596
3	520	486	568
3	458	471	486
3	377	471	458
3	471	377	466
3	631	596	639
3	596	568	639
3	611	529	631
3	529	596	631
3	529	520	596
3	485	563	633
3	477	485	572
3	248	485	477
3	593	477	572
3	557	593	621
3	519	557	517
3	557	519	593
3	447	477	593
3	519	447	593
3	447	381	477
3	517	395	519
3	447	264	381
3	395	447	519
3	514	649	678
3	514	517	649
3	577	514	678
3	514	395	517
3	350	254	304
3	468	514	577
3	468	577	558
3	468	286	514
3	461	591	622
3	545	461	622
3	413	461	545
3	635	545	622
3	570	545	635
3	570	413	545
3	567	570	635
3	435	297	512
3	299	412	423
3	414	321	470
3	294	435	430
3	297	404	512
3	339	273	434
3	421	414	457
3	427	341	442
3	341	370	442
3	424	327	427
3	449	361	458
3	359	361	449
3	398	405	437
3	340	367	433
3	250	346	407
3	417	382	376
3	382	417	368
3	286	395	514
3	533	567	585
3	567	393	570
3	533	393	567
3	376	393	533
3	393	413	570
3	567	628	585
3	417	533	585
3	376	533	417
3	466	585	629
3	466	417	585
3	471	466	629
3	287	356	380
3	265	325	356
3	394	329	333
3	314	394	428
3	314	329	394
3	333	287	380
3	329	287	333
3	314	238	329
3	218	287	329
3	238	218	329
3	287	265	356
3	218	265	287
3	218	197	265
3	238	197	218
3	374	257	313
3	332	167	374
3	167	257	374
3	167	332	325
3	265	223	325
3	223	167	325
3	197	223	265
3	223	169	167
3	1270	1336	1354
3	1306	1311	1351
3	1311	1335	1351
3	1294	1305	1354
3	1219	1327	1274
3	1274	1327	1364
3	1335	1274	1364
3	1264	1279	1345
3	1272	1264	1345
3	1449	1384	1525
3	1525	1384	1532
3	1428	1499	1593
3	1499	1521	1593
3	1487	1481	1551
3	1508	1467	1512
3	1449	1517	1458
3	1407	1533	1507
3	1501	1424	1544
3	1462	1518	1573
3	1457	1390	1515
3	1515	1390	1569
3	1439	1540	1476
3	1512	1500	1537
3	1490	1474	1519
3	1496	1462	1575
3	1464	1528	1473
3	1473	1528	1541
3	1493	1503	1506
3	1429	1520	1514
3	1422	1598	1536
3	1574	1598	1587
3	1538	1498	1547
3	1516	1417	1498
3	1463	1397	1535
3	1489	1463	1545
3	1414	1493	1543
3	1279	1314	1345
3	1354	1336	1401
3	1336	1345	1401
3	1345	1314	1382
3	1345	1382	1435
3	1401	1345	1435
3	1362	1294	1354
3	1335	1364	1351
3	1284	1306	1351
3	1284	1351	1236
3	1364	1327	1236
3	1351	1364	1236
3	1327	1297	1236
3	1297	1220	1236
3	1297	1278	1220
3	1513	1412	1511
3	1513	1511	1584
3	1513	1584	1532
3	1540	1593	1608
3	1428	1593	1540
3	1593	1521	1601
3	1567	1499	1497
3	1521	1499	1567
3	1521	1567	1645
3	1645	1567	1649
3	1551	1481	1564
3	1497	1487	1551
3	1497	1551	1567
3	1551	1564	1649
3	1567	1551	1649
3	1645	1649	1680
3	1649	1564	1698
3	1564	1481	1508
3	1620	1564	1508
3	1508	1560	1620
3	1517	1449	1568
3	1458	1517	1533
3	1533	1517	1555
3	1517	1607	1677
3	1449	1525	1568
3	1517	1568	1607
3	1568	1525	1623
3	1568	1623	1607
3	1607	1623	1690
3	1677	1607	1690
3	1690	1623	1667
3	1525	1532	1623
3	1623	1532	1634
3	1532	1584	1634
3	1623	1634	1667
3	1634	1584	1667
3	1667	1584	1675
3	1511	1582	1584
3	1584	1582	1657
3	1584	1657	1675
3	1582	1672	1657
3	1424	1548	1544
3	1511	1501	1582
3	1582	1501	1544
3	1519	1474	1577
3	1573	1518	1590
3	1462	1573	1575
3	1573	1590	1632
3	1518	1457	1590
3	1457	1515	1590
3	1590	1515	1632
3	1632	1515	1633
3	1515	1569	1609
3	1515	1609	1633
3	1609	1612	1665
3	1633	1609	1665
3	1665	1612	1653
3	1569	1596	1612
3	1569	1476	1596
3	1612	1596	1641
3	1609	1569	1612
3	1612	1641	1681
3	1653	1612	1681
3	1660	1653	1681
3	1476	1540	1608
3	1596	1476	1608
3	1593	1601	1608
3	1596	1608	1637
3	1608	1601	1637
3	1596	1637	1641
3	1637	1601	1671
3	1641	1637	1706
3	1637	1671	1706
3	1681	1641	1706
3	1521	1669	1601
3	1601	1669	1671
3	1521	1645	1669
3	1560	1537	1615
3	1615	1537	1595
3	1620	1560	1691
3	1560	1615	1691
3	1620	1691	1711
3	1564	1620	1711
3	1508	1512	1560
3	1512	1537	1560
3	1537	1500	1550
3	1537	1550	1530
3	1537	1530	1595
3	1557	1507	1625
3	1507	1555	1625
3	1507	1533	1555
3	1555	1517	1643
3	1555	1643	1625
3	1643	1517	1677
3	1643	1677	1710
3	1643	1710	1705
3	1677	1690	1710
3	1657	1672	1742
3	1548	1541	1599
3	1544	1548	1599
3	1541	1528	1639
3	1599	1541	1639
3	1544	1599	1672
3	1582	1544	1672
3	1599	1639	1689
3	1672	1599	1689
3	1639	1659	1689
3	1473	1541	1424
3	1424	1541	1548
3	1490	1519	1562
3	1519	1760	1562
3	1715	1562	1760
3	1577	1712	1519
3	1485	1496	1604
3	1496	1575	1604
3	1577	1485	1604
3	1577	1604	1712
3	1604	1575	1636
3	1604	1636	1712
3	1575	1573	1632
3	1575	1632	1636
3	1688	1626	1695
3	1660	1681	1695
3	1695	1681	1688
3	1626	1656	1695
3	1684	1626	1688
3	1688	1681	1706
3	1588	1571	1676
3	1642	1595	1588
3	1642	1588	1676
3	1571	1644	1676
3	1494	1530	1550
3	1539	1495	1588
3	1539	1452	1495
3	1530	1539	1595
3	1595	1539	1588
3	1557	1504	1507
3	1506	1504	1557
3	1506	1557	1611
3	1557	1625	1611
3	1625	1643	1611
3	1611	1643	1705
3	1561	1606	1629
3	1528	1561	1639
3	1561	1629	1639
3	1659	1639	1629
3	1629	1606	1686
3	1629	1686	1727
3	1659	1629	1727
3	1464	1444	1514
3	1464	1514	1561
3	1528	1464	1561
3	1446	1490	1562
3	1446	1562	1587
3	1587	1562	1715
3	1700	1707	1713
3	1580	1707	1700
3	1542	1580	1591
3	1470	1542	1591
3	1578	1591	1630
3	1652	1580	1709
3	1578	1630	1656
3	1591	1580	1652
3	1591	1652	1630
3	1656	1630	1693
3	1535	1469	1600
3	1553	1469	1578
3	1469	1553	1600
3	1469	1470	1591
3	1469	1591	1578
3	1578	1626	1553
3	1626	1578	1656
3	1600	1553	1646
3	1553	1626	1684
3	1553	1684	1646
3	1535	1600	1570
3	1570	1600	1640
3	1545	1570	1640
3	1600	1646	1640
3	1640	1646	1743
3	1545	1640	1668
3	1668	1640	1702
3	1321	1489	1565
3	1563	1321	1565
3	1489	1545	1565
3	1563	1565	1621
3	1565	1545	1644
3	1621	1565	1644
3	1545	1668	1644
3	1495	1563	1621
3	1495	1571	1588
3	1571	1495	1621
3	1571	1621	1644
3	1493	1506	1583
3	1583	1506	1611
3	1583	1611	1674
3	1622	1583	1674
3	1622	1674	1638
3	1514	1520	1586
3	1561	1514	1586
3	1586	1520	1628
3	1606	1561	1586
3	1586	1628	1661
3	1586	1661	1686
3	1606	1586	1686
3	1661	1628	1670
3	1686	1661	1670
3	1453	1461	1999
3	1547	1498	1453
3	1453	1999	1547
3	1547	1999	1728
3	1538	1547	1613
3	1613	1547	1720
3	1547	1728	1720
3	1498	1538	1516
3	1509	1468	1516
3	1516	1538	1613
3	1509	1516	1616
3	1516	1613	1616
3	1616	1613	1679
3	1663	1616	1714
3	1616	1679	1714
3	1572	1488	1509
3	1572	1509	1663
3	1509	1616	1663
3	1618	1572	1663
3	1707	1618	1713
3	1618	1663	1714
3	1552	1477	1572
3	1477	1488	1572
3	1552	1572	1580
3	1580	1572	1707
3	1707	1572	1618
3	1542	1552	1580
3	1570	1463	1535
3	1545	1463	1570
3	1543	1493	1559
3	384	239	352
3	220	384	337
3	220	239	384
3	260	428	352
3	239	260	352
3	428	260	314
3	260	238	314
3	177	239	220
3	239	177	260
3	177	238	260
3	181	354	276
3	313	257	320
3	257	276	320
3	127	181	276
3	257	127	276
3	215	328	389
3	328	220	337
3	241	328	215
3	241	220	328
3	133	241	215
3	133	177	241
3	177	220	241
3	255	347	429
3	354	255	429
3	181	255	354
3	181	179	255
3	70	179	181
3	251	389	406
3	323	251	406
3	251	215	389
3	251	164	215
3	113	164	251
3	402	379	406
3	379	402	448
3	364	379	448
3	344	379	364
3	379	344	323
3	362	385	363
3	362	344	364
3	362	364	409
3	363	344	362
3	324	343	443
3	347	324	443
3	347	184	324
3	255	184	347
3	184	194	324
3	179	184	255
3	184	119	194
3	125	137	281
3	176	277	305
3	176	155	277
3	155	214	277
3	363	323	344
3	363	304	323
3	350	304	363
3	302	317	319
3	302	319	331
3	214	302	331
3	254	288	302
3	113	251	304
3	251	323	304
3	254	178	304
3	178	113	304
3	178	254	302
3	214	178	302
3	155	178	214
3	388	350	363
3	343	303	388
3	303	350	388
3	234	303	343
3	303	288	350
3	288	291	317
3	303	291	288
3	291	303	217
3	302	288	317
3	234	217	303
3	195	217	234
3	195	117	217
3	324	194	343
3	343	194	234
3	143	234	194
3	353	282	453
3	375	216	349
3	349	237	360
3	216	237	349
3	131	281	237
3	216	131	237
3	131	125	281
3	152	131	216
3	348	561	426
3	348	426	360
3	348	274	561
3	281	348	360
3	237	281	360
3	281	274	348
3	307	422	418
3	289	418	425
3	289	307	418
3	307	285	392
3	289	208	307
3	208	285	307
3	208	235	285
3	163	235	208
3	163	140	235
3	305	410	392
3	305	331	410
3	277	331	305
3	285	305	392
3	277	214	331
3	285	235	305
3	235	176	305
3	140	176	235
3	441	330	462
3	331	441	410
3	441	317	330
3	331	317	441
3	319	317	331
3	291	330	317
3	206	240	330
3	46	26	33
3	462	330	351
3	330	240	351
3	240	247	351
3	217	117	291
3	117	206	291
3	225	168	266
3	225	188	168
3	308	357	400
3	400	357	456
3	227	242	357
3	357	353	456
3	357	282	353
3	242	282	357
3	242	205	282
3	205	252	282
3	160	205	242
3	160	156	205
3	227	146	242
3	146	160	242
3	282	252	342
3	342	262	408
3	252	262	342
3	252	159	262
3	205	156	252
3	156	159	252
3	391	284	436
3	284	283	436
3	284	369	408
3	369	284	391
3	216	375	436
3	283	216	436
3	262	284	408
3	262	211	284
3	211	283	284
3	211	144	283
3	144	216	283
3	159	211	262
3	144	152	216
3	159	129	211
3	561	274	432
3	138	431	432
3	138	151	431
3	274	138	432
3	199	138	274
3	412	299	425
3	358	299	423
3	355	280	358
3	280	299	358
3	280	203	299
3	299	289	425
3	203	289	299
3	203	208	289
3	134	208	203
3	351	472	386
3	419	322	415
3	322	419	472
3	351	322	472
3	247	322	351
3	247	222	322
3	192	222	247
3	206	122	240
3	240	192	247
3	122	192	240
3	210	345	321
3	213	210	321
3	345	210	326
3	245	430	326
3	245	294	430
3	204	326	210
3	204	245	326
3	204	191	245
3	259	297	294
3	245	259	294
3	245	191	259
3	191	180	231
3	297	278	404
3	294	297	435
3	297	231	278
3	259	231	297
3	278	268	298
3	231	268	278
3	191	231	259
3	278	298	373
3	434	308	400
3	308	161	357
3	161	227	357
3	161	146	227
3	222	293	322
3	415	322	359
3	187	210	213
3	197	154	223
3	154	169	223
3	158	238	177
3	158	141	238
3	40	167	169
3	167	127	257
3	143	195	234
3	143	117	195
3	119	143	194
3	281	199	274
3	86	122	206
3	117	86	206
3	134	163	208
3	122	57	192
3	187	204	210
3	811	928	936
3	836	811	936
3	835	913	928
3	811	835	928
3	909	905	938
3	909	903	905
3	894	903	909
3	900	836	936
3	903	900	905
3	903	836	900
3	765	836	903
3	894	798	903
3	938	948	1019
3	905	937	938
3	1004	838	952
3	856	838	1004
3	952	838	842
3	838	822	842
3	856	1004	965
3	863	825	965
3	825	856	965
3	701	825	863
3	933	921	983
3	857	921	933
3	755	857	933
3	726	787	857
3	755	933	977
3	951	755	977
3	790	817	951
3	817	755	951
3	908	951	996
3	929	908	996
3	908	790	951
3	772	908	929
3	865	772	929
3	772	790	908
3	865	728	772
3	931	929	996
3	931	865	929
3	775	865	931
3	935	775	931
3	793	775	935
3	936	928	1011
3	936	1011	982
3	907	936	982
3	946	907	982
3	914	907	946
3	902	907	914
3	902	936	907
3	900	936	902
3	896	900	902
3	900	896	905
3	948	937	999
3	917	947	999
3	937	917	999
3	937	948	938
3	937	881	917
3	896	881	937
3	905	896	937
3	881	896	902
3	863	965	1024
3	923	863	1024
3	771	701	863
3	890	923	974
3	890	771	923
3	923	771	863
3	872	910	976
3	910	890	974
3	872	890	910
3	872	717	890
3	754	717	872
3	921	953	983
3	940	976	991
3	953	940	991
3	921	895	953
3	895	940	953
3	940	872	976
3	895	872	940
3	787	747	895
3	857	895	921
3	857	787	895
3	888	939	969
3	939	914	946
3	876	888	969
3	888	914	939
3	886	902	914
3	886	881	902
3	888	886	914
3	869	868	887
3	947	959	978
3	947	924	959
3	869	924	947
3	917	869	947
3	869	887	924
3	881	869	917
3	881	886	869
3	867	1998	988
3	962	867	988
3	1998	876	969
3	1998	813	876
3	867	962	926
3	843	867	926
3	868	888	876
3	887	843	926
3	868	886	888
3	876	813	868
3	868	869	886
3	887	868	843
3	868	813	843
3	959	924	926
3	887	926	924
3	614	575	646
3	640	646	575
3	608	640	575
3	574	614	646
3	673	709	810
3	709	641	812
3	673	641	709
3	812	779	819
3	779	768	819
3	796	770	860
3	804	806	815
3	797	806	804
3	673	810	785
3	751	673	785
3	641	672	812
3	644	673	751
3	641	673	644
3	1592	1594	1614
3	749	762	779
3	705	749	779
3	672	705	779
3	812	672	779
3	662	705	672
3	641	662	672
3	848	768	814
3	814	762	834
3	768	762	814
3	1650	1594	1576
3	779	762	768
3	762	729	774
3	705	702	749
3	727	762	749
3	762	727	729
3	762	774	834
3	770	796	782
3	729	770	782
3	729	782	774
3	729	722	770
3	727	711	729
3	711	722	729
3	745	773	846
3	797	804	745
3	770	804	860
3	770	745	804
3	745	722	773
3	722	721	773
3	722	745	770
3	722	711	721
3	760	785	823
3	760	801	741
3	751	785	760
3	690	644	751
3	690	751	760
3	741	690	760
3	769	690	741
3	637	690	769
3	702	727	749
3	695	711	727
3	705	662	702
3	811	675	835
3	798	765	903
3	805	838	856
3	805	822	838
3	755	726	857
3	775	728	865
3	775	793	669
3	717	771	890
3	608	590	630
3	630	574	646
3	640	630	646
3	618	630	616
3	589	544	587
3	597	589	610
3	1454	1435	1360
3	1435	1382	1360
3	1276	1360	1382
3	1314	1276	1382
3	1678	1699	1654
3	1361	1362	1418
3	1318	1361	1387
3	1294	1362	1361
3	1510	1454	1522
3	1435	1454	1510
3	1418	1401	1510
3	1401	1435	1510
3	1418	1362	1401
3	1361	1418	1387
3	1362	1354	1401
3	1360	1483	1522
3	1454	1360	1522
3	1442	1505	1483
3	1360	1266	1483
3	1266	1442	1483
3	1276	1266	1360
3	1442	1399	1505
3	1399	1566	1505
3	1399	1465	1566
3	1288	1375	1399
3	1288	1399	1442
3	1266	1288	1442
3	1447	1523	1465
3	1447	1411	1523
3	1465	1399	1447
3	1348	1411	1447
3	1304	1339	1308
3	1302	1338	1310
3	1300	1296	1329
3	1304	1295	1339
3	1312	1263	1367
3	1383	1212	1319
3	1371	1212	1383
3	1222	1318	1315
3	1313	1301	1366
3	1301	1315	1366
3	1185	1281	1333
3	1326	1333	1350
3	1348	1326	1350
3	1320	1326	1348
3	1318	1271	1361
3	1271	1294	1361
3	1474	1445	1577
3	1484	1494	1486
3	1486	1494	1550
3	1503	1466	1504
3	1484	1466	1482
3	1365	1415	1448
3	1423	1437	1445
3	1402	1413	1437
3	1445	1474	1490
3	1404	1392	1441
3	1392	1438	1441
3	1413	1404	1437
3	1437	1404	1441
3	1445	1437	1441
3	1445	1441	1460
3	1441	1438	1485
3	1460	1441	1485
3	1445	1460	1577
3	1485	1438	1496
3	1328	1277	1394
3	1392	1328	1394
3	1392	1394	1438
3	1438	1394	1462
3	1438	1462	1496
3	1478	1452	1539
3	1530	1478	1539
3	1494	1478	1530
3	1471	1478	1494
3	1472	1471	1482
3	1484	1482	1494
3	1482	1471	1494
3	1482	1466	1503
3	1472	1482	1503
3	1503	1504	1506
3	1415	1444	1464
3	1415	1464	1448
3	1448	1464	1473
3	1308	1415	1365
3	1415	1308	1339
3	1339	1295	1415
3	1355	1406	1405
3	1405	1406	1423
3	1406	1402	1437
3	1406	1437	1423
3	1391	1402	1406
3	1446	1423	1490
3	1377	1392	1404
3	1377	1404	1413
3	1402	1391	1427
3	1440	1377	1427
3	1377	1413	1427
3	1413	1402	1427
3	1353	1344	1377
3	1344	1328	1392
3	1377	1344	1392
3	1317	1353	1372
3	1353	1377	1389
3	1353	1389	1372
3	1389	1377	1440
3	1340	1317	1372
3	1393	1340	1419
3	1338	1340	1393
3	1338	1393	1432
3	1325	1310	1403
3	1310	1338	1403
3	1329	1325	1396
3	1397	1300	1329
3	1396	1469	1535
3	1334	1286	1425
3	1287	1334	1321
3	1334	1425	1489
3	1321	1334	1489
3	1380	1321	1563
3	1250	1321	1331
3	1217	1331	1380
3	1331	1321	1380
3	1367	1217	1380
3	1367	1380	1563
3	1312	1367	1421
3	1421	1367	1563
3	1495	1421	1563
3	1421	1495	1452
3	1319	1312	1379
3	1379	1312	1421
3	1319	1379	1471
3	1383	1319	1471
3	1379	1452	1471
3	1379	1421	1452
3	1471	1452	1478
3	1431	1383	1455
3	1383	1471	1472
3	1455	1383	1472
3	1455	1472	1503
3	1493	1455	1503
3	1324	1366	1416
3	1295	1324	1429
3	1324	1416	1429
3	1295	1429	1444
3	1415	1295	1444
3	1444	1429	1514
3	1356	1357	1405
3	1355	1405	1357
3	1405	1423	1446
3	1356	1405	1422
3	1422	1405	1446
3	1422	1446	1598
3	1598	1446	1587
3	1355	1357	1359
3	1355	1359	1374
3	1355	1374	1391
3	1406	1355	1391
3	1359	1395	1374
3	1374	1395	1453
3	1453	1395	1461
3	1374	1427	1391
3	1427	1374	1453
3	1427	1453	1440
3	1498	1440	1453
3	1389	1417	1434
3	1417	1389	1440
3	1372	1389	1434
3	1434	1417	1468
3	1417	1440	1498
3	1468	1417	1516
3	1340	1372	1434
3	1419	1340	1434
3	1434	1468	1475
3	1475	1419	1434
3	1419	1475	1488
3	1475	1468	1509
3	1488	1475	1509
3	1432	1393	1419
3	1432	1419	1477
3	1432	1477	1552
3	1419	1488	1477
3	1403	1338	1432
3	1403	1432	1552
3	1403	1552	1542
3	1396	1325	1470
3	1325	1403	1470
3	1396	1470	1469
3	1403	1542	1470
3	1300	1397	1347
3	1397	1329	1396
3	1347	1397	1463
3	1397	1396	1535
3	1286	1347	1425
3	1347	1463	1489
3	1425	1347	1489
3	1352	1212	1371
3	1352	1371	1431
3	1431	1371	1383
3	1352	1431	1414
3	1431	1455	1493
3	1431	1493	1414
3	1566	1465	1491
3	1387	1418	1524
3	1387	1524	1534
3	1315	1318	1409
3	1318	1387	1409
3	1366	1409	1451
3	1416	1366	1451
3	1451	1409	1387
3	1451	1387	1534
3	1416	1451	1546
3	1429	1416	1546
3	1451	1534	1546
3	1324	1313	1366
3	1366	1315	1409
3	1356	1358	1359
3	1356	1359	1357
3	1359	1358	1381
3	1358	1356	1422
3	1381	1358	1502
3	1381	1502	1492
3	1502	1358	1526
3	1358	1422	1536
3	1526	1358	1536
3	1502	1526	1529
3	1359	1381	1395
3	1395	1381	1492
3	1395	1492	1461
3	1461	1492	1527
3	1333	1281	1430
3	1281	1352	1414
3	1281	1414	1430
3	1348	1350	1411
3	1350	1333	1480
3	1333	1430	1480
3	1411	1350	1480
3	1480	1430	1414
3	1480	1414	1543
3	1411	1480	1523
3	1523	1480	1543
3	1320	1348	1375
3	1375	1348	1447
3	1399	1375	1447
3	1309	1337	1363
3	808	706	829
3	668	723	781
3	671	650	698
3	1848	1805	1836
3	1577	1460	1485
3	288	254	350
3	291	206	330
3	616	630	590
3	1051	1090	1128
3	1128	1057	1051
3	893	918	916
3	828	778	873
