-0.64655	-0.52495	-0.10284
-0.66612	-0.51837	-0.078257
-0.64455	-0.51293	-0.13881
-0.61838	-0.51509	-0.12584
-0.63897	-0.50586	-0.075568
-0.6908	-0.50018	-0.039236
-0.70456	-0.49665	-0.03737
-0.71765	-0.48768	-0.0028896
-0.75663	-0.47589	0.056063
-0.73793	-0.48476	0.0069141
-0.66937	-0.49568	-0.13629
-0.66684	-0.49879	-0.052164
-0.7658	-0.46249	0.065914
-0.7718	-0.46558	0.030433
-0.73211	-0.46168	0.057357
-0.78932	-0.44793	0.046309
-0.65648	-0.48935	-0.1596
-0.61015	-0.50086	-0.11792
-0.68685	-0.4698	-0.002574
-0.61336	-0.49323	-0.13483
-0.65694	-0.47048	-0.036679
-0.67157	-0.45484	0.0042975
-0.61865	-0.5108	-0.10766
-0.63566	-0.46731	-0.057348
-0.79035	-0.43369	0.055827
-0.63524	-0.47139	-0.19136
-0.79716	-0.43307	0.0017511
-0.63323	-0.48567	-0.15373
-0.75786	-0.44579	0.073526
-0.61571	-0.46034	-0.098326
-0.70648	-0.44711	-0.16108
-0.79922	-0.42467	0.021383
-0.76652	-0.4211	-0.09296
-0.66358	-0.46757	-0.19191
-0.61584	-0.48048	-0.086336
-0.62675	-0.46812	-0.13949
-0.69377	-0.43617	0.04214
-0.71845	-0.42021	0.058317
-0.72731	-0.45676	-0.081183
-0.68263	-0.44432	-0.19329
-0.79496	-0.41711	-0.021028
-0.73166	-0.42667	-0.16102
-0.78611	-0.41928	0.052438
-0.7705	-0.4086	-0.081946
-0.62701	-0.44248	-0.17501
-0.64563	-0.43626	-0.02104
-0.66795	-0.44137	0.011846
-0.75138	-0.41963	0.063623
-0.78899	-0.4003	0.0057652
-0.62487	-0.44098	-0.1134
-0.77454	-0.39231	-0.041106
-0.73577	-0.40953	-0.16456
-0.6757	-0.42283	0.054143
-0.72218	-0.41821	-0.18026
-0.64512	-0.42935	0.021311
-0.76587	-0.39492	0.03736
-0.67761	-0.42109	-0.21221
-0.66601	-0.42154	0.069467
-0.63835	-0.42222	-0.050523
-0.62997	-0.43893	-0.076619
-0.75895	-0.37551	0.0082878
-0.62967	-0.42764	0.042019
-0.7015	-0.40629	0.062513
-0.66409	-0.43535	-0.19452
-0.64037	-0.46183	-0.20005
-0.74547	-0.40438	-0.1383
-0.6365	-0.41625	0.071149
-0.73665	-0.40072	0.052069
-0.6303	-0.42348	-0.014315
-0.61323	-0.42581	0.01214
-0.70892	-0.38307	0.067053
-0.6543	-0.41792	-0.1725
-0.67862	-0.39941	0.082346
-0.72954	-0.3969	-0.16169
-0.73873	-0.38074	0.039826
-0.59098	-0.39581	0.076761
-0.62711	-0.41339	-0.037753
-0.74327	-0.38149	-0.075349
-0.70799	-0.40028	-0.18707
-0.73489	-0.35862	-0.023192
-0.64884	-0.40159	-0.0813
-0.57856	-0.4104	0.03715
-0.67985	-0.40134	-0.20183
-0.62163	-0.40136	-0.048341
-0.71148	-0.37813	-0.12018
-0.66541	-0.40319	-0.17158
-0.63936	-0.37916	0.093593
-0.74307	-0.36762	0.009441
-0.59147	-0.41426	-0.00046631
-0.56644	-0.40107	-0.00082523
-0.68386	-0.38971	-0.16795
-0.64035	-0.38321	-0.066751
-0.5607	-0.38816	0.076461
-0.6623	-0.3928	-0.14476
-0.67413	-0.3766	-0.099813
-0.72587	-0.36026	0.042481
-0.69399	-0.32797	0.069308
-0.51846	-0.37288	0.070921
-0.68278	-0.37456	-0.14551
-0.54559	-0.39513	0.023102
-0.65566	-0.37515	-0.072833
-0.72364	-0.36009	-0.050059
-0.72671	-0.34687	-0.0014
-0.69869	-0.36489	-0.073847
-0.67858	-0.36543	-0.071783
-0.59079	-0.37888	0.092277
-0.66525	-0.33454	0.090174
-0.60593	-0.38114	-0.057118
-0.63604	-0.32768	0.10528
-0.62749	-0.34285	0.10716
-0.70574	-0.34822	-0.046072
-0.53113	-0.38198	-0.00063155
-0.64227	-0.35735	-0.070397
-0.71665	-0.32626	0.024219
-0.70426	-0.32174	-0.02915
-0.5281	-0.36488	0.092797
-0.68843	-0.33168	-0.048562
-0.56579	-0.33164	-0.076614
-0.70947	-0.31988	-0.0031835
-0.61479	-0.35576	-0.072789
-0.54369	-0.34428	0.10865
-0.49192	-0.36251	0.060031
-0.66074	-0.30447	-0.056236
-0.54533	-0.33711	-0.060842
-0.48494	-0.34588	0.0031787
-0.48791	-0.36062	0.038165
-0.66926	-0.26811	0.047065
-0.60589	-0.3378	-0.079838
-0.64346	-0.29714	-0.06393
-0.67095	-0.27887	-0.015598
-0.51109	-0.3207	0.10883
-0.562	-0.31408	0.12026
-0.50261	-0.33047	-0.030499
-0.59243	-0.3081	-0.083748
-0.60399	-0.28925	0.11396
-0.49667	-0.33782	0.092152
-0.55715	-0.3066	-0.081507
-0.65427	-0.2783	0.080507
-0.62065	-0.29856	-0.066246
-0.4574	-0.31707	0.0098809
-0.66002	-0.27832	-0.042494
-0.45911	-0.28878	0.086294
-0.47598	-0.33205	0.072828
-0.49506	-0.32144	-0.040299
-0.015377	-0.45674	-0.17182
-0.54996	-0.28034	0.11974
-0.45461	-0.32036	0.048531
-0.51181	-0.30359	-0.060535
-0.0059633	-0.45881	-0.13906
-0.49297	-0.26634	0.11431
-0.020166	-0.44396	-0.11279
-0.042338	-0.43803	-0.14312
-0.45635	-0.29554	-0.036092
-0.6074	-0.24118	0.092
0.017899	-0.45175	-0.18948
-0.062575	-0.41741	-0.16074
-0.57135	-0.27832	-0.074861
0.029689	-0.4657	-0.32453
0.041851	-0.46617	-0.30668
0.048723	-0.4706	-0.33638
0.044382	-0.43298	-0.10512
-0.031996	-0.43111	-0.20828
-0.47554	-0.27822	0.10425
-0.001676	-0.44494	-0.21076
0.010174	-0.45473	-0.28999
-0.63356	-0.26488	-0.049324
0.03622	-0.45561	-0.27945
0.0015349	-0.45454	-0.34156
0.015922	-0.43342	-0.087002
-0.51721	-0.27224	-0.067091
-0.023173	-0.43642	-0.31307
-0.016724	-0.4272	-0.09214
0.042029	-0.45016	-0.18577
-0.46793	-0.28587	-0.049588
-0.056412	-0.40917	-0.11984
0.039328	-0.43708	-0.25025
0.076	-0.46142	-0.33287
0.078486	-0.45327	-0.38092
-0.022277	-0.43295	-0.36048
-0.56549	-0.25319	0.11326
-0.020214	-0.42329	-0.26631
-0.66986	-0.26102	0.028095
0.059616	-0.44341	-0.21268
-0.6335	-0.22959	0.0023637
0.040113	-0.45231	-0.38503
0.02505	-0.43747	-0.24958
-0.0087013	-0.42373	-0.24572
0.0075018	-0.40986	-0.067441
-0.63603	-0.23774	0.067416
-0.44083	-0.29429	0.016048
0.07224	-0.4383	-0.1456
0.085063	-0.44949	-0.35716
0.013853	-0.44618	-0.38502
-0.60327	-0.23458	-0.031544
-0.049453	-0.41255	-0.30549
-0.071728	-0.38662	-0.13721
-0.61414	-0.20708	0.020285
-0.54939	-0.25551	-0.064965
-0.49549	-0.25261	0.11698
0.021533	-0.43394	-0.40851
-0.44234	-0.29183	0.062304
0.074099	-0.43829	-0.30113
-0.032105	-0.40584	-0.24801
-0.58636	-0.2559	-0.049121
-0.044805	-0.39457	-0.24944
-0.61287	-0.20836	0.047942
-0.47686	-0.25998	-0.06221
-0.029006	-0.39209	-0.076158
-0.0098802	-0.39335	-0.065504
0.050703	-0.43626	-0.39768
-0.066297	-0.39649	-0.31804
0.062518	-0.42093	-0.25825
-0.51811	-0.23788	0.11523
-0.05921	-0.40561	-0.33974
-0.43864	-0.27134	-0.030698
0.095636	-0.42421	-0.16899
-0.044056	-0.39825	-0.39125
-0.063816	-0.37257	-0.23049
0.046476	-0.40469	-0.062353
0.064849	-0.42772	-0.10217
-0.076843	-0.37634	-0.17258
-0.00071257	-0.41653	-0.40384
-0.59861	-0.20731	-0.0015778
-0.40844	-0.27185	0.033218
-0.41273	-0.26288	-0.012203
-0.071929	-0.38494	-0.34928
-0.062126	-0.38012	-0.26917
-0.60773	-0.22101	0.072675
0.067651	-0.4265	-0.37285
0.064942	-0.39281	-0.30514
-0.43252	-0.25246	0.11148
-0.55068	-0.22103	0.098983
0.096831	-0.41754	-0.21723
-0.04865	-0.37065	-0.088053
0.073946	-0.41372	-0.30531
0.10629	-0.40534	-0.09462
-0.026014	-0.38508	-0.41813
0.084527	-0.40353	-0.048102
0.012739	-0.40672	-0.40883
0.031246	-0.39137	-0.055467
-0.42334	-0.27739	0.069391
0.063388	-0.40272	-0.0095419
0.071308	-0.4027	-0.26805
0.046071	-0.38658	-0.03726
-0.0056484	-0.40653	-0.41843
0.092815	-0.40257	-0.013633
0.063159	-0.39611	0.0087951
0.11423	-0.39366	-0.034047
-0.5268	-0.22813	-0.061509
0.040294	-0.42531	-0.42194
0.017219	-0.38978	-0.39928
-0.066271	-0.35352	-0.12373
-0.38454	-0.25909	0.06996
0.083487	-0.39536	0.044107
-0.45196	-0.22999	0.12636
-0.068727	-0.34943	-0.2168
0.036708	-0.3771	-0.013746
0.11444	-0.39828	0.065019
-0.38493	-0.26289	0.033553
-0.49965	-0.23271	-0.065599
-0.58659	-0.19836	0.051301
-0.063766	-0.36538	-0.40518
-0.55947	-0.2125	-0.030924
-0.46215	-0.23787	-0.062972
-0.083634	-0.36526	-0.33922
-0.41752	-0.25086	-0.048626
0.027532	-0.36962	-0.043526
0.029458	-0.37148	0.029363
-0.364	-0.26702	-0.020188
-0.34848	-0.2713	0.025922
0.11164	-0.39964	0.0060013
-0.44757	-0.25716	-0.052113
-0.023112	-0.345	-0.066969
0.13342	-0.36441	-0.10038
-0.39317	-0.25622	-0.014891
0.15133	-0.39849	0.058489
0.055342	-0.36964	0.081392
0.058925	-0.37462	0.062152
-0.47461	-0.20228	0.12085
-0.32459	-0.27062	0.018373
0.12125	-0.39232	-0.1606
-0.061261	-0.36667	-0.25619
-0.31983	-0.26028	0.067313
-0.51918	-0.21096	0.10048
0.08874	-0.37462	0.10485
-0.063056	-0.33916	-0.28612
-0.041395	-0.38139	-0.40441
0.021333	-0.36316	-0.34175
0.10398	-0.39085	-0.23494
-0.067948	-0.3376	-0.19092
-0.58259	-0.19232	0.024697
-0.080832	-0.3472	-0.3538
-0.399	-0.24359	-0.041342
0.13917	-0.37931	0.1306
-0.3858	-0.2262	0.11598
-0.026813	-0.36183	-0.40368
0.03098	-0.35797	0.0036209
-0.060601	-0.35289	-0.40507
0.07091	-0.36561	0.099788
-0.42715	-0.2406	-0.070392
-0.38657	-0.24604	0.097869
0.016303	-0.34641	-0.044266
-0.041595	-0.33414	-0.090661
0.15294	-0.3831	0.11428
-0.37108	-0.25049	-0.051208
-0.32249	-0.26232	-0.023744
-0.29031	-0.25629	-0.017828
-0.53634	-0.19402	0.069463
-0.52418	-0.19906	-0.039143
-0.060721	-0.32964	-0.25405
0.1217	-0.37866	-0.2015
0.00018564	-0.38739	-0.42794
-0.49367	-0.19841	-0.048077
0.1345	-0.37561	-0.020827
-0.53486	-0.18822	-0.01339
-0.3347	-0.23674	0.10683
-0.016931	-0.35606	-0.39171
0.056271	-0.346	0.12869
0.17166	-0.38099	0.028018
-0.28568	-0.26044	0.044378
-0.049634	-0.3245	-0.27979
0.043161	-0.35281	0.07835
-0.4712	-0.21371	-0.060266
-0.055218	-0.32514	-0.13535
0.030087	-0.34714	0.030228
0.18635	-0.38178	0.071884
0.12838	-0.35689	0.16079
0.048176	-0.34204	0.09799
-0.39368	-0.20669	0.1263
0.027071	-0.34627	-0.010325
-0.33811	-0.24746	-0.055036
-0.43221	-0.21192	-0.082872
0.037503	-0.35944	-0.30141
0.071945	-0.37856	-0.26636
0.13189	-0.35084	-0.13063
-0.41461	-0.18124	0.12727
-0.063623	-0.32595	-0.34351
-0.51998	-0.18018	0.059619
-0.47784	-0.17491	0.099779
0.086267	-0.34935	0.15397
-0.39975	-0.22322	-0.065963
0.13001	-0.37098	-0.18168
0.10603	-0.37046	-0.2178
0.13184	-0.36792	-0.069222
-0.53503	-0.1805	0.038691
-0.26435	-0.25149	0.021736
-0.0034738	-0.30971	-0.061346
0.043172	-0.3352	-0.012031
-0.057763	-0.33207	-0.37926
0.14213	-0.35116	0.16889
-0.060557	-0.31264	-0.19235
-0.28768	-0.24497	0.092518
-0.34853	-0.21271	0.12651
0.16568	-0.35744	0.15761
0.052012	-0.34766	-0.26034
-0.50149	-0.17502	-0.0062348
-0.047073	-0.33872	-0.39237
-0.4636	-0.19796	-0.061719
0.038981	-0.31953	0.080864
0.050508	-0.32172	0.13998
0.12968	-0.3536	-0.16609
-0.26017	-0.24372	0.081175
0.17039	-0.36791	0.11905
0.14345	-0.35027	-0.043621
-0.43225	-0.19835	-0.078194
0.18727	-0.35229	0.0078859
0.13358	-0.35954	-0.14629
-0.046937	-0.29946	-0.14942
-0.41276	-0.1962	-0.072399
-0.40259	-0.17692	0.12833
-0.25414	-0.24243	0.055426
-0.44508	-0.16645	0.11187
-0.38234	-0.20705	-0.080077
-0.32196	-0.20966	0.13301
-0.039127	-0.32199	-0.32466
0.091736	-0.3297	0.16744
0.092163	-0.3512	-0.20289
-0.29713	-0.23331	-0.054628
-0.01714	-0.33338	-0.33516
-0.029683	-0.31199	-0.29136
-0.24619	-0.22784	0.029881
-0.033417	-0.29607	-0.11088
-0.017175	-0.29223	-0.085216
0.012893	-0.31163	-0.051128
-0.50312	-0.16774	0.041748
0.03812	-0.31757	0.026634
-0.016477	-0.30904	-0.28905
-0.26228	-0.23967	-0.020853
0.021823	-0.29384	-0.05994
0.047274	-0.31313	-0.048112
-0.3466	-0.2167	-0.076919
0.2074	-0.35302	0.11329
0.048353	-0.31513	-0.0072437
0.02225	-0.32427	-0.27471
0.16611	-0.3409	-0.025416
-0.041639	-0.28975	-0.22536
-0.2753	-0.20992	0.13069
-0.0016431	-0.31917	-0.29271
-0.34138	-0.17377	0.14211
-0.47239	-0.15122	0.070486
0.20196	-0.36535	0.095959
-0.48429	-0.15803	0.015903
0.045341	-0.29558	0.05076
-0.44613	-0.17004	-0.050364
-0.23961	-0.21799	0.10367
0.065881	-0.30828	-0.038097
0.1482	-0.32863	0.17568
0.19514	-0.33016	0.15376
-0.24457	-0.21683	0.06193
0.055139	-0.29852	0.13587
0.096596	-0.31428	0.17133
-0.022539	-0.28678	-0.26007
-0.036448	-0.27874	-0.17867
-0.25085	-0.2165	0.11643
-0.24382	-0.22342	-0.014406
0.040722	-0.31187	-0.2379
-0.24267	-0.21226	-0.036714
-0.41239	-0.1729	-0.075106
0.069359	-0.30103	-0.023348
0.13308	-0.32656	-0.087425
0.16939	-0.3282	0.17082
0.21793	-0.33001	0.052525
0.073955	-0.27595	0.1597
0.096568	-0.31829	-0.15552
0.14436	-0.32556	-0.058529
-0.002931	-0.28498	-0.26781
-0.35464	-0.18809	-0.087315
-0.45817	-0.1592	-0.031161
0.12775	-0.32104	-0.1416
-0.28715	-0.17953	0.14674
0.22523	-0.32534	0.13357
0.013412	-0.27732	-0.25549
-0.30209	-0.19744	-0.076264
-0.46085	-0.14583	-0.0064453
-0.22148	-0.2084	0.02936
-0.24161	-0.20653	0.084902
0.035173	-0.30258	0.091391
-0.24082	-0.19428	0.1264
0.057177	-0.28792	0.01282
0.049172	-0.27006	0.098758
0.0054117	-0.26676	-0.088808
-0.44782	-0.12823	0.037871
-0.42376	-0.14504	0.10626
0.14639	-0.30956	-0.054355
-0.23767	-0.17374	0.10239
-0.24896	-0.18867	-0.062877
-0.21409	-0.2094	-0.00018146
0.12624	-0.30441	-0.081947
0.22938	-0.32585	0.11592
0.17538	-0.30321	-0.022268
-0.44036	-0.12893	0.065866
0.2134	-0.31524	0.011613
0.14123	-0.29749	0.1908
0.061815	-0.26902	0.032676
0.10942	-0.28288	0.18696
0.046397	-0.27969	-0.1954
0.082728	-0.26203	0.0089232
-0.36705	-0.16663	-0.088204
0.11822	-0.29349	-0.13929
0.055269	-0.26779	0.12799
0.18215	-0.30419	0.18829
-0.19935	-0.19658	-0.014988
-0.020558	-0.26628	-0.20035
-0.24071	-0.17737	0.14352
-0.19487	-0.19728	0.011735
-0.36153	-0.13557	0.13586
0.052722	-0.25756	0.058353
0.075631	-0.28255	-0.066087
-0.43384	-0.12456	-0.02291
-0.017318	-0.2679	-0.12363
-0.20016	-0.17787	0.044608
0.19006	-0.29559	-0.0060914
0.2349	-0.30851	0.031167
-0.00032592	-0.26692	-0.22858
0.15128	-0.28273	0.20754
0.0042611	-0.24895	-0.17426
-0.26869	-0.13752	0.1555
0.045995	-0.25055	0.072227
-0.23155	-0.18836	0.077705
0.26539	-0.28962	0.15873
-0.41879	-0.13588	-0.050825
-0.40052	-0.11479	0.09721
0.072245	-0.28579	-0.16368
0.041481	-0.24955	-0.097612
-0.30615	-0.14936	0.15197
0.050925	-0.25132	0.14188
0.029718	-0.26615	-0.21688
0.2292	-0.30036	0.16894
0.10917	-0.27776	-0.094195
0.12135	-0.28438	-0.062221
0.027018	-0.24606	-0.11016
0.088297	-0.2533	0.19482
0.10564	-0.26303	-0.0057381
0.10232	-0.26732	-0.060891
-0.24059	-0.15048	0.12768
0.062488	-0.24555	0.032111
0.20439	-0.28975	0.20276
0.063586	-0.2579	-0.16299
0.25667	-0.29846	0.11033
0.13683	-0.26348	0.22906
0.13027	-0.26704	-0.034716
0.035255	-0.23882	0.09238
-0.36217	-0.14064	-0.082635
0.056744	-0.23674	0.18385
0.10171	-0.271	-0.14047
0.059115	-0.2663	-0.0833
0.094936	-0.24337	0.22637
-0.25392	-0.12894	0.14709
-0.2969	-0.1459	-0.083727
0.078911	-0.25732	-0.092934
0.1732	-0.26697	0.2368
0.009559	-0.24591	-0.14401
0.045821	-0.24061	0.1532
0.24833	-0.28642	0.19526
-0.21581	-0.16372	0.081102
0.19334	-0.27572	0.23151
-0.43264	-0.11433	0.008171
0.26408	-0.27728	0.046402
0.044342	-0.24992	-0.18408
-0.38952	-0.11235	-0.055882
0.14541	-0.25493	0.26375
0.12963	-0.25964	-0.018654
0.10605	-0.24373	0.25451
-0.18448	-0.14819	-0.034621
0.024703	-0.24416	-0.16868
0.14278	-0.25072	-0.013006
0.0090201	-0.21416	0.18121
0.019286	-0.22778	0.11253
0.22565	-0.27148	0.24418
0.052906	-0.22772	0.2242
-0.36038	-0.088089	0.10966
0.094129	-0.24443	0.0023036
0.24788	-0.28608	0.036445
-0.30103	-0.11323	0.14787
0.18718	-0.25944	0.26266
-0.1744	-0.16532	-0.01075
0.074618	-0.24942	-0.10934
0.045187	-0.24015	-0.12946
0.077364	-0.2499	-0.14099
-0.17246	-0.16732	0.023758
0.053006	-0.24333	-0.16156
0.11855	-0.23048	0.2869
-0.24344	-0.13759	-0.070286
0.035158	-0.21641	0.037198
0.16645	-0.24609	0.28372
-0.0097872	-0.21044	0.14961
-0.016295	-0.19401	0.10882
-0.32463	-0.097353	0.13377
-0.20288	-0.14356	0.089678
0.29967	-0.26626	0.16353
0.20375	-0.27611	0.0018523
0.07951	-0.22892	0.24851
-0.38484	-0.081682	0.053126
-0.23393	-0.14531	0.11173
0.16438	-0.25476	-0.0035894
-0.16586	-0.15897	0.043061
0.029798	-0.20146	0.24831
0.25549	-0.27619	0.017949
-0.18602	-0.15355	0.066391
0.07806	-0.23132	0.00044777
0.27228	-0.27029	0.22959
0.2851	-0.27304	0.1898
0.11861	-0.21788	0.30321
0.28374	-0.28115	0.098918
0.26661	-0.2662	0.24195
0.22209	-0.26955	0.0058053
0.28628	-0.28322	0.11315
0.23317	-0.2666	0.26449
-0.21931	-0.13259	0.10936
-0.39606	-0.08374	0.012971
-0.010469	-0.1873	0.21308
-0.024795	-0.19676	0.17996
0.19967	-0.25469	-0.0065765
0.20921	-0.24421	0.29204
0.10429	-0.22934	-0.01527
-0.034328	-0.17345	0.17246
-0.39855	-0.09044	-0.020708
0.14672	-0.23622	-0.021343
0.072163	-0.21001	0.28329
-0.15551	-0.14965	-0.019398
-0.29562	-0.11212	-0.076896
0.2423	-0.26136	-0.013098
-0.035769	-0.17495	0.20189
-0.14433	-0.15817	0.023506
0.053632	-0.21308	-0.012862
0.014265	-0.19184	0.01164
0.26928	-0.24941	0.28135
0.2956	-0.25591	0.068014
0.030724	-0.19336	-0.0031284
0.31387	-0.27217	0.092372
0.32962	-0.25174	0.2136
-0.12709	-0.1433	0.089306
-0.043637	-0.17256	0.1132
-0.2497	-0.090027	0.13789
-0.33664	-0.08719	-0.059143
-0.36158	-0.072634	-0.048692
0.16949	-0.21719	0.31956
0.037077	-0.18415	0.27629
0.24041	-0.23499	0.30699
0.054755	-0.19206	-0.042298
-0.16493	-0.13063	0.11441
-0.017325	-0.1599	0.2403
-0.076141	-0.16136	0.078996
-0.064399	-0.16364	0.10906
-0.11058	-0.14228	0.0063399
-0.047562	-0.16605	0.069524
-0.10238	-0.1507	0.088414
0.30073	-0.259	0.036202
0.21811	-0.23917	-0.017872
-0.12084	-0.14921	0.05222
0.09912	-0.19366	0.3101
0.31969	-0.24454	0.25888
0.13135	-0.2183	-0.048637
-0.010465	-0.17913	0.042432
-0.042578	-0.16112	0.1708
0.068505	-0.2019	-0.047086
0.29207	-0.24451	-0.024095
-0.077825	-0.15028	0.13995
0.31463	-0.24723	-0.014983
-0.063028	-0.15538	0.053983
0.31912	-0.24349	0.061946
-0.027839	-0.16157	0.035022
-0.13835	-0.12602	0.12449
-0.16279	-0.12966	-0.047005
-0.074992	-0.14041	0.16752
0.34025	-0.24884	0.12669
-0.096651	-0.12802	0.16211
0.20574	-0.22461	0.32001
0.13931	-0.18321	0.3409
-0.19835	-0.10289	0.13224
0.33001	-0.25939	0.073095
0.37228	-0.24917	0.078847
-0.24216	-0.10249	-0.06823
-0.040333	-0.14572	0.22356
0.1166	-0.1978	-0.069368
0.16034	-0.20845	-0.05379
-0.22485	-0.074421	0.13945
0.35158	-0.25096	0.11034
0.073236	-0.16788	0.31684
0.016823	-0.16834	-0.028346
0.27727	-0.22958	0.3084
-0.28583	-0.069687	0.12723
-0.26042	-0.064968	0.13561
-0.29612	-0.047969	0.10236
-0.076188	-0.13094	0.0066458
-0.08429	-0.14626	0.041652
-0.33218	-0.036403	0.0041147
-0.35379	-0.054607	-0.027535
0.2004	-0.22337	-0.027811
-0.11824	-0.1221	-0.038074
0.092668	-0.14847	0.34013
0.31054	-0.22722	0.2966
0.023741	-0.15995	0.2855
-0.019891	-0.14152	-0.0062487
-0.20766	-0.11219	-0.058788
-0.33586	-0.037906	0.030507
-0.047239	-0.13248	0.20052
0.33481	-0.2369	0.025641
0.34972	-0.22754	0.25911
0.00062188	-0.15942	-0.0073659
-0.13074	-0.1056	0.16891
0.3646	-0.23394	0.21968
0.091842	-0.16978	-0.083621
-0.077063	-0.11146	0.20832
-0.31651	-0.030679	0.065437
-0.26588	-0.069813	-0.058799
0.35067	-0.23466	-0.0081163
0.035162	-0.14965	-0.06671
-0.032586	-0.12143	0.25595
0.26944	-0.20806	-0.024617
0.32269	-0.23139	-0.038395
-0.055659	-0.13376	0.0087181
0.3539	-0.23895	0.13078
0.18731	-0.18697	0.34983
0.37796	-0.24391	0.069442
-0.22847	-0.079767	-0.068052
0.35638	-0.23129	0.056031
0.24748	-0.18173	0.35459
-0.053766	-0.095525	0.22657
-0.042566	-0.11209	-0.027534
0.3554	-0.2413	0.20451
0.22291	-0.19146	-0.04329
0.2824	-0.19536	0.33899
0.39844	-0.21998	0.18698
0.12928	-0.15041	0.35888
0.0080499	-0.11652	0.2993
-0.16784	-0.091194	0.1497
0.31703	-0.20255	0.32007
-0.10147	-0.080518	0.21537
0.44587	-0.2602	-0.057251
0.47281	-0.2758	-0.062515
0.50051	-0.28028	-0.069194
-0.075821	-0.10525	-0.034225
0.45546	-0.26522	-0.045754
-0.3473	-0.060491	0.077006
0.37763	-0.22854	0.13343
0.41495	-0.23323	0.077367
0.35735	-0.20732	0.2786
-0.0021155	-0.12718	-0.035419
0.13381	-0.17005	-0.085414
-0.16129	-0.1092	-0.063033
0.19681	-0.17438	-0.067036
0.39118	-0.23527	0.1044
0.34708	-0.22082	-0.057541
0.53259	-0.28388	-0.085255
0.36713	-0.22466	-0.047887
0.1807	-0.14516	0.37298
0.4135	-0.22675	-0.061864
0.47492	-0.25273	-0.02774
0.010085	-0.099567	0.30446
-0.14264	-0.047484	0.20594
0.54719	-0.27795	-0.092503
0.57681	-0.26944	-0.11315
0.37755	-0.22309	0.24146
-0.13215	-0.085288	0.19207
0.52732	-0.25785	-0.048755
0.39211	-0.21942	0.15571
0.33774	-0.21533	-0.063658
0.39514	-0.22406	-0.036673
0.42686	-0.2284	-0.07189
0.41776	-0.22643	-0.037626
-0.18847	-0.068463	-0.076668
0.38573	-0.22399	-0.0069933
-0.031809	-0.080596	0.26956
0.3713	-0.22214	0.033592
0.3954	-0.21643	0.050202
0.3587	-0.18043	0.30677
0.41647	-0.20184	0.21045
-0.29133	-0.0097499	0.063391
0.41259	-0.226	0.11707
0.5689	-0.26395	-0.073103
-0.11125	-0.057757	0.22466
0.1005	-0.12674	0.35375
-0.23201	-0.036142	0.14316
0.30909	-0.17133	0.35032
0.010643	-0.10843	-0.058097
0.039613	-0.091365	0.3285
-0.30101	-0.012272	-0.003181
-0.24317	-0.024029	-0.063184
0.08858	-0.13859	-0.096238
0.23066	-0.16636	-0.051446
0.25295	-0.14044	0.3756
0.10029	-0.11714	-0.10701
0.35608	-0.21401	-0.1119
0.34201	-0.16165	0.33682
-0.083745	-0.075424	0.23613
0.32742	-0.20727	-0.11591
-0.29368	-0.020584	-0.026119
-0.2522	-0.023346	0.13304
0.49548	-0.23651	-0.087528
0.29853	-0.18818	-0.039919
0.38929	-0.21722	-0.089184
-0.17285	-0.056937	0.167
-0.11482	-0.082924	-0.06756
0.33249	-0.19811	-0.05574
0.31893	-0.18568	-0.0519
0.43601	-0.22575	-0.019526
-0.14033	-0.073044	-0.076961
0.53714	-0.23856	-0.046887
0.4612	-0.21934	-0.010562
-0.018852	-0.078202	0.28761
0.49997	-0.24023	-0.025124
0.33362	-0.19844	-0.14088
-0.044842	-0.072826	0.24792
-0.28895	-0.0020401	0.044098
0.57981	-0.25179	-0.081481
0.41741	-0.21531	-0.0055102
0.46828	-0.19814	0.089063
0.40387	-0.19375	0.2482
0.42561	-0.2034	0.14993
-0.12847	-0.028626	0.21858
-0.007764	-0.065504	0.30256
-0.031383	-0.07589	-0.060677
0.062703	-0.11572	-0.088837
0.41865	-0.20338	0.042392
-0.090876	-0.040359	-0.087882
0.5731	-0.23618	-0.095405
0.034565	-0.095448	-0.072988
-0.079493	-0.043853	0.2521
0.28895	-0.14424	0.36807
0.45639	-0.21998	-0.085695
0.31624	-0.17498	-0.12761
0.44137	-0.21445	-0.10549
0.34018	-0.18671	-0.16051
-0.18923	-0.029645	-0.080993
-0.26639	-0.0014448	0.11145
0.14165	-0.091319	0.37877
0.43857	-0.20275	0.01118
0.39704	-0.17878	0.27813
0.38691	-0.20323	-0.12533
-0.28943	-0.046471	-0.043018
0.47622	-0.22301	-0.11105
0.40549	-0.20049	-0.14286
0.41451	-0.2026	-0.12186
0.46529	-0.19221	0.069317
0.50451	-0.23047	-0.10266
-0.19448	-0.038706	0.1603
0.098661	-0.086619	0.36445
0.43552	-0.19315	0.17661
0.258	-0.13611	-0.069309
0.30783	-0.16456	-0.099145
0.45487	-0.1878	0.019761
0.36733	-0.18461	-0.17661
0.45597	-0.18692	0.13824
0.47506	-0.20103	-0.0060472
0.50171	-0.21277	-0.025038
0.21652	-0.13027	-0.065471
0.32109	-0.1752	-0.16062
0.53146	-0.21701	-0.048715
0.075205	-0.050556	0.35688
0.38557	-0.1899	-0.16954
0.4821	-0.21286	-0.1076
0.51999	-0.21618	-0.11561
0.31343	-0.17381	-0.21875
0.28836	-0.15973	-0.068864
0.44647	-0.20075	-0.11342
-0.045995	-0.029433	0.25408
0.46231	-0.17487	0.05211
0.37251	-0.14535	0.32062
0.15424	-0.13953	-0.091207
0.5611	-0.2259	-0.078517
0.35178	-0.17749	-0.1942
0.34249	-0.17531	-0.23738
0.40213	-0.18782	-0.1852
0.33109	-0.17601	-0.28006
0.55511	-0.21975	-0.10222
0.012033	-0.054427	0.31848
-0.20523	0.029735	0.16756
-0.15505	-0.027272	-0.08571
0.30776	-0.12942	0.37115
-0.25204	0.030107	0.33154
0.41478	-0.15432	0.2807
-0.007188	-0.043402	0.28614
-0.21369	0.0085809	-0.065452
0.44549	-0.17514	0.2082
-0.26765	0.007898	-0.021344
-0.28257	0.0047255	0.013785
0.010767	-0.073594	-0.086414
0.4767	-0.20031	-0.095189
-0.27656	0.032667	0.34513
-0.012214	-0.064459	-0.079895
-0.27931	0.030463	0.32591
0.42268	-0.1839	-0.14646
0.23868	-0.11456	-0.078725
0.29983	-0.15057	-0.14368
0.41583	-0.17933	-0.18071
0.29887	-0.15704	-0.1587
-0.0946	-0.040954	0.23574
0.1116	-0.058328	0.37385
-0.16746	-0.010828	0.18884
0.49975	-0.20198	-0.046502
0.32116	-0.16698	-0.2918
0.43712	-0.15984	0.24604
-0.25644	0.019175	0.10553
0.32278	-0.17648	-0.19219
0.34502	-0.17325	-0.27028
0.30046	-0.15337	-0.20269
-0.30609	0.043924	0.31812
0.48285	-0.18781	-0.030024
0.2746	-0.12286	-0.1125
0.48901	-0.19713	-0.072005
-0.26118	0.027953	0.086344
-0.24312	0.0088094	-0.045795
0.045025	-0.033722	0.33863
0.1059	-0.076526	-0.10735
0.53243	-0.20857	-0.068787
0.37384	-0.1703	-0.19559
0.30357	-0.14868	-0.24937
0.46266	-0.15464	0.19958
0.33957	-0.16451	-0.3161
-0.080197	-0.018758	0.24658
-0.064032	-0.010332	0.24668
0.45784	-0.1851	-0.10545
0.19346	-0.10419	-0.071923
0.014588	-0.035879	0.30263
0.30046	-0.14003	-0.28433
-0.32573	0.048624	0.27911
0.52121	-0.20131	-0.086956
0.1932	-0.10065	0.38874
-0.26	0.021714	-0.021375
0.13617	-0.10018	-0.10432
-0.32463	0.054708	0.29977
-0.30501	0.047835	0.27462
0.46768	-0.18434	-0.093322
0.47525	-0.18016	-0.062593
-0.10522	0.001529	0.23526
-0.005435	-0.047682	-0.091802
-0.12395	0.010907	0.21919
0.27852	-0.12479	-0.16343
0.44484	-0.15514	-0.15425
0.28077	-0.13846	-0.19255
-0.23314	0.013748	0.14496
0.42235	-0.15529	-0.17085
0.4712	-0.17219	0.015577
-0.051719	-0.032304	-0.099369
-0.19203	0.00055869	-0.07687
-0.25155	0.044638	0.34162
-0.269	0.046733	0.31027
0.36407	-0.12876	0.3407
-0.28742	0.044858	0.29691
-0.32371	0.051943	0.19675
0.26368	-0.10267	0.38813
0.17843	-0.050429	0.39228
0.48918	-0.16649	0.075065
0.29039	-0.13234	-0.23106
-0.2832	0.06072	0.26383
0.32027	-0.14743	-0.3127
-0.2509	0.031227	0.1557
-0.26434	0.029334	0.13179
0.26248	-0.10468	-0.1076
-0.3285	0.056006	0.22725
-0.30693	0.051936	0.21387
0.23043	-0.078077	0.39247
0.060862	-0.014795	0.32256
-0.34367	0.068776	0.2675
-0.14665	0.003255	0.20771
-0.2881	0.044753	0.17725
-0.26259	0.031426	0.024945
-0.29018	0.044273	0.14275
-0.25535	0.019047	0.11718
0.33627	-0.11074	0.36626
0.070409	-0.074541	-0.082575
0.067026	-0.02194	0.35156
-0.12529	0.017664	-0.11413
0.35699	-0.15474	-0.33055
-0.28809	0.057392	0.20221
0.092491	-0.052206	-0.084936
0.29671	-0.088926	0.38418
0.39127	-0.15606	-0.21034
-0.26975	0.063828	0.29502
-0.31267	0.067807	0.32761
0.26962	-0.11442	-0.14473
0.48655	-0.16371	-0.028192
-0.17172	0.023403	0.18634
-0.25418	0.045232	0.084452
0.46024	-0.14647	-0.13413
-0.25059	0.047175	0.062805
-0.16277	0.0050457	-0.092094
-0.25983	0.067724	0.31665
0.48558	-0.14504	0.14268
0.050494	-0.035264	-0.096072
0.40615	-0.15465	-0.20068
0.13807	-0.078463	-0.098535
0.43632	-0.12928	0.27392
0.4797	-0.13126	0.1758
-0.32762	0.065082	0.16213
-0.35434	0.086438	0.22295
0.26396	-0.11342	-0.21645
0.34935	-0.1237	-0.33849
-0.3429	0.083224	0.19728
0.40859	-0.13072	0.30066
-0.20954	0.040316	-0.057987
-0.11059	0.028908	0.22728
0.45915	-0.12373	0.24443
0.24948	-0.084413	-0.10079
-0.29347	0.076022	0.33519
-0.27061	0.056304	0.18537
-0.28488	0.068159	0.23731
-0.27141	0.073823	0.33282
0.29262	-0.1146	-0.26378
0.37655	-0.13507	-0.32547
0.17492	-0.060457	-0.081909
-0.21953	0.054114	-0.016194
0.2295	-0.086528	-0.089307
0.31847	-0.086976	0.38008
0.27361	-0.054079	0.39371
-0.21648	0.049356	-0.037492
-0.28545	0.056667	0.12207
-0.16794	0.039041	-0.10479
-0.0055329	-0.018046	-0.099133
-0.34365	0.093307	0.27632
0.391	-0.13898	-0.23327
-0.18212	0.044603	-0.10184
0.50145	-0.15564	0.087851
-0.24412	0.047987	0.17223
0.26494	-0.1014	-0.2269
0.37664	-0.14412	-0.27049
0.22057	-0.027987	0.39187
-0.19882	0.030605	-0.07548
0.49167	-0.15121	0.11319
0.39304	-0.10272	0.32843
-0.080094	-0.01315	-0.10901
-0.3282	0.07761	0.1556
-0.27405	0.073392	0.20371
0.32007	-0.10029	-0.3124
0.083142	0.0010655	0.35749
-0.18751	0.062281	0.17505
0.50554	-0.14214	0.073665
0.50109	-0.12849	-0.063638
-0.31154	0.091367	0.31403
0.39775	-0.12012	-0.2413
0.013723	0.023649	0.29592
-0.33709	0.096946	0.1818
-0.075449	0.022353	0.23919
0.26284	-0.08958	-0.19251
0.29431	-0.096375	-0.26762
0.12051	-0.043267	-0.091964
-0.307	0.11358	0.1501
0.20572	-0.059404	-0.085427
0.15329	-0.039884	-0.084901
0.50122	-0.13494	-0.0042311
0.26405	-0.085527	-0.13179
0.43876	-0.11411	-0.17782
-0.29209	0.084624	0.12625
-0.027163	0.037793	0.26476
0.49373	-0.13392	0.046626
-0.15747	0.068459	0.18688
0.4894	-0.12117	-0.0932
-0.28393	0.10195	0.30325
0.41038	-0.11783	-0.21906
-0.047565	0.0015576	-0.11036
-0.25113	0.077214	0.086605
-0.26016	0.083508	0.19176
-0.3514	0.099333	0.22256
0.46979	-0.11782	0.21695
0.39233	-0.11165	-0.26936
0.26789	-0.067038	-0.23014
-0.27566	0.097423	0.28093
0.13882	-0.042287	0.37871
-0.22788	0.062585	0.17423
0.37334	-0.078859	0.35216
0.38351	-0.11049	-0.31922
0.48068	-0.13597	-0.10753
-0.27676	0.0991	0.24817
-0.27217	0.099627	0.21838
-0.34209	0.11443	0.22823
-0.2971	0.10825	0.29386
-0.21296	0.067284	-0.068879
-0.33116	0.11273	0.27001
-0.21649	0.059883	0.0070434
-0.3205	0.11733	0.17374
0.27034	-0.069999	-0.1835
-0.1974	0.082461	0.16971
-0.11675	0.031562	-0.11908
0.48532	-0.10231	0.1853
0.50759	-0.11516	0.0086536
0.43914	-0.096291	0.28463
-0.061948	0.052126	0.2518
0.4595	-0.095416	0.25779
0.064091	0.021572	0.34291
0.23946	-0.056592	-0.093066
0.18495	0.0046059	0.38645
0.47853	-0.10957	-0.13113
0.48217	-0.096116	0.21727
-0.21624	0.082221	0.015085
0.33393	-0.026502	0.37633
0.27062	-0.058296	-0.13462
0.36668	-0.10988	-0.34388
-0.24116	0.090441	0.1794
-0.10701	0.051547	0.2209
0.03433	0.047269	0.31364
-0.2197	0.085342	0.041506
0.40498	-0.057634	0.32455
0.50596	-0.10243	0.045409
0.3006	-0.080168	-0.26831
0.11083	-0.014325	-0.09106
-0.10433	0.045677	-0.11507
0.27229	-0.025248	0.39081
-0.25806	0.10383	0.18742
-0.28098	0.104	0.12861
0.12157	0.0016723	0.37332
-0.307	0.12089	0.25851
-0.29494	0.1211	0.24364
0.13856	-0.01637	-0.097188
-0.23449	0.088124	0.07674
0.26419	-0.056336	-0.11615
-0.1367	0.057459	-0.11321
0.30363	-0.06007	-0.24799
0.35444	-0.071787	-0.31794
0.4553	-0.090956	-0.17088
-0.27435	0.11714	0.20536
-0.21166	0.10311	-0.054984
0.5184	-0.10034	0.06555
0.045418	0.010034	-0.095672
-0.21239	0.085517	-0.019027
0.36365	-0.04455	0.36121
0.37357	-0.083143	-0.32487
0.51036	-0.11435	-0.041908
0.42438	-0.10055	-0.20675
0.50369	-0.10955	0.12087
0.098281	0.010319	-0.079764
0.51912	-0.093933	0.089336
-0.017024	0.044932	-0.10023
-0.2162	0.10282	0.16073
0.21551	-0.0080419	-0.075305
-0.31665	0.12926	0.21858
0.18084	-0.017255	-0.085873
0.2854	-0.050682	-0.16536
-0.2993	0.12971	0.17704
-0.071961	0.073224	0.23155
0.089103	-0.01084	-0.088654
-0.23945	0.11054	0.11118
0.26498	-0.035322	-0.09813
0.14522	0.0071676	0.37623
0.0025197	0.042246	0.28306
-0.26155	0.1194	0.13737
0.39217	-0.073283	-0.22449
-0.1984	0.083231	-0.077503
-0.22228	0.10952	0.084035
0.142	-0.0033747	-0.11184
0.41415	-0.084919	-0.214
0.3244	-0.054596	-0.26349
0.28592	-0.049979	-0.22042
-0.11917	0.096979	0.19955
0.20795	0.032095	0.382
0.03149	0.043076	-0.090202
0.25933	0.0047572	-0.076417
0.33031	-0.06024	-0.28373
0.52268	-0.098814	-0.060226
0.058496	0.042317	-0.087498
-0.28192	0.12849	0.18194
-0.25909	0.11914	0.16944
0.39989	-0.092681	-0.22569
-0.18607	0.10975	0.15997
0.30085	-0.042651	-0.20384
0.45155	-0.048013	0.27429
-0.23508	0.11558	0.1415
-0.00878	0.05243	-0.094633
0.169	0.039458	0.37222
0.5098	-0.0902	0.010724
0.47809	-0.082731	-0.14588
-0.041968	0.082383	0.2456
-0.0092699	0.065883	0.26243
-0.13758	0.082276	-0.0964
0.038319	0.091885	0.30037
0.38285	-0.068883	-0.29018
0.30527	-0.036187	-0.14202
0.54473	-0.11258	-0.096363
0.55313	-0.1073	-0.13401
0.52664	-0.091451	-0.030596
0.5707	-0.10316	-0.070272
0.57814	-0.11277	-0.11336
0.5371	-0.10024	-0.07257
0.46835	-0.068531	0.25111
0.069019	0.065503	0.33174
0.29788	0.01337	0.37664
0.10311	0.039056	0.35624
0.51371	-0.099361	-0.077344
-0.20897	0.12649	0.11532
0.30238	-0.026864	-0.11141
0.48229	-0.050346	0.22222
0.49078	-0.058271	-0.12669
0.50353	-0.084399	-0.10937
-0.22184	0.12447	0.083825
-0.20969	0.11277	-0.062539
0.5906	-0.10671	-0.13913
-0.20981	0.1202	0.13213
0.37155	-0.059084	-0.30143
0.35791	-0.03464	-0.22488
0.40126	-0.072247	-0.21137
0.40658	-0.016333	0.31585
-0.094262	0.087277	-0.094514
0.6099	-0.10715	-0.097926
0.50562	-0.076776	0.035781
0.45027	-0.072641	-0.19987
-0.1704	0.10441	-0.082546
-0.2323	0.13136	-0.023581
0.54785	-0.087899	-0.045315
-0.15582	0.10471	0.17344
0.35636	-0.050934	-0.28809
-0.23596	0.14407	0.039602
0.41268	-0.052813	-0.19494
0.62299	-0.10349	-0.11471
0.52625	-0.093369	-0.10794
0.51803	-0.066749	-0.0074375
0.38191	-0.016	0.3427
0.10953	0.020243	-0.093736
0.08034	0.044253	-0.077054
0.54529	-0.095949	-0.1389
0.36575	-0.044886	-0.25933
0.1576	0.031544	-0.11667
0.0010705	0.096211	0.24374
0.51708	-0.066647	0.09687
0.13085	0.033099	-0.11837
-0.22299	0.13334	-0.0052306
-0.014555	0.070652	-0.08037
0.56128	-0.090838	-0.14919
0.3094	0.0055544	-0.079331
0.31935	-0.0359	-0.17214
0.3832	-0.051307	-0.25451
0.14167	0.048478	0.36729
0.52136	-0.072368	-0.12132
0.19449	0.03997	-0.11172
-0.065189	0.10819	0.21583
-0.17249	0.12686	-0.082579
0.35959	-0.027248	-0.19506
0.49698	-0.074601	0.15719
-0.054633	0.069283	-0.093057
0.52081	-0.082162	-0.013568
0.35622	-0.0078575	0.36119
0.5871	-0.094918	-0.067866
0.58041	-0.081598	-0.056106
0.62484	-0.097601	-0.095097
0.39031	-0.048554	-0.2037
0.45918	-0.052052	-0.15588
-0.040129	0.1053	-0.079726
0.51296	-0.062002	-0.11609
0.25808	0.018017	0.37985
-0.14485	0.14728	0.1576
0.50009	-0.057478	0.017899
0.011817	0.085687	0.26891
0.24971	0.013023	-0.077264
0.37359	-0.030882	-0.20237
0.33391	-0.026284	-0.13449
-0.20231	0.14803	0.11739
-0.11296	0.14547	-0.083605
0.11844	0.054983	-0.10403
-0.035126	0.11577	0.21935
-0.18863	0.15639	0.13192
0.6141	-0.083461	-0.1455
0.02307	0.076477	-0.066437
0.49525	-0.051196	0.15985
-0.10856	0.11995	0.19034
0.14239	0.084252	0.3516
0.35933	-0.017665	-0.12192
0.56629	-0.053739	-0.042953
0.34677	0.030725	0.34956
-0.23466	0.16772	-0.028039
0.070151	0.076602	-0.066344
0.24463	0.044469	0.37407
0.13699	0.059368	-0.11674
0.61152	-0.062108	-0.13333
0.50778	-0.048942	-0.01063
-0.0090585	0.088403	-0.07184
0.37196	-0.0087829	-0.15433
0.48753	-0.033393	0.035546
0.43041	-0.035847	-0.16537
-0.12469	0.13753	0.1681
-0.015827	0.1112	0.23187
0.62119	-0.070927	-0.085552
0.48947	-0.024932	0.15459
0.4729	-0.017966	0.23538
0.20544	0.067614	0.36592
0.50531	-0.046867	0.046827
0.48728	-0.030241	-0.028671
0.5075	-0.045593	-0.094857
0.63006	-0.072615	-0.12716
-0.22291	0.15908	0.095758
0.27966	0.055139	0.36168
0.022668	0.11273	0.24829
0.4659	-0.031497	-0.12618
-0.09301	0.13542	0.18297
0.39004	-0.0088831	-0.16832
0.36046	0.0062094	-0.078528
0.53904	-0.048899	-0.098554
0.51849	-0.0487	0.073892
-0.16097	0.16191	0.14761
-0.049827	0.14748	0.17902
-0.21938	0.1755	-0.050401
0.49732	-0.031661	-0.090468
0.44758	0.0039352	0.26426
0.47714	-0.023924	0.00034473
-0.24734	0.16751	0.047959
0.47696	-0.023926	-0.098635
0.16525	0.068252	-0.11901
0.30769	0.046916	0.35984
0.5014	-0.012222	0.06929
-0.22676	0.18789	0.12032
0.41308	0.016132	0.2945
0.02596	0.10989	-0.039411
0.39553	0.020295	-0.098518
0.046937	0.13214	0.27437
0.50104	-0.025682	-0.056357
0.13528	0.1058	0.34141
-0.23609	0.18411	-0.0095648
0.48143	-0.021953	-0.063732
0.54052	-0.034212	-0.047357
0.30954	0.035094	-0.068208
-0.095758	0.16573	0.15108
0.38864	0.012283	-0.11046
0.42659	0.0072883	-0.11962
0.49187	-0.0043159	0.051448
0.07535	0.094345	-0.060614
0.39674	0.023272	0.31486
0.58394	-0.031385	-0.10755
-0.03522	0.12933	-0.062501
0.28132	0.053327	-0.071811
0.12043	0.081219	-0.097067
-0.074056	0.14647	-0.073358
0.077744	0.12266	0.29993
0.396	0.0096621	-0.12744
0.3547	0.054262	0.32953
0.53144	-0.027362	-0.085951
0.46992	-0.0076021	-0.026051
0.47161	0.012595	0.19159
-0.19292	0.17194	0.12976
0.20861	0.084924	0.36152
-0.18724	0.19444	0.14397
0.46954	-0.010222	-0.057985
0.34918	0.042968	-0.061616
-0.13223	0.17204	0.14646
0.47987	-0.0065212	0.14345
0.27717	0.069962	0.35787
0.59305	-0.045611	-0.081426
-0.26711	0.22427	0.093799
0.019154	0.13354	0.20315
-0.24264	0.20313	0.11795
-0.0085917	0.14893	0.17866
0.46719	0.018362	0.22179
-0.0084386	0.14177	-0.030641
0.60868	-0.040882	-0.11903
0.064371	0.11585	-0.036671
0.11417	0.13641	0.30828
0.46288	0.0033673	0.03046
0.46957	0.035663	0.057214
0.4399	0.014995	-0.077732
0.45147	0.014691	-0.00034219
-0.18248	0.18106	-0.07371
-0.15981	0.1866	0.14298
0.039437	0.13547	0.22358
0.17253	0.12463	0.33654
0.39819	0.055201	0.28419
0.25046	0.052946	-0.099081
0.42595	0.038101	-0.0401
0.46082	0.020931	0.1309
0.091769	0.12187	-0.043632
0.30743	0.076556	0.34054
0.56507	-0.02821	-0.078712
-0.074117	0.18708	0.1295
0.015687	0.14432	0.1843
-0.26797	0.21894	0.062281
-0.22912	0.22181	0.13392
-0.16728	0.22283	-0.076832
0.04601	0.15187	0.17902
-0.12885	0.21568	0.13794
0.10822	0.1311	-0.050792
-0.14389	0.14782	-0.084039
0.41676	0.025622	-0.084784
0.057636	0.16034	0.24551
0.26112	0.062531	-0.093608
0.13024	0.107	-0.087141
0.14695	0.10687	-0.10002
-0.20334	0.21081	-0.070818
0.43841	0.039623	0.24873
-0.052527	0.17734	-0.048758
-0.24136	0.23542	-0.057773
0.20099	0.11772	0.34348
0.38159	0.060279	-0.065988
-0.27285	0.24421	0.057105
0.21267	0.1028	-0.10025
0.45109	0.031325	0.03086
-0.014374	0.17062	0.1331
-0.053147	0.18454	0.12699
0.44725	0.056675	0.19391
0.01975	0.14426	-0.0012164
0.44918	0.044313	0.1063
0.27602	0.11454	0.3273
0.28287	0.079843	-0.06334
-0.26226	0.2313	0.016366
-0.09486	0.19269	-0.068628
-0.25553	0.22781	0.11121
0.059943	0.15935	0.19683
0.42714	0.049696	-0.0005977
0.45386	0.052505	0.077535
0.34388	0.075492	0.31721
0.036126	0.15242	0.1637
-0.024243	0.1797	-0.016486
0.027392	0.16314	0.12666
0.32278	0.080604	-0.062593
0.24477	0.090093	-0.088449
0.39029	0.043487	-0.074819
-0.17395	0.24196	0.15223
0.23871	0.11586	0.33903
0.44948	0.050482	0.21956
0.15754	0.14266	0.31515
-0.14486	0.22293	0.1515
0.3585	0.094552	-0.06175
0.016538	0.16235	0.011041
-0.13698	0.21566	-0.075575
0.27097	0.090183	-0.055428
0.3493	0.090399	0.30486
0.090127	0.16396	0.24899
0.0601	0.16457	0.12092
0.045253	0.1633	0.076169
-0.20655	0.24859	0.1478
0.06839	0.14741	-0.0034547
0.095336	0.14152	-0.036029
-0.11248	0.22575	-0.063633
0.054565	0.1513	0.0077909
0.071294	0.16772	0.14459
-0.26583	0.25579	-0.04392
-0.00503	0.18296	0.069801
-0.27891	0.25275	0.088805
0.24507	0.11165	-0.054892
0.13229	0.15874	0.28386
0.42974	0.071319	0.11933
-0.022879	0.1869	0.095904
0.43988	0.068617	0.18832
0.21907	0.15921	0.30452
0.19444	0.12725	-0.089693
0.0099662	0.17238	0.029328
-0.091916	0.20958	0.12306
0.053841	0.15864	0.035614
-0.28437	0.27608	-0.0028946
0.074864	0.18062	0.21354
-0.057545	0.20959	0.099013
-0.25211	0.25263	0.12153
0.38841	0.069107	-0.057228
0.38903	0.10397	0.24803
0.1772	0.16058	0.29624
0.31548	0.10287	0.31608
0.2578	0.11391	-0.028609
0.14463	0.15137	-0.048336
0.407	0.06827	-0.027277
-0.030504	0.20361	0.024117
0.41215	0.10215	0.13183
0.071986	0.16773	0.08348
0.15164	0.14064	-0.069252
0.31103	0.12164	-0.028694
-0.21674	0.24648	-0.078092
0.42353	0.072629	0.024311
0.22388	0.12505	-0.083462
0.43374	0.087145	0.056724
0.42552	0.086943	0.10418
0.34877	0.13425	0.25622
0.41707	0.097914	0.20156
-0.28485	0.27317	-0.021464
0.096905	0.18296	0.10434
0.33929	0.11604	-0.04795
0.4265	0.09586	0.18775
0.1254	0.17273	0.0093802
0.30441	0.13135	0.29908
-0.050824	0.23025	0.067232
0.088307	0.18563	0.16361
0.22397	0.14358	-0.050069
0.20507	0.14068	-0.070231
-0.22891	0.28877	0.13779
0.18477	0.18452	0.25175
0.25436	0.15386	0.30243
0.093106	0.16896	0.038097
-0.19019	0.28503	0.1492
0.38536	0.093069	-0.046473
-0.19204	0.2454	-0.085118
-0.056726	0.22631	-0.014283
-0.28915	0.302	0.089338
0.14713	0.18494	0.24175
0.35908	0.11168	-0.053204
-0.11197	0.25659	0.13877
-0.16848	0.26054	-0.087776
0.23385	0.15898	-0.039428
-0.090269	0.23837	0.11341
-0.2709	0.29228	-0.054198
-0.26924	0.29613	0.11157
0.26904	0.13576	-0.029944
0.18562	0.15768	-0.032924
0.1003	0.19696	0.17228
0.21734	0.15097	-0.027694
-0.13627	0.25958	0.14828
0.39954	0.1207	0.0095736
-0.29889	0.31205	0.02244
0.12989	0.198	0.19108
0.30213	0.14768	-0.033981
-0.14647	0.24626	-0.076046
-0.095886	0.26722	0.11704
-0.072366	0.25817	0.089459
-0.051308	0.24154	0.034481
0.39647	0.12428	0.14014
0.38816	0.13231	0.17957
-0.29779	0.31729	-0.027352
0.40646	0.11879	0.034066
0.22577	0.18514	0.25613
0.28736	0.18333	0.24663
0.12807	0.20509	0.10421
0.15516	0.19004	0.024411
-0.23676	0.32228	0.1289
-0.19769	0.3044	-0.094595
0.19447	0.17349	-0.0045738
0.1465	0.20902	0.13453
-0.079676	0.24392	-0.032314
0.3414	0.15076	-0.025899
0.26103	0.15972	-0.080284
0.40333	0.13418	0.093252
0.18276	0.19489	0.018682
0.26348	0.17482	0.26859
0.25304	0.14998	-0.04051
-0.23279	0.28917	-0.081742
-0.12194	0.26214	-0.067944
0.2384	0.16955	-0.10973
0.35023	0.16549	0.20057
-0.30043	0.3456	0.069998
0.23798	0.16621	-0.075694
0.20624	0.20069	0.22767
-0.26577	0.32217	-0.066755
0.13435	0.19885	0.074138
-0.057291	0.25066	0.0092698
0.38533	0.13469	0.14763
-0.13734	0.28459	0.14406
0.20636	0.17884	-0.02269
-0.28452	0.32952	0.098958
0.29607	0.15401	-0.042721
0.27243	0.15521	-0.13197
0.3775	0.15172	0.060774
0.39447	0.13424	0.027914
0.1601	0.21097	0.17365
0.16191	0.20052	0.21492
0.21656	0.1838	-0.13699
-0.3072	0.34986	0.085932
0.312	0.18255	0.21751
0.21991	0.19175	-0.063354
0.16135	0.20816	0.07697
-0.054748	0.27303	0.050246
0.23957	0.1659	-0.1548
0.1772	0.21702	0.053069
-0.14958	0.3267	0.13027
0.27586	0.15949	-0.15559
0.23605	0.19367	0.247
0.25563	0.16605	-0.12498
0.36721	0.15022	-0.024114
-0.28789	0.35113	0.10578
0.26899	0.16044	-0.19332
0.36801	0.16484	0.15448
-0.098345	0.28335	-0.053472
0.22126	0.18887	-0.080826
0.27177	0.1697	-0.10237
0.30235	0.15876	-0.20887
0.19828	0.21024	0.19635
0.19547	0.21137	-0.023149
0.20185	0.20836	-0.096547
0.30531	0.1669	-0.089205
-0.092426	0.2892	0.12188
0.23137	0.18281	-0.17933
-0.061163	0.28624	-0.008022
0.20112	0.21298	0.14373
0.30499	0.16738	-0.052174
-0.081146	0.29878	0.093137
0.17651	0.21309	0.11102
0.25277	0.20892	0.20849
-0.26884	0.36178	-0.065435
-0.069097	0.27976	-0.022114
0.30686	0.1697	-0.12958
0.26458	0.17629	-0.21016
-0.20071	0.32549	0.13735
0.20473	0.19801	-0.15335
0.31511	0.17309	-0.064335
0.28937	0.19714	0.20633
-0.21908	0.34664	0.12534
-0.30169	0.38023	0.098358
-0.30827	0.34932	0.046247
0.33604	0.17579	-0.028342
0.3363	0.15631	-0.21511
0.18458	0.22918	0.0016608
0.25004	0.21295	0.17567
0.35389	0.18721	0.072209
0.37986	0.1603	0.10056
-0.31074	0.36961	-0.013207
-0.1268	0.34076	0.11084
0.18573	0.23099	-0.089348
-0.25145	0.34254	-0.080978
0.34531	0.17933	-0.017046
0.20036	0.22577	0.11362
-0.29417	0.36119	-0.041475
0.23792	0.21487	0.14653
0.33416	0.17469	-0.10589
0.32482	0.17635	-0.23711
0.22848	0.21107	-0.19857
0.33193	0.18453	0.17464
0.19007	0.23882	0.078529
-0.14214	0.29178	-0.082167
0.20784	0.23788	-0.068996
0.19378	0.22298	-0.13425
0.40807	0.15316	-0.24389
-0.22776	0.35368	-0.091468
-0.054304	0.29061	0.040194
0.37408	0.18925	0.0028779
0.29874	0.20237	0.17334
0.36498	0.1607	-0.16575
0.26274	0.20909	0.15834
0.37049	0.15442	-0.23786
0.17952	0.22763	0.050501
0.37417	0.18454	0.12553
-0.086202	0.31331	0.10137
0.34708	0.19951	0.10339
0.32443	0.19641	0.12493
0.36961	0.17212	-0.10736
0.28858	0.21016	0.14503
0.34866	0.18508	0.14935
-0.28277	0.37199	0.11018
0.36743	0.17002	-0.078031
-0.12538	0.33227	-0.067589
0.3561	0.19281	0.1274
0.40377	0.1566	-0.21811
0.338	0.19531	-0.053305
0.18212	0.25216	0.030395
0.41101	0.16029	-0.099307
0.43486	0.1639	-0.13095
0.42993	0.15734	-0.18549
-0.31865	0.37558	0.051898
-0.31348	0.39005	0.070221
0.43176	0.15457	-0.25023
0.29471	0.21154	-0.24104
0.37044	0.17705	-0.069343
-0.32252	0.38285	0.020024
0.43512	0.15728	-0.21678
0.24123	0.22853	-0.21324
0.42874	0.16043	-0.14539
-0.1819	0.33711	-0.093162
0.19989	0.24769	-0.036718
0.25489	0.23063	0.13231
-0.075002	0.31471	0.067407
0.38625	0.18605	-0.26373
0.39834	0.20349	-0.066707
-0.10493	0.33139	-0.049856
0.19902	0.23155	-0.15845
-0.073413	0.32594	-0.0019837
0.21028	0.2685	0.080237
0.34673	0.21173	0.079424
0.43619	0.1757	-0.11832
0.35129	0.19781	-0.010116
0.41448	0.19626	-0.080478
0.48004	0.16276	-0.16393
-0.25489	0.37882	0.11792
0.3402	0.21153	-0.049196
-0.33139	0.40297	-0.028524
0.45189	0.17212	-0.11505
0.43056	0.18912	-0.1099
0.19184	0.26447	0.059138
0.33559	0.21159	0.098976
0.20943	0.24661	-0.17967
-0.11467	0.36728	0.07243
0.35733	0.21134	0.024728
0.22597	0.26736	0.092691
0.17771	0.26014	-0.078786
0.35505	0.21605	0.002602
0.46935	0.1677	-0.23803
-0.23541	0.37248	-0.081393
0.33144	0.19654	-0.24828
0.19065	0.25947	-0.12128
0.49714	0.16648	-0.070679
0.48005	0.16481	-0.20317
0.47434	0.1735	-0.094125
-0.078586	0.33282	0.067638
0.5217	0.16465	-0.068706
0.51295	0.16175	-0.10769
0.4477	0.18019	-0.26272
-0.15229	0.36803	-0.072627
-0.19806	0.39028	0.099991
-0.3038	0.38801	-0.048336
0.48771	0.18518	-0.060445
0.53796	0.16074	-0.14132
-0.07289	0.33455	0.03441
0.51662	0.16239	-0.17834
-0.26678	0.37763	-0.074573
0.54538	0.15833	-0.099147
-0.13635	0.36366	0.09274
0.41685	0.20327	-0.27031
-0.2965	0.40057	0.098313
-0.34242	0.41021	-0.0066987
0.19595	0.27236	0.030866
0.2833	0.25929	0.10557
0.54712	0.17315	-0.07698
-0.16817	0.39083	0.08606
-0.28289	0.39753	-0.073741
0.25894	0.26899	0.099006
-0.3313	0.4059	0.036288
0.50853	0.16758	-0.22294
0.44729	0.20775	-0.10722
0.39793	0.19877	-0.27045
0.26253	0.25419	-0.22467
0.46741	0.18864	-0.25049
-0.25117	0.38971	-0.097727
-0.20738	0.38796	-0.078154
0.33629	0.24835	0.063376
-0.13636	0.3753	-0.052263
-0.094668	0.35553	-0.011278
0.58281	0.15743	-0.17847
0.54117	0.16334	-0.20516
0.19005	0.26334	-0.061152
-0.11303	0.3722	0.060165
-0.18644	0.37675	-0.08374
0.19539	0.27578	-0.031014
0.59526	0.15912	-0.21413
-0.25817	0.40451	0.10957
-0.10915	0.37861	0.030988
0.58404	0.15782	-0.082617
0.46109	0.20694	-0.092303
0.34118	0.24409	-0.01966
0.30801	0.27724	0.062051
0.59749	0.16866	-0.11869
-0.31351	0.41437	-0.069397
-0.36763	0.43053	-0.042824
0.29451	0.25029	-0.23881
0.18968	0.28203	-0.062757
0.20474	0.26671	-0.15127
0.60731	0.16306	-0.18385
0.61438	0.15505	-0.2034
0.33609	0.2525	-0.051799
0.60806	0.16052	-0.1627
0.52778	0.17663	-0.044709
-0.31881	0.42353	0.071915
-0.22874	0.39545	-0.099138
-0.39861	0.451	-0.0054936
-0.35687	0.42611	0.014361
0.39648	0.24315	-0.071652
-0.33688	0.4312	-0.067192
0.1978	0.2877	-0.078587
0.22121	0.26426	-0.18133
0.61876	0.17809	-0.22433
-0.30003	0.43207	0.084345
0.515	0.18772	-0.24224
-0.39209	0.44863	-0.041335
0.21268	0.2934	0.028657
0.19864	0.27639	0.0029043
0.54623	0.20149	-0.075614
-0.23821	0.42377	0.096143
0.62697	0.18138	-0.20612
0.37979	0.22466	-0.26533
-0.34242	0.43422	0.043727
-0.38996	0.46431	0.037111
0.61583	0.15779	-0.14612
-0.16804	0.39247	-0.065438
-0.39668	0.45626	0.022896
0.41625	0.23236	-0.081277
-0.31773	0.46391	0.071556
0.34404	0.24946	-0.25197
-0.2761	0.42062	-0.085693
0.55928	0.17138	-0.22787
0.206	0.29421	-0.030383
-0.099758	0.36808	0.010509
0.21168	0.30933	-0.058234
0.43649	0.22913	-0.1058
-0.33289	0.45367	0.060691
0.28341	0.28133	0.077291
0.22316	0.28949	0.060301
0.51787	0.20499	-0.24725
-0.12413	0.38032	-0.02743
0.32816	0.2715	0.039404
-0.40883	0.4699	-0.047473
-0.31164	0.4365	-0.086103
0.2229	0.29015	-0.14952
0.57383	0.18994	-0.083531
0.56686	0.19573	-0.23452
0.47727	0.21469	-0.24844
-0.26839	0.43409	0.088637
0.26428	0.28529	-0.20823
-0.15695	0.40191	-0.042217
-0.2396	0.44567	0.077565
0.23952	0.30296	-0.13437
-0.19527	0.41337	-0.054887
0.33466	0.27028	0.012932
0.23089	0.3059	-0.018541
0.25216	0.30506	0.036869
0.4419	0.23311	-0.26156
0.49233	0.23369	-0.081967
0.59416	0.19749	-0.13714
-0.21648	0.41741	-0.094403
0.42763	0.25583	-0.091879
0.45877	0.23838	-0.11446
0.57231	0.2157	-0.10604
0.30149	0.27783	-0.23082
-0.36155	0.45906	-0.074341
0.61042	0.18747	-0.18151
-0.16624	0.41695	0.048657
0.31773	0.28465	-0.034319
-0.15711	0.41694	-0.012576
0.60318	0.19725	-0.1489
-0.42399	0.48442	0.0026211
0.40753	0.24299	-0.26484
-0.29403	0.47467	-0.10587
0.28226	0.30235	0.038715
-0.15587	0.41734	0.015508
0.22284	0.29907	-0.081603
0.51307	0.21748	-0.061289
0.36462	0.27236	-0.24513
0.31426	0.2926	0.017736
0.38919	0.25044	-0.25826
0.57256	0.21511	-0.2215
0.60797	0.19882	-0.22479
-0.41927	0.49291	-0.045068
-0.35851	0.47909	0.065397
-0.20958	0.44011	0.064849
-0.20028	0.43595	-0.048611
-0.4207	0.51378	0.025343
0.24991	0.30553	-0.08566
0.5199	0.22054	-0.24388
0.60855	0.20256	-0.19848
-0.2516	0.43619	-0.092502
0.38661	0.26425	-0.075897
0.52594	0.24484	-0.10582
-0.17751	0.42954	0.028065
0.47449	0.23633	-0.23939
0.30071	0.30617	-0.22326
-0.42775	0.49246	-0.026498
-0.18593	0.4256	-0.027009
0.28637	0.30752	-0.002737
0.55799	0.23358	-0.13278
-0.43214	0.51266	0.0067626
0.49588	0.23726	-0.23883
0.24738	0.31813	-0.058372
-0.19677	0.44446	0.001444
0.27333	0.31114	-0.10478
-0.29016	0.47682	0.071051
-0.23238	0.44792	-0.081167
0.30386	0.29767	-0.0723
0.45763	0.25838	-0.13407
0.30285	0.33127	-0.18709
-0.38592	0.49314	-0.083033
0.48323	0.25314	-0.12377
0.56647	0.2363	-0.16635
0.46976	0.24834	-0.23058
0.28459	0.30355	-0.081262
0.56159	0.23694	-0.18714
0.43936	0.27384	-0.1228
-0.26915	0.45636	-0.095931
0.3206	0.28533	-0.063263
-0.37894	0.49328	0.055386
0.4396	0.26908	-0.23676
-0.21009	0.46608	-0.042372
0.29331	0.33016	-0.15248
-0.21539	0.4559	0.044836
0.53494	0.24858	-0.16205
-0.33584	0.48611	-0.096686
0.46892	0.26094	-0.16154
-0.41373	0.52767	-0.080415
0.49341	0.25905	-0.17374
-0.23156	0.46399	-0.081481
0.47199	0.25756	-0.20165
0.41229	0.28007	-0.23494
0.50867	0.24874	-0.21901
-0.25846	0.48207	0.059266
0.51339	0.25378	-0.13615
0.5224	0.25225	-0.19275
-0.37668	0.51892	-0.096884
0.35686	0.30326	-0.23968
0.29878	0.3196	-0.21089
0.41571	0.31414	-0.12927
0.44459	0.28492	-0.20073
-0.43721	0.52778	-0.01988
-0.32353	0.50506	0.078418
-0.3821	0.52356	0.065417
0.3331	0.33211	-0.11546
0.34973	0.31612	-0.10256
-0.30815	0.48617	-0.10495
-0.22716	0.48225	0.02947
0.43694	0.29554	-0.15364
-0.42881	0.55587	0.022813
-0.25862	0.48207	-0.097347
-0.21087	0.47034	-0.01839
0.32054	0.31966	-0.21803
-0.36016	0.51676	0.073878
0.42141	0.28786	-0.22645
0.43508	0.29484	-0.18383
-0.35677	0.53315	-0.1044
-0.28243	0.52345	-0.10313
-0.29507	0.51656	0.076576
-0.34922	0.55056	0.073659
-0.2307	0.49938	-0.069114
0.38403	0.31876	-0.21422
0.40338	0.31341	-0.20757
0.42681	0.3141	-0.1717
-0.44375	0.56558	0.00078099
-0.43553	0.54287	-0.057833
-0.22544	0.5135	-0.045767
0.35643	0.33912	-0.1734
0.36352	0.33827	-0.14464
-0.43552	0.57648	-0.077566
-0.22194	0.52033	0.0078738
0.33582	0.34234	-0.15397
0.40024	0.32991	-0.1651
-0.25716	0.53075	0.058657
-0.40739	0.56241	0.04471
-0.45227	0.58011	-0.036515
-0.4069	0.57765	-0.11009
-0.31431	0.5478	0.074304
-0.26014	0.52106	-0.089435
-0.32503	0.53288	-0.11172
-0.45587	0.61597	-0.013118
-0.38028	0.59465	0.052912
-0.23585	0.54567	0.030913
-0.3737	0.59151	-0.12265
-0.28802	0.55064	-0.098084
-0.23747	0.53172	-0.043989
-0.45622	0.61722	-0.054938
-0.31826	0.5612	-0.10871
-0.35796	0.55749	-0.11475
-0.23404	0.55413	-0.01466
-0.39935	0.5982	0.042739
-0.26101	0.5646	0.052524
-0.27931	0.57133	0.058842
-0.26494	0.56281	-0.062524
-0.4349	0.60726	-0.098587
-0.34589	0.59975	0.056017
-0.4326	0.60643	0.016816
-0.25374	0.57548	-0.03919
-0.29444	0.58084	-0.084998
-0.24275	0.57003	-0.00080526
-0.31543	0.57874	-0.10306
-0.44926	0.61562	-0.075052
-0.2697	0.59592	0.027773
-0.34043	0.60878	-0.11351
-0.42327	0.64489	0.010441
-0.45959	0.64642	-0.032446
-0.341	0.61592	0.043585
-0.29051	0.59979	0.042464
-0.42767	0.62632	-0.11421
-0.45427	0.64083	-0.095575
-0.38082	0.61904	-0.12345
-0.39514	0.62412	-0.12665
-0.42106	0.63468	-0.15312
-0.4106	0.63376	-0.21964
-0.39227	0.62354	-0.19684
-0.27946	0.60361	-0.061288
-0.29014	0.6262	-0.051115
-0.38618	0.63017	-0.14828
-0.38985	0.63023	-0.22552
-0.42413	0.63405	-0.19018
-0.35866	0.63156	-0.12072
-0.40357	0.6311	-0.24928
-0.38507	0.64397	-0.26384
-0.27672	0.61642	-0.014026
-0.46668	0.65683	-0.082053
-0.45153	0.66778	-0.017741
-0.38528	0.65921	0.014474
-0.46819	0.66823	-0.038384
-0.42913	0.65343	-0.22222
-0.36274	0.63484	-0.16629
-0.30936	0.62716	-0.069804
-0.30709	0.63535	0.0075296
-0.43806	0.64931	-0.1577
-0.3511	0.66463	0.0018166
-0.33002	0.63883	-0.096143
-0.3645	0.63571	-0.19075
-0.42867	0.67919	-0.0025877
-0.44164	0.66233	-0.21206
-0.35587	0.64142	-0.13214
-0.36225	0.64994	-0.22436
-0.46242	0.68351	-0.1452
-0.48711	0.71097	-0.025673
-0.33354	0.64676	-0.20158
-0.33466	0.65496	-0.10172
-0.31635	0.65687	-0.035781
-0.40757	0.6554	-0.25975
-0.48389	0.70841	-0.093887
-0.49675	0.72393	-0.041512
-0.45551	0.69959	-0.011358
-0.33087	0.65716	-0.07489
-0.42418	0.67294	-0.23291
-0.33113	0.6587	-0.12716
-0.33957	0.64832	-0.21837
-0.45537	0.68597	-0.17526
-0.44709	0.69557	-0.18477
-0.4023	0.68012	-0.00015447
-0.43192	0.69565	-0.0048247
-0.32215	0.6506	-0.24634
-0.37041	0.67617	-0.25257
-0.3434	0.67048	-0.014245
-0.33923	0.67096	-0.04513
-0.36507	0.66726	-0.25112
-0.37336	0.68049	-0.010122
-0.32133	0.6606	-0.17122
-0.46591	0.711	-0.13365
-0.31253	0.67426	-0.19174
-0.33933	0.684	-0.074044
-0.323	0.68322	-0.1193
-0.40181	0.70727	-0.011463
-0.32203	0.6658	-0.25776
-0.31053	0.68108	-0.21739
-0.39222	0.67803	-0.24856
-0.3729	0.7026	-0.032382
-0.33712	0.68041	-0.26249
-0.45317	0.71919	-0.13492
-0.44118	0.72427	0.00093664
-0.48274	0.736	-0.076964
-0.29057	0.68482	-0.17288
-0.4695	0.74859	-0.00079783
-0.48422	0.75319	-0.015611
-0.34903	0.70686	-0.068423
-0.29181	0.68715	-0.19943
-0.33011	0.70532	-0.10744
-0.43753	0.74574	-0.08835
-0.387	0.75161	-0.043516
-0.30958	0.71231	-0.23305
-0.3073	0.69634	-0.23307
-0.32558	0.70689	-0.24043
-0.28855	0.69942	-0.16968
-0.27582	0.7004	-0.22138
-0.39482	0.73	-0.14833
-0.45721	0.76759	-0.034606
-0.40712	0.73793	-0.019285
-0.43413	0.76003	-0.0072833
-0.39322	0.69378	-0.22861
-0.3274	0.73356	-0.20103
-0.4477	0.77114	-0.015496
-0.29321	0.73329	-0.17219
-0.37842	0.75867	-0.075816
-0.3426	0.73389	-0.11028
-0.4058	0.77121	-0.069483
-0.37783	0.76248	-0.10984
-0.35377	0.75693	-0.12557
-0.29072	0.73692	-0.18555
-0.40534	0.77392	-0.045407
-0.31866	0.74896	-0.18781
-0.28155	0.71075	-0.23031
-0.35686	0.75526	-0.14215
-0.32127	0.75306	-0.15465
-0.31416	0.75419	-0.17398
0.52172	-0.23024	-0.12156
-0.030776	0.20099	0.068817
0.59605	0.16603	-0.097155
-0.25384	0.22124	-0.030575
0.56365	0.15633	-0.13841
