3	1161	1149	1193
3	1640	1628	1654
3	1815	1813	1817
3	1754	1774	1797
3	1128	1176	1145
3	1217	1156	1174
3	712	1995	825
3	216	213	225
3	261	264	291
3	158	176	166
3	158	159	176
3	851	875	906
3	984	1054	1107
3	1068	1107	1159
3	1560	1588	1592
3	1731	1741	1779
3	1002	1154	1069
3	1154	1078	1100
3	1112	1096	1149
3	1100	1112	1149
3	1100	1149	1161
3	1154	1100	1161
3	1149	1096	1193
3	1592	1588	1623
3	1623	1588	1633
3	1628	1592	1623
3	1623	1633	1658
3	1628	1623	1654
3	1654	1623	1698
3	1623	1658	1698
3	1654	1698	1715
3	1698	1658	1731
3	1658	1633	1731
3	1723	1698	1731
3	1698	1723	1730
3	1723	1731	1773
3	1730	1723	1773
3	1773	1731	1786
3	1731	1779	1786
3	1773	1786	1817
3	1779	1798	1815
3	1786	1779	1815
3	1786	1815	1817
3	1765	1773	1817
3	1665	1715	1670
3	1665	1654	1715
3	1664	1670	1684
3	1670	1715	1696
3	1715	1698	1730
3	1696	1715	1730
3	1696	1730	1766
3	1765	1730	1773
3	1766	1730	1765
3	1774	1766	1800
3	1797	1774	1800
3	1800	1766	1765
3	1765	1817	1800
3	1696	1684	1670
3	1664	1684	1683
3	1684	1704	1683
3	1686	1683	1750
3	1684	1696	1704
3	1683	1704	1750
3	1704	1696	1766
3	1750	1704	1774
3	1774	1704	1766
3	1248	1217	1335
3	1162	1145	1209
3	1145	1176	1209
3	1162	1209	1236
3	1176	1221	1209
3	1209	1221	1236
3	1404	1433	1484
3	1236	1221	1300
3	216	261	286
3	216	225	261
3	216	286	236
3	261	225	264
3	286	261	297
3	286	297	295
3	261	291	297
3	297	291	348
3	316	295	356
3	356	297	348
3	192	167	178
3	184	192	199
3	178	213	216
3	221	192	178
3	199	192	221
3	221	178	244
3	244	178	216
3	221	244	238
3	249	199	238
3	199	221	238
3	236	244	216
3	249	238	250
3	238	311	250
3	287	249	250
3	236	286	295
3	250	311	316
3	287	250	316
3	311	295	316
3	158	157	159
3	159	157	167
3	159	167	192
3	159	192	184
3	177	159	184
3	159	177	176
3	176	177	191
3	177	184	209
3	201	176	191
3	1575	1579	1572
3	191	177	228
3	201	191	234
3	191	228	229
3	177	209	228
3	191	229	234
3	228	249	287
3	229	228	287
3	906	875	984
3	875	995	984
3	984	995	1054
3	851	869	824
3	824	869	855
3	869	851	906
3	855	869	924
3	855	924	976
3	869	906	948
3	869	948	924
3	976	924	960
3	960	924	1047
3	924	948	1047
3	906	984	948
3	976	960	1015
3	948	984	1047
3	1015	960	1021
3	1021	960	1047
3	1047	1068	1076
3	1047	984	1068
3	1021	1047	1076
3	984	1107	1068
3	1015	1021	1125
3	1021	1076	1125
3	1125	1076	1147
3	1076	1068	1147
3	1147	1068	1159
3	295	297	356
3	184	199	249
3	244	236	311
3	238	244	311
3	311	236	295
3	184	249	209
3	228	209	249
3	1712	1697	1732
3	1707	1720	1768
3	1688	1697	1712
3	1587	1645	1688
3	338	278	371
3	283	278	338
3	212	278	283
3	212	198	278
3	231	212	283
3	179	212	231
3	179	145	212
3	149	198	212
3	145	149	212
3	134	145	179
3	134	131	145
3	145	131	149
3	131	130	149
3	120	130	131
3	1866	1891	1911
3	1866	1880	1891
3	1866	1844	1880
3	1875	1859	1866
3	1866	1828	1844
3	1859	1828	1866
3	1828	1838	1844
3	1834	1771	1859
3	1771	1828	1859
3	1828	1804	1838
3	1804	1828	1771
3	1707	1804	1771
3	1707	1768	1804
3	153	231	227
3	153	179	231
3	134	179	153
3	137	153	188
3	137	134	153
3	137	108	134
3	106	108	137
3	134	109	131
3	108	109	134
3	86	120	131
3	109	86	131
3	86	105	120
3	86	109	108
3	72	86	108
3	1866	1911	1889
3	1875	1866	1889
3	1889	1881	1875
3	1859	1875	1881
3	1834	1859	1881
3	96	106	137
3	96	70	106
3	106	72	108
3	70	72	106
3	12	8	28
3	1964	1963	1981
3	1960	1978	1963
3	1926	1963	1964
3	1932	1926	1964
3	1933	1960	1963
3	1926	1933	1963
3	1933	1941	1960
3	42	28	47
3	24	28	42
3	12	28	24
3	15	12	24
3	965	1045	1057
3	965	901	927
3	1286	1292	1362
3	1219	1292	1286
3	1219	1238	1292
3	1197	1238	1219
3	1104	1219	1232
3	1238	1135	1255
3	1197	1135	1238
3	1104	1197	1219
3	1104	977	1197
3	1197	1057	1135
3	977	1057	1197
3	977	965	1057
3	977	912	965
3	912	901	965
3	878	977	902
3	878	912	977
3	912	741	901
3	878	741	912
3	706	741	878
3	1310	1336	1399
3	1336	1286	1362
3	1310	1286	1336
3	1213	1286	1310
3	1232	1286	1213
3	1232	1219	1286
3	1232	1118	1104
3	1180	1232	1213
3	1118	1232	1180
3	1118	1041	1104
3	1093	1118	1180
3	1093	1041	1118
3	1041	977	1104
3	1018	1041	1093
3	1018	902	1041
3	1060	1018	1093
3	902	977	1041
3	786	902	1018
3	848	786	1018
3	797	786	848
3	786	878	902
3	786	706	878
3	732	786	797
3	732	684	786
3	684	706	786
3	684	628	706
3	1310	1364	1302
3	1263	1310	1302
3	1480	1474	1498
3	1263	1213	1310
3	1134	1263	1124
3	1134	1213	1263
3	1134	1136	1213
3	1136	1180	1213
3	1136	1093	1180
3	985	1060	1136
3	1039	985	1136
3	1060	1093	1136
3	985	1039	922
3	985	1018	1060
3	985	848	1018
3	922	809	985
3	809	848	985
3	863	809	922
3	809	797	848
3	736	797	809
3	732	797	736
3	685	650	736
3	736	650	732
3	1124	1263	1302
3	1124	1302	1279
3	1261	1124	1279
3	1134	1039	1136
3	1094	1050	1124
3	1050	1134	1124
3	1050	1039	1134
3	1094	991	1050
3	913	1050	991
3	913	922	1039
3	913	1039	1050
3	874	913	991
3	863	922	913
3	826	913	874
3	913	826	863
3	826	736	863
3	832	771	826
3	736	809	863
3	771	709	826
3	709	736	826
3	771	760	709
3	1017	1023	1062
3	1017	929	1023
3	905	957	1023
3	929	905	1023
3	1088	1062	1110
3	1088	1085	1062
3	1061	1062	1085
3	1030	1085	1088
3	1023	1024	1070
3	1062	1023	1070
3	1085	1028	1061
3	1024	1058	1070
3	1030	1025	1085
3	1025	1028	1085
3	1023	957	1024
3	983	1012	1024
3	992	1013	1030
3	970	1028	1025
3	957	983	1024
3	1013	970	1025
3	957	925	983
3	911	925	957
3	900	946	949
3	905	911	957
3	945	900	949
3	900	914	946
3	905	882	911
3	910	914	900
3	910	900	911
3	882	876	911
3	876	910	911
3	910	876	914
3	1013	1025	1030
3	992	946	1013
3	949	946	992
3	1026	1017	1062
3	1008	1017	1026
3	1513	1518	1533
3	938	1017	1008
3	958	938	1008
3	938	929	1017
3	955	958	1008
3	958	896	938
3	955	839	958
3	839	896	958
3	897	929	938
3	930	839	955
3	899	905	929
3	896	830	938
3	830	897	938
3	897	899	929
3	882	905	899
3	857	839	930
3	897	841	899
3	857	882	899
3	857	876	882
3	830	841	897
3	841	857	899
3	839	830	896
3	841	839	857
3	841	830	839
3	1061	1026	1062
3	1028	1026	1061
3	989	1026	1028
3	989	1008	1026
3	955	1008	989
3	970	989	1028
3	970	930	989
3	914	970	1013
3	989	930	955
3	946	914	1013
3	881	930	970
3	914	881	970
3	914	876	881
3	881	857	930
3	876	857	881
3	1428	1346	1421
3	1346	1400	1421
3	1362	1346	1428
3	1354	1370	1400
3	1346	1316	1400
3	1316	1354	1400
3	1292	1316	1346
3	1292	1238	1316
3	1255	1316	1238
3	706	677	741
3	673	677	706
3	673	627	677
3	627	598	677
3	573	598	627
3	1428	1461	1473
3	1460	1388	1473
3	1388	1428	1473
3	1428	1421	1461
3	1388	1362	1428
3	1292	1346	1362
3	596	673	628
3	610	628	650
3	596	627	673
3	562	628	610
3	562	596	628
3	562	541	596
3	541	544	596
3	1427	1388	1460
3	1427	1399	1388
3	1384	1399	1427
3	1384	1427	1435
3	1384	1364	1399
3	1384	1302	1364
3	638	650	685
3	652	638	685
3	638	610	650
3	597	638	652
3	578	610	638
3	597	578	638
3	541	562	610
3	578	541	610
3	1371	1384	1435
3	1394	1371	1445
3	1328	1371	1394
3	1371	1302	1384
3	1328	1302	1371
3	1328	1279	1302
3	1261	1279	1328
3	760	685	709
3	668	685	760
3	652	685	668
3	601	652	668
3	601	597	652
3	556	597	601
3	556	578	597
3	1309	1328	1394
3	1239	1261	1328
3	1309	1239	1328
3	1228	1295	1297
3	1207	1228	1297
3	1295	1239	1309
3	1239	1200	1261
3	1171	1239	1295
3	1228	1171	1295
3	1171	1200	1239
3	1122	1124	1200
3	1121	1171	1228
3	1171	1122	1200
3	1121	1122	1171
3	1094	1124	1122
3	1121	1004	1122
3	1004	1094	1122
3	1037	1004	1121
3	991	1094	1004
3	993	1004	1037
3	816	991	1004
3	816	874	991
3	816	1004	993
3	871	816	993
3	816	832	874
3	763	832	816
3	778	816	871
3	870	778	871
3	778	763	816
3	760	771	832
3	763	723	832
3	723	760	832
3	778	745	763
3	745	678	763
3	678	723	763
3	663	678	745
3	723	668	760
3	668	723	678
3	656	668	678
3	633	668	656
3	633	601	668
3	1247	1207	1297
3	1183	1207	1247
3	1121	1228	1207
3	1241	1183	1247
3	1212	1183	1241
3	1103	1183	1212
3	1183	1037	1207
3	1207	1037	1121
3	1089	1037	1183
3	1103	1089	1183
3	1049	1089	1103
3	1049	1037	1089
3	1049	952	1037
3	952	993	1037
3	887	952	1049
3	952	871	993
3	870	871	952
3	885	870	952
3	887	885	952
3	847	885	887
3	770	847	887
3	778	870	885
3	847	778	885
3	770	731	847
3	688	778	847
3	731	688	847
3	688	745	778
3	714	770	710
3	714	731	770
3	688	663	745
3	714	688	731
3	1158	1212	1227
3	1198	1158	1227
3	1158	1198	1246
3	1158	1103	1212
3	1113	1158	1246
3	1032	1158	1113
3	1032	986	1158
3	986	1006	1158
3	1006	1103	1158
3	1006	1049	1103
3	1006	915	1049
3	933	1006	986
3	827	933	986
3	915	887	1049
3	933	915	1006
3	770	887	915
3	849	915	933
3	796	849	933
3	827	796	933
3	710	770	915
3	849	710	915
3	752	710	849
3	849	796	752
3	1486	1503	1531
3	1430	1486	1531
3	1430	1447	1486
3	1430	1361	1447
3	1361	1365	1447
3	1374	1361	1430
3	1287	1361	1374
3	1321	1287	1374
3	1308	1324	1365
3	1361	1287	1365
3	1257	1287	1321
3	1287	1308	1365
3	1285	1308	1287
3	1113	1246	1208
3	1146	1113	1208
3	1146	1083	1113
3	1116	1083	1146
3	1111	1083	1116
3	1083	1032	1113
3	1083	1111	1058
3	1048	1083	1058
3	1048	1032	1083
3	1012	1048	1058
3	1019	1032	1048
3	1012	1019	1048
3	1019	986	1032
3	983	956	1012
3	1012	956	1019
3	956	974	1019
3	827	986	1019
3	974	827	1019
3	916	907	974
3	956	916	974
3	907	827	974
3	907	891	827
3	484	476	533
3	1610	1635	1703
3	1610	1535	1635
3	1535	1531	1635
3	1531	1503	1635
3	1576	1464	1610
3	1464	1535	1610
3	1464	1531	1535
3	1464	1426	1531
3	1426	1430	1531
3	1464	1442	1426
3	1442	1396	1426
3	1426	1374	1430
3	1396	1321	1426
3	1321	1374	1426
3	1382	1350	1396
3	1294	1350	1382
3	1350	1321	1396
3	1350	1296	1321
3	1257	1321	1296
3	1095	1088	1110
3	1095	1110	1116
3	1111	1116	1110
3	997	1088	1095
3	1070	1111	1110
3	1059	997	1095
3	1070	1058	1111
3	997	1030	1088
3	1003	997	1059
3	1003	982	997
3	997	992	1030
3	997	982	992
3	967	982	1003
3	982	949	992
3	945	949	982
3	925	956	983
3	967	945	982
3	925	916	956
3	918	945	967
3	918	900	945
3	911	916	925
3	916	911	900
3	918	916	900
3	908	916	918
3	916	908	907
3	465	533	547
3	465	484	533
3	465	398	484
3	369	398	465
3	1732	1735	1790
3	1671	1735	1732
3	1735	1671	1703
3	1697	1645	1732
3	1645	1671	1732
3	1671	1610	1703
3	1645	1610	1671
3	1536	1576	1645
3	1587	1536	1645
3	1587	1496	1536
3	1536	1508	1576
3	1508	1464	1576
3	1536	1496	1488
3	1442	1464	1508
3	1488	1442	1508
3	1434	1488	1496
3	1488	1434	1442
3	1382	1396	1442
3	1434	1382	1442
3	278	335	371
3	335	328	369
3	335	254	328
3	278	254	335
3	230	328	254
3	198	149	254
3	1880	1877	1892
3	1880	1862	1877
3	1862	1843	1877
3	1843	1858	1877
3	1844	1862	1880
3	1843	1818	1858
3	1827	1843	1862
3	1844	1827	1862
3	1838	1827	1844
3	1827	1790	1843
3	1790	1818	1843
3	1712	1790	1827
3	1768	1827	1838
3	1720	1712	1827
3	1768	1720	1827
3	1732	1790	1712
3	1688	1645	1697
3	198	254	278
3	1880	1892	1891
3	1804	1768	1838
3	1388	1336	1362
3	1336	1388	1399
3	628	673	706
3	650	684	732
3	650	628	684
3	1364	1310	1399
3	1200	1124	1261
3	832	826	874
3	709	685	736
3	1062	1070	1110
3	1012	1058	1024
3	1806	1845	1851
3	1832	1836	1855
3	1836	1806	1855
3	1806	1814	1845
3	1788	1836	1832
3	1770	1806	1836
3	1788	1770	1836
3	1782	1770	1788
3	1782	1737	1770
3	1458	1527	1482
3	1441	1458	1482
3	1416	1393	1458
3	1380	1458	1441
3	1416	1458	1380
3	1416	1380	1393
3	1380	1348	1393
3	1348	1338	1393
3	1998	1264	1380
3	1264	1348	1380
3	1217	1998	1380
3	1264	1320	1348
3	646	655	737
3	647	646	737
3	569	646	647
3	646	569	655
3	569	552	655
3	576	569	647
3	595	576	647
3	868	944	953
3	1014	1034	1043
3	1899	1898	1903
3	1988	1990	1994
3	0	2	3
3	29	17	19
3	1962	1974	1973
3	508	426	457
3	432	426	508
3	542	508	580
3	523	445	654
3	895	833	978
3	1307	1322	1326
3	1205	1322	1368
3	579	623	649
3	1278	1349	1334
3	585	621	659
3	1140	1211	1230
3	1231	1140	1230
3	1231	1230	1284
3	1230	1291	1284
3	1284	1291	1343
3	1291	1314	1343
3	1014	944	1034
3	939	1079	944
3	1034	944	1079
3	1034	1079	1186
3	1034	1186	1211
3	1043	1034	1211
3	1140	1043	1211
3	33	10	30
3	39	33	30
3	30	41	53
3	30	53	39
3	63	39	56
3	56	39	53
3	53	41	51
3	1365	1324	1437
3	53	51	73
3	78	53	73
3	56	53	78
3	56	78	82
3	56	82	71
3	85	82	90
3	85	71	82
3	90	82	78
3	85	90	98
3	90	78	98
3	1898	1913	1906
3	1903	1898	1906
3	1906	1907	1903
3	1930	1906	1913
3	1930	1913	1935
3	1943	1930	1956
3	1930	1935	1956
3	1935	1979	1956
3	1946	1907	1943
3	3	2	27
3	2	16	27
3	2	10	16
3	16	25	27
3	25	16	33
3	360	423	428
3	16	10	33
3	35	19	27
3	27	25	44
3	33	39	64
3	64	39	63
3	27	44	35
3	35	44	49
3	64	63	71
3	64	71	44
3	267	241	246
3	44	71	93
3	93	71	85
3	63	56	71
3	93	85	98
3	1920	1903	1924
3	1899	1903	1920
3	1903	1907	1924
3	1927	1920	1937
3	1920	1924	1937
3	1924	1907	1946
3	1937	1924	1942
3	1927	1937	1942
3	1927	1942	1950
3	1942	1924	1946
3	1950	1942	1955
3	1955	1942	1954
3	1958	1946	1943
3	1943	1956	1958
3	1955	1954	1971
3	1958	1956	1972
3	1970	1954	1958
3	1950	1955	1966
3	1972	1956	1979
3	1954	1970	1971
3	1970	1958	1972
3	1979	1980	1972
3	1991	1971	1970
3	1970	1972	1990
3	1972	1980	1990
3	1991	1970	1990
3	1991	1990	1988
3	3	27	19
3	22	3	17
3	3	19	17
3	1966	1955	1974
3	1962	1966	1974
3	1955	1971	1974
3	1974	1971	1991
3	1974	1991	1988
3	445	432	542
3	432	508	542
3	632	542	580
3	972	978	1027
3	972	1027	1097
3	445	542	654
3	654	542	632
3	623	654	700
3	654	675	721
3	700	654	721
3	757	700	721
3	721	675	784
3	784	675	738
3	757	721	828
3	721	784	828
3	784	738	833
3	828	784	895
3	784	833	895
3	828	895	937
3	923	828	937
3	828	923	981
3	923	937	968
3	937	895	978
3	972	937	978
3	937	972	968
3	1033	923	968
3	1033	968	1066
3	1056	1033	1066
3	968	972	1066
3	1066	972	1097
3	1066	1097	1123
3	1056	1066	1123
3	1056	1123	1151
3	1123	1097	1155
3	1123	1155	1184
3	1151	1123	1205
3	1205	1123	1326
3	1123	1184	1326
3	1205	1326	1322
3	1278	1205	1368
3	1278	1368	1349
3	649	623	700
3	753	700	757
3	649	700	753
3	692	649	753
3	775	753	757
3	692	753	772
3	772	753	775
3	775	757	828
3	840	772	775
3	840	775	894
3	894	775	981
3	775	828	981
3	981	923	1033
3	1033	1056	1082
3	1082	1056	1151
3	1082	1151	1187
3	1117	1082	1187
3	1117	1187	1175
3	1187	1151	1195
3	1187	1195	1175
3	1195	1151	1205
3	1223	1175	1195
3	1223	1195	1275
3	1195	1205	1278
3	1195	1278	1275
3	1275	1278	1334
3	653	679	698
3	671	692	679
3	698	679	735
3	735	679	772
3	679	692	772
3	735	772	837
3	777	735	837
3	772	840	837
3	1105	1117	1210
3	1117	1175	1210
3	1109	1105	1210
3	1210	1175	1223
3	1109	1210	1218
3	1210	1223	1259
3	1259	1223	1275
3	1259	1275	1299
3	1301	1210	1259
3	543	585	588
3	599	588	639
3	588	585	659
3	639	588	659
3	599	639	667
3	667	639	698
3	639	659	698
3	659	653	698
3	667	698	735
3	1167	1109	1218
3	1218	1210	1301
3	1218	1301	1272
3	1272	1301	1315
3	1272	1325	1330
3	1325	1272	1315
3	1315	1301	1378
3	1259	1378	1301
3	1315	1378	1375
3	1325	1315	1376
3	1330	1325	1407
3	1376	1315	1375
3	1402	1325	1376
3	1325	1402	1407
3	1376	1420	1402
3	576	516	569
3	223	258	252
3	258	224	274
3	240	223	252
3	223	224	258
3	200	223	240
3	200	189	223
3	189	224	223
3	224	189	214
3	189	152	214
3	139	152	189
3	146	189	200
3	146	139	189
3	125	139	146
3	125	124	139
3	121	125	146
3	1884	1901	1908
3	1882	1900	1901
3	1882	1901	1884
3	1878	1883	1900
3	1882	1878	1900
3	1874	1882	1884
3	1878	1869	1883
3	1874	1870	1882
3	1870	1878	1882
3	1863	1869	1878
3	1863	1878	1870
3	1845	1863	1870
3	1678	1693	1727
3	1651	1678	1727
3	1612	1679	1678
3	1651	1636	1678
3	1636	1651	1641
3	1636	1612	1678
3	1636	1544	1612
3	1550	1636	1641
3	1527	1550	1641
3	1550	1544	1636
3	1550	1458	1544
3	1527	1458	1550
3	1393	1449	1458
3	480	468	576
3	468	516	576
3	433	516	468
3	433	441	516
3	427	433	468
3	401	441	433
3	427	355	433
3	355	401	433
3	403	357	427
3	312	355	427
3	357	312	427
3	132	152	139
3	124	132	139
3	124	123	132
3	124	111	123
3	125	111	124
3	99	111	125
3	121	99	125
3	99	89	111
3	81	89	99
3	88	89	81
3	1965	1952	1967
3	1951	1952	1965
3	1951	1928	1952
3	1928	1936	1952
3	1945	1934	1951
3	1934	1928	1951
3	1929	1934	1945
3	1934	1919	1928
3	1915	1934	1929
3	521	418	492
3	1915	1919	1934
3	1901	1915	1929
3	1908	1901	1929
3	1901	1900	1915
3	1888	1905	1919
3	1915	1888	1919
3	1885	1888	1915
3	1900	1883	1915
3	1883	1885	1915
3	1810	1821	1841
3	1749	1821	1810
3	1749	1795	1821
3	1727	1749	1810
3	1749	1726	1795
3	1693	1749	1727
3	1679	1726	1749
3	1679	1699	1726
3	1693	1679	1749
3	1678	1679	1693
3	1612	1646	1679
3	1679	1690	1699
3	312	308	355
3	308	314	355
3	248	308	312
3	222	290	314
3	308	262	314
3	248	262	308
3	262	222	314
3	248	197	262
3	197	203	262
3	203	193	262
3	156	203	197
3	133	203	156
3	89	88	111
3	111	88	107
3	76	83	107
3	88	76	107
3	69	88	81
3	69	68	88
3	68	76	88
3	68	58	76
3	54	68	69
3	54	45	68
3	54	46	45
3	1992	1986	1987
3	1983	1986	1985
3	1986	1983	1987
3	1983	1984	1987
3	1986	1975	1985
3	1975	1986	1992
3	1983	1967	1984
3	1965	1967	1983
3	1905	1923	1928
3	1888	1895	1905
3	1888	1868	1895
3	1868	1896	1895
3	1868	1893	1896
3	1861	1879	1893
3	1868	1861	1893
3	1861	1854	1879
3	1873	1841	1868
3	1841	1861	1868
3	1841	1821	1861
3	1812	1854	1861
3	1854	1812	1850
3	1821	1812	1861
3	1795	1812	1821
3	1767	1781	1850
3	1812	1767	1850
3	1726	1767	1812
3	1795	1726	1812
3	193	222	262
3	193	183	222
3	165	183	193
3	203	165	193
3	140	183	165
3	138	165	203
3	140	129	183
3	138	128	165
3	133	138	203
3	128	140	165
3	122	140	128
3	122	129	140
3	127	128	138
3	122	114	129
3	128	112	122
3	116	114	122
3	112	100	122
3	100	116	122
3	104	116	100
3	104	110	116
3	83	80	91
3	76	80	83
3	58	80	76
3	45	58	68
3	46	21	45
3	21	20	45
3	20	23	45
3	18	20	21
3	20	11	23
3	18	11	20
3	7	5	18
3	5	11	18
3	6	7	9
3	7	6	5
3	5	1	11
3	6	1	5
3	1975	1968	1985
3	1959	1968	1975
3	1959	1961	1968
3	1939	1959	1975
3	1949	1961	1959
3	1931	1961	1949
3	1925	1931	1949
3	1938	1925	1949
3	1925	1909	1931
3	1894	1909	1925
3	1917	1894	1925
3	1897	1894	1917
3	1897	1893	1894
3	1893	1897	1896
3	1894	1890	1909
3	1893	1879	1894
3	1886	1871	1894
3	1879	1886	1894
3	1879	1854	1886
3	110	114	116
3	101	102	110
3	101	79	102
3	103	110	104
3	103	101	110
3	84	101	103
3	84	77	101
3	77	79	101
3	77	50	79
3	43	50	77
3	40	50	43
3	43	32	40
3	26	40	32
3	13	26	32
3	38	13	32
3	6	13	38
3	6	9	13
3	1258	1333	1311
3	1258	1250	1333
3	1150	1250	1258
3	1150	1258	1273
3	1150	1115	1250
3	1052	1115	1150
3	1052	1036	1115
3	1020	980	1052
3	980	1036	1052
3	950	943	1036
3	980	950	1036
3	898	950	980
3	831	943	950
3	898	818	950
3	818	831	950
3	1273	1258	1311
3	1808	1788	1832
3	655	694	664
3	655	552	694
3	516	552	569
3	1591	1612	1544
3	355	384	401
3	344	384	355
3	1945	1951	1957
3	1969	1965	1983
3	1957	1951	1965
3	1854	1860	1886
3	114	118	129
3	1165	1150	1273
3	1165	1052	1150
3	25	64	44
3	25	33	64
3	1081	1072	1172
3	1172	1079	1081
3	973	1072	1081
3	1079	973	1081
3	939	979	1079
3	1291	1304	1345
3	1291	1256	1304
3	1256	1271	1304
3	1256	1233	1271
3	1245	1256	1291
3	1245	1233	1256
3	1230	1245	1291
3	1230	1211	1245
3	1211	1172	1245
3	1172	1072	1245
3	1186	1172	1211
3	1186	1079	1172
3	973	987	1072
3	979	973	1079
3	767	903	973
3	767	973	979
3	939	767	979
3	939	803	767
3	767	794	903
3	769	767	803
3	696	774	794
3	767	696	794
3	696	725	774
3	729	767	769
3	729	696	767
3	702	696	729
3	1412	1459	1471
3	1413	1353	1412
3	1304	1410	1412
3	1413	1345	1353
3	1304	1412	1353
3	1304	1340	1410
3	1353	1345	1304
3	1271	1340	1304
3	1271	1303	1340
3	676	724	725
3	696	674	725
3	674	676	725
3	702	631	696
3	696	631	674
3	676	620	724
3	630	620	676
3	674	630	676
3	637	631	702
3	631	630	674
3	589	630	631
3	589	637	625
3	589	631	637
3	1542	1492	1563
3	1448	1507	1563
3	1492	1448	1563
3	1491	1492	1542
3	1459	1491	1543
3	1543	1471	1459
3	1459	1448	1492
3	1491	1459	1492
3	1412	1410	1459
3	1410	1448	1459
3	587	607	620
3	630	563	620
3	620	563	587
3	589	563	630
3	587	517	607
3	566	563	589
3	517	557	607
3	563	498	587
3	532	557	517
3	498	517	587
3	517	421	532
3	448	517	498
3	448	421	517
3	1675	1752	1738
3	1675	1685	1752
3	1619	1675	1738
3	1725	1661	1738
3	1661	1619	1738
3	1622	1675	1619
3	1542	1619	1661
3	1622	1607	1675
3	1619	1563	1622
3	1563	1607	1622
3	1563	1548	1607
3	1542	1563	1619
3	1507	1548	1563
3	532	565	557
3	532	472	565
3	472	451	565
3	565	451	550
3	421	472	532
3	421	451	472
3	421	365	451
3	400	318	421
3	318	365	421
3	325	318	400
3	275	318	325
3	275	270	318
3	1787	1783	1792
3	1758	1763	1783
3	1787	1739	1783
3	1739	1740	1783
3	1740	1758	1783
3	1783	1752	1792
3	1763	1752	1783
3	1725	1738	1763
3	1738	1752	1763
3	1439	1487	1474
3	1424	1446	1439
3	1408	1401	1443
3	1443	1401	1439
3	550	554	572
3	525	531	577
3	525	492	531
3	257	270	275
3	257	245	270
3	246	253	277
3	253	245	257
3	246	245	253
3	241	245	246
3	1718	1739	1787
3	1760	1718	1787
3	1739	1718	1716
3	1716	1700	1739
3	1701	1700	1716
3	1718	1681	1716
3	1681	1669	1716
3	1669	1701	1716
3	1919	1905	1928
3	1681	1666	1669
3	1596	1701	1669
3	1558	1669	1666
3	1621	1558	1666
3	1558	1596	1669
3	1582	1701	1596
3	1540	1582	1596
3	1516	1596	1558
3	1516	1540	1596
3	1516	1472	1540
3	1498	1487	1516
3	1516	1487	1472
3	1487	1466	1472
3	1474	1487	1498
3	1439	1446	1466
3	1439	1466	1487
3	1466	1444	1472
3	1444	1463	1472
3	1446	1444	1466
3	1444	1402	1463
3	1402	1420	1463
3	1425	1446	1424
3	1446	1425	1444
3	1407	1402	1444
3	615	584	599
3	599	584	588
3	574	559	612
3	559	584	615
3	543	588	584
3	559	543	584
3	577	531	574
3	559	574	531
3	531	495	559
3	492	456	531
3	456	495	531
3	456	453	495
3	418	456	492
3	456	438	453
3	438	402	453
3	418	438	456
3	392	438	418
3	385	402	438
3	347	392	418
3	405	347	418
3	438	392	385
3	392	347	385
3	388	329	389
3	329	388	383
3	329	347	389
3	347	324	385
3	296	324	347
3	301	296	329
3	329	296	347
3	267	324	296
3	301	256	296
3	266	256	301
3	256	267	296
3	267	246	277
3	241	267	256
3	1621	1666	1681
3	1954	1942	1946
3	1943	1907	1930
3	1907	1906	1930
3	1314	1291	1345
3	1413	1412	1471
3	1385	1345	1413
3	695	637	702
3	400	275	325
3	495	543	559
3	453	466	495
3	324	358	385
3	1501	1532	1520
3	1509	1520	1530
3	1501	1495	1532
3	1501	1520	1509
3	504	497	538
3	488	504	538
3	536	488	538
3	482	497	504
3	488	458	504
3	458	482	504
3	447	458	488
3	458	423	482
3	428	423	458
3	235	215	280
3	190	215	235
3	219	190	237
3	160	190	219
3	160	172	190
3	148	172	160
3	1695	1617	1682
3	537	536	538
3	537	538	540
3	497	518	540
3	524	537	540
3	518	524	540
3	497	540	538
3	524	511	537
3	518	473	524
3	486	473	518
3	473	475	524
3	328	398	369
3	1091	1095	1116
3	398	429	484
3	533	476	642
3	547	533	642
3	733	796	891
3	796	827	891
3	891	907	908
3	1246	1198	1290
3	1285	1287	1257
3	1227	1212	1268
3	1447	1437	1486
3	582	601	633
3	1297	1295	1319
3	1295	1309	1323
3	1351	1309	1394
3	1445	1371	1435
3	551	522	541
3	556	551	578
3	551	541	578
3	1460	1481	1427
3	1481	1460	1505
3	1460	1473	1505
3	544	627	596
3	687	726	744
3	1281	1311	1354
3	744	818	898
3	230	300	294
3	1832	1855	1867
3	1858	1832	1867
3	1858	1867	1876
3	1887	1867	1884
3	300	252	282
3	300	282	315
3	300	315	352
3	294	300	352
3	328	294	352
3	352	315	373
3	352	398	328
3	352	373	398
3	465	547	530
3	530	547	643
3	547	641	643
3	547	642	641
3	694	530	664
3	530	643	664
3	641	748	643
3	748	785	643
3	664	643	728
3	728	643	785
3	728	785	861
3	764	728	861
3	785	853	861
3	853	785	919
3	853	919	967
3	919	908	967
3	908	918	967
3	861	853	934
3	934	853	967
3	936	861	934
3	934	1003	1011
3	934	967	1003
3	936	934	1011
3	936	1011	1064
3	1011	1003	1059
3	1064	1011	1091
3	1011	1059	1091
3	1091	1059	1095
3	1051	1064	1098
3	1064	1091	1098
3	1051	1098	1143
3	1160	1143	1252
3	1143	1237	1252
3	1143	1204	1237
3	1252	1237	1294
3	1237	1257	1294
3	1294	1257	1296
3	1237	1285	1257
3	1252	1294	1320
3	1294	1296	1350
3	1635	1503	1650
3	1503	1643	1650
3	1635	1650	1751
3	1650	1643	1667
3	1751	1650	1667
3	1703	1635	1769
3	1635	1751	1769
3	1769	1751	1778
3	1769	1778	1808
3	315	282	351
3	373	315	396
3	315	351	396
3	351	361	413
3	396	351	413
3	373	396	429
3	361	404	413
3	373	429	398
3	404	437	413
3	413	437	396
3	437	404	444
3	396	437	463
3	396	463	429
3	429	476	484
3	429	463	476
3	463	437	494
3	476	463	507
3	463	494	507
3	437	444	494
3	494	444	553
3	553	548	568
3	494	553	507
3	593	507	553
3	593	553	568
3	476	507	642
3	568	629	636
3	593	568	636
3	642	507	593
3	593	636	642
3	642	636	733
3	641	642	733
3	641	733	748
3	748	733	891
3	785	748	891
3	785	891	919
3	919	891	908
3	1091	1116	1146
3	1098	1091	1138
3	1091	1146	1138
3	1098	1138	1143
3	1138	1146	1208
3	1143	1138	1204
3	1204	1138	1208
3	1237	1204	1285
3	1285	1204	1208
3	1285	1208	1308
3	1208	1246	1308
3	1308	1246	1324
3	1246	1290	1324
3	1503	1486	1519
3	1545	1503	1519
3	1503	1545	1643
3	1545	1570	1618
3	1618	1630	1667
3	1545	1618	1643
3	1643	1618	1667
3	629	568	600
3	629	600	686
3	600	622	686
3	636	629	686
3	622	660	686
3	686	660	714
3	686	714	752
3	636	686	796
3	714	710	752
3	686	752	796
3	636	796	733
3	1198	1227	1268
3	1212	1241	1268
3	1198	1268	1290
3	1241	1247	1268
3	1247	1318	1268
3	1290	1268	1318
3	1324	1290	1391
3	1290	1318	1391
3	1318	1342	1395
3	1395	1342	1386
3	1318	1395	1391
3	1391	1395	1440
3	1324	1391	1440
3	1437	1324	1453
3	1453	1324	1440
3	1440	1395	1454
3	1454	1395	1422
3	1440	1454	1453
3	1437	1453	1519
3	1486	1437	1519
3	1453	1454	1524
3	1453	1524	1519
3	1519	1524	1570
3	1545	1519	1570
3	1570	1524	1598
3	1570	1598	1630
3	1618	1570	1630
3	617	624	626
3	622	626	660
3	624	663	626
3	660	626	714
3	626	688	714
3	626	663	688
3	1318	1247	1342
3	1342	1247	1297
3	1341	1342	1297
3	1341	1355	1357
3	1341	1357	1386
3	1342	1341	1386
3	571	582	575
3	571	570	582
3	617	614	624
3	575	582	633
3	614	575	656
3	656	575	633
3	624	614	656
3	624	656	663
3	663	656	678
3	1319	1295	1323
3	1297	1319	1355
3	1341	1297	1355
3	1319	1323	1355
3	1323	1309	1351
3	1357	1355	1372
3	1355	1323	1379
3	1323	1351	1379
3	1372	1355	1379
3	1379	1351	1423
3	1351	1394	1423
3	503	529	526
3	526	529	570
3	571	526	570
3	570	529	556
3	570	556	601
3	582	570	601
3	1423	1394	1445
3	1450	1445	1435
3	1445	1450	1467
3	1467	1450	1493
3	1450	1427	1494
3	1450	1494	1493
3	491	506	503
3	503	506	529
3	529	506	551
3	506	522	551
3	529	551	556
3	1450	1435	1427
3	1494	1427	1481
3	1493	1494	1515
3	1494	1481	1515
3	1481	1505	1526
3	1515	1481	1526
3	1522	1493	1515
3	1541	1515	1526
3	474	499	506
3	499	474	510
3	499	510	520
3	499	520	506
3	520	522	506
3	520	510	534
3	510	515	534
3	522	520	541
3	520	534	544
3	541	520	544
3	1505	1473	1461
3	1505	1461	1526
3	1461	1497	1534
3	1526	1461	1534
3	1526	1534	1541
3	515	528	534
3	534	528	567
3	528	564	567
3	573	534	567
3	544	534	573
3	544	573	627
3	567	586	573
3	573	586	598
3	1400	1370	1421
3	1370	1414	1421
3	1461	1421	1497
3	1421	1414	1497
3	1414	1398	1478
3	1497	1414	1478
3	567	564	586
3	598	586	640
3	586	611	651
3	640	586	651
3	651	611	658
3	651	658	687
3	687	658	697
3	640	651	687
3	726	687	697
3	1273	1311	1281
3	1354	1311	1370
3	1311	1333	1398
3	1370	1311	1398
3	1370	1398	1414
3	697	788	726
3	818	744	726
3	726	788	818
3	818	788	831
3	455	486	518
3	497	455	518
3	475	511	524
3	482	455	497
3	148	154	172
3	155	161	144
3	144	151	155
3	148	144	154
3	148	150	151
3	144	148	151
3	473	462	475
3	462	412	475
3	412	469	475
3	367	469	412
3	395	350	412
3	350	323	412
3	323	367	412
3	289	323	350
3	255	289	350
3	289	251	323
3	220	251	289
3	255	220	289
3	220	195	251
3	217	220	255
3	155	195	220
3	217	155	220
3	204	155	217
3	161	155	204
3	195	155	174
3	151	174	155
3	1233	1225	1271
3	1199	1234	1251
3	1225	1199	1251
3	1222	1234	1199
3	1245	1153	1233
3	1199	1164	1222
3	1199	1225	1233
3	1153	1199	1233
3	1072	1153	1245
3	1119	1164	1199
3	1119	1188	1164
3	1153	1119	1199
3	1053	1119	1153
3	1119	1035	1188
3	1072	1053	1153
3	1035	1119	1053
3	1000	1188	1035
3	1072	987	1053
3	1005	1035	1053
3	987	1005	1053
3	1035	893	1000
3	1005	893	1035
3	987	817	1005
3	903	817	987
3	817	893	1005
3	893	932	1000
3	794	817	903
3	817	801	893
3	801	804	893
3	759	804	801
3	787	759	801
3	766	759	787
3	794	774	817
3	1637	1687	1761
3	1410	1340	1352
3	1340	1306	1352
3	1283	1313	1352
3	1306	1283	1352
3	1303	1306	1340
3	1251	1283	1306
3	1251	1306	1303
3	1271	1225	1303
3	1251	1234	1283
3	1225	1251	1303
3	774	801	817
3	774	787	801
3	774	766	787
3	720	756	766
3	724	766	774
3	725	724	774
3	724	722	766
3	722	718	766
3	666	722	724
3	666	718	722
3	657	666	724
3	1448	1431	1507
3	1431	1366	1436
3	1448	1403	1431
3	1403	1397	1431
3	1410	1403	1448
3	1397	1366	1431
3	1397	1337	1366
3	1352	1403	1410
3	1313	1397	1403
3	1360	1337	1397
3	1313	1360	1397
3	1352	1313	1403
3	1243	1289	1337
3	754	750	755
3	754	670	750
3	666	705	718
3	670	669	750
3	666	618	705
3	670	616	669
3	618	670	703
3	657	618	666
3	616	670	618
3	607	618	657
3	557	618	607
3	557	616	618
3	557	581	616
3	1803	1776	1824
3	1692	1745	1776
3	1685	1776	1803
3	1711	1745	1692
3	1685	1692	1776
3	1675	1611	1685
3	1692	1600	1711
3	1600	1692	1685
3	1611	1600	1685
3	1607	1611	1675
3	1611	1581	1600
3	1538	1611	1607
3	1581	1590	1600
3	1538	1581	1611
3	1581	1533	1590
3	1533	1577	1590
3	1538	1523	1581
3	1523	1533	1581
3	1518	1577	1533
3	1577	1518	1552
3	1469	1538	1548
3	1507	1469	1548
3	1489	1523	1538
3	1451	1489	1538
3	1469	1451	1538
3	1431	1436	1507
3	1408	1451	1469
3	1436	1469	1507
3	1436	1418	1469
3	1418	1408	1469
3	1366	1369	1418
3	1436	1366	1418
3	1369	1408	1418
3	1358	1347	1369
3	1366	1358	1369
3	1289	1358	1366
3	1358	1276	1347
3	1289	1366	1337
3	1267	1276	1358
3	1289	1267	1358
3	1289	1177	1267
3	1267	1106	1276
3	1106	1267	1177
3	669	799	750
3	755	750	814
3	669	740	799
3	669	681	740
3	648	681	669
3	608	648	669
3	616	608	669
3	581	608	616
3	608	572	648
3	581	572	608
3	565	572	581
3	557	565	581
3	471	554	550
3	449	471	451
3	394	449	451
3	365	394	451
3	365	318	394
3	1789	1829	1807
3	1799	1829	1789
3	1792	1830	1829
3	1799	1792	1829
3	1799	1787	1792
3	1792	1803	1830
3	1752	1685	1803
3	1523	1470	1513
3	1506	1518	1513
3	1523	1513	1533
3	1523	1489	1470
3	1470	1477	1513
3	1489	1443	1470
3	1480	1477	1470
3	1451	1443	1489
3	1474	1480	1470
3	1474	1470	1443
3	1369	1401	1408
3	1177	1092	1106
3	740	843	799
3	740	806	843
3	681	701	740
3	1501	1477	1495
3	1490	1506	1501
3	1501	1506	1477
3	1477	1506	1513
3	509	488	536
3	237	190	235
3	511	490	537
3	475	469	511
3	174	151	150
3	148	160	168
3	150	148	168
3	973	903	987
3	620	657	724
3	620	607	657
3	1548	1538	1607
3	565	550	572
3	451	471	550
3	1752	1803	1792
3	1443	1439	1474
3	944	803	939
3	868	803	944
3	868	798	803
3	834	798	868
3	727	798	834
3	798	769	803
3	683	798	727
3	683	769	798
3	683	716	769
3	716	729	769
3	683	661	716
3	716	702	729
3	661	695	716
3	680	695	661
3	1419	1405	1456
3	1456	1413	1471
3	1405	1413	1456
3	1405	1385	1413
3	1387	1405	1419
3	1343	1405	1387
3	1343	1385	1405
3	1343	1314	1385
3	1314	1345	1385
3	695	702	716
3	680	672	695
3	672	637	695
3	672	625	637
3	549	625	672
3	680	549	672
3	590	549	680
3	566	589	625
3	549	566	625
3	1579	1569	1571
3	1571	1491	1542
3	1569	1543	1571
3	1543	1491	1571
3	1485	1543	1569
3	1510	1485	1569
3	1485	1471	1543
3	1456	1471	1485
3	479	549	561
3	549	498	566
3	498	563	566
3	479	448	549
3	448	498	549
3	430	448	479
3	487	407	479
3	407	430	479
3	430	391	448
3	407	391	430
3	391	400	448
3	1676	1725	1763
3	1676	1661	1725
3	1648	1616	1676
3	1661	1616	1605
3	1616	1661	1676
3	1605	1542	1661
3	1648	1572	1616
3	1572	1571	1616
3	1571	1605	1616
3	1571	1542	1605
3	1572	1579	1571
3	448	400	421
3	353	391	407
3	353	362	391
3	362	400	391
3	293	303	353
3	353	303	362
3	303	400	362
3	303	275	400
3	293	257	303
3	257	275	303
3	1758	1676	1763
3	1740	1721	1758
3	1721	1676	1758
3	1722	1721	1740
3	1722	1652	1721
3	1721	1648	1676
3	1652	1648	1721
3	1722	1620	1652
3	1604	1620	1722
3	298	317	327
3	339	293	326
3	276	298	327
3	284	293	339
3	298	284	339
3	276	277	298
3	277	253	298
3	284	257	293
3	253	284	298
3	253	257	284
3	1739	1700	1740
3	1700	1722	1740
3	1700	1647	1722
3	1615	1604	1722
3	1647	1615	1722
3	1582	1647	1700
3	1701	1582	1700
3	1582	1615	1647
3	1604	1615	1556
3	1582	1568	1615
3	1615	1568	1556
3	1582	1502	1568
3	1568	1502	1556
3	1540	1472	1582
3	1472	1502	1582
3	1463	1499	1502
3	1463	1483	1499
3	1472	1463	1502
3	1463	1429	1483
3	495	477	543
3	495	466	477
3	477	501	543
3	477	459	485
3	439	477	466
3	439	459	477
3	453	402	466
3	466	436	439
3	402	436	466
3	358	436	402
3	385	358	402
3	358	359	436
3	327	359	358
3	321	327	358
3	324	321	358
3	321	276	327
3	267	321	324
3	276	321	267
3	276	267	277
3	1420	1429	1463
3	1406	1483	1429
3	1420	1375	1429
3	1376	1375	1420
3	1375	1392	1429
3	1375	1378	1392
3	659	621	653
3	613	605	621
3	585	613	621
3	592	605	613
3	546	592	613
3	546	613	585
3	501	546	543
3	543	546	585
3	1367	1404	1390
3	1367	1356	1404
3	1392	1378	1390
3	1378	1367	1390
3	1344	1356	1367
3	1378	1344	1367
3	1299	1356	1344
3	1378	1259	1344
3	1259	1299	1344
3	644	692	671
3	644	649	692
3	621	679	653
3	621	671	679
3	644	604	649
3	645	644	671
3	619	645	671
3	621	619	671
3	604	644	645
3	619	609	645
3	609	604	645
3	605	619	621
3	1521	1468	1528
3	1484	1468	1521
3	1433	1468	1484
3	1455	1404	1484
3	1433	1334	1468
3	1433	1356	1334
3	1404	1356	1433
3	1299	1334	1356
3	1275	1334	1299
3	604	579	649
3	579	523	623
3	583	604	609
3	583	579	604
3	579	535	523
3	583	539	579
3	539	535	579
3	555	539	583
3	539	464	535
3	464	461	535
3	446	461	464
3	1663	1601	1724
3	1603	1601	1663
3	1603	1528	1601
3	1511	1578	1601
3	1528	1511	1601
3	1557	1578	1511
3	1476	1557	1511
3	1468	1511	1528
3	1468	1476	1511
3	1468	1377	1476
3	1377	1452	1476
3	1334	1377	1468
3	1377	1368	1452
3	1377	1349	1368
3	1349	1377	1334
3	632	675	654
3	523	654	623
3	535	461	523
3	461	445	523
3	461	416	445
3	434	446	464
3	414	461	446
3	414	416	461
3	416	377	445
3	380	446	434
3	380	414	446
3	387	377	416
3	387	416	414
3	345	414	380
3	345	387	414
3	345	306	387
3	279	306	345
3	1734	1709	1737
3	1634	1709	1734
3	1724	1662	1734
3	1662	1634	1734
3	1668	1709	1634
3	1601	1662	1724
3	1601	1578	1662
3	1662	1578	1634
3	1595	1668	1634
3	1578	1595	1634
3	1578	1557	1595
3	1557	1438	1595
3	1438	1465	1595
3	1476	1452	1557
3	1452	1438	1557
3	1432	1465	1438
3	1432	1409	1465
3	1322	1432	1438
3	1322	1438	1452
3	1368	1322	1452
3	1322	1409	1432
3	1332	1409	1322
3	1322	1307	1332
3	1332	1248	1335
3	1307	1248	1332
3	1326	1184	1307
3	1184	1248	1307
3	1144	1217	1248
3	1184	1144	1248
3	1155	1144	1184
3	1144	1156	1217
3	1071	1174	1156
3	1071	1156	1144
3	1709	1668	1737
3	1332	1335	1409
3	549	590	561
3	1575	1569	1579
3	1574	1572	1648
3	420	353	407
3	349	293	353
3	326	293	349
3	359	327	317
3	298	339	317
3	501	527	546
3	477	485	501
3	1392	1406	1429
3	602	609	619
3	1562	1484	1521
3	470	464	539
3	1717	1663	1724
3	1521	1528	1603
3	319	279	345
3	1447	1365	1437
3	1536	1488	1508
3	1282	1262	1317
3	1262	1266	1317
3	1282	1265	1262
3	1215	1317	1266
3	1262	1234	1266
3	1234	1222	1266
3	1244	1235	1282
3	1235	1249	1282
3	1222	1215	1266
3	1164	1215	1222
3	1164	1188	1215
3	1188	1191	1215
3	1191	1157	1190
3	1188	1129	1191
3	1129	1157	1191
3	1108	1130	1157
3	1108	1132	1130
3	1137	1132	1108
3	1108	1157	1129
3	1137	1007	1142
3	1077	1108	1129
3	1188	1077	1129
3	1077	1137	1108
3	1000	1077	1188
3	1077	988	1137
3	988	1007	1137
3	932	988	1077
3	1000	932	1077
3	884	883	1007
3	1137	1163	1132
3	1274	1282	1317
3	1673	1642	1999
3	1190	1192	1191
3	1215	1229	1293
3	180	202	194
3	397	425	431
3	175	211	182
3	232	211	242
3	904	947	975
3	1567	1553	1599
3	813	854	856
3	1067	1102	1148
3	1580	1567	1560
3	810	802	866
3	823	810	866
3	892	941	1002
3	811	815	838
3	838	815	883
3	1022	1142	1007
3	1142	1141	1196
3	1181	1142	1196
3	1747	1743	1784
3	711	704	795
3	711	795	1995
3	791	811	1995
3	795	791	1995
3	791	815	811
3	1995	811	812
3	812	811	838
3	1995	812	825
3	838	860	877
3	812	838	877
3	825	812	877
3	865	825	877
3	1127	1128	1131
3	1128	1127	1163
3	1130	1127	1131
3	1127	1130	1132
3	1127	1132	1163
3	1145	1131	1128
3	1137	1142	1163
3	1128	1163	1168
3	1128	1168	1176
3	1163	1181	1168
3	1163	1142	1181
3	1168	1181	1176
3	1176	1181	1221
3	1181	1244	1221
3	1181	1196	1244
3	1196	1235	1244
3	1221	1244	1274
3	1274	1244	1282
3	1300	1274	1317
3	1293	1300	1317
3	1708	1664	1686
3	1708	1999	1664
3	1673	1999	1677
3	1999	1708	1677
3	1997	1673	1677
3	1664	1683	1686
3	1708	1686	1750
3	1997	1677	1743
3	1708	1750	1754
3	1677	1708	1754
3	1997	1743	1747
3	1677	1754	1743
3	1754	1750	1774
3	1743	1754	1784
3	730	704	711
3	691	704	715
3	704	730	715
3	711	712	730
3	730	712	765
3	715	730	758
3	758	730	765
3	712	776	765
3	712	711	1995
3	758	765	808
3	808	765	820
3	820	765	776
3	776	712	825
3	820	776	825
3	865	820	825
3	1131	1145	1162
3	1130	1131	1152
3	1131	1162	1152
3	1130	1152	1190
3	1190	1152	1192
3	1152	1162	1192
3	1192	1162	1236
3	1191	1192	1229
3	1192	1236	1229
3	1229	1236	1300
3	1221	1274	1300
3	1229	1300	1293
3	213	210	225
3	225	210	264
3	264	210	281
3	281	285	264
3	264	285	291
3	291	285	336
3	291	336	348
3	285	320	336
3	336	374	348
3	348	374	356
3	167	164	170
3	164	180	170
3	167	170	178
3	170	180	194
3	170	194	213
3	170	213	178
3	210	213	194
3	210	194	226
3	287	316	378
3	332	287	397
3	287	378	397
3	393	332	397
3	378	316	356
3	378	386	397
3	374	336	379
3	336	320	379
3	374	379	386
3	378	374	386
3	374	378	356
3	164	157	158
3	167	157	164
3	164	158	166
3	185	164	166
3	180	164	185
3	166	176	201
3	166	201	211
3	185	166	175
3	175	166	211
3	211	201	242
3	201	234	242
3	242	234	229
3	242	229	333
3	229	287	332
3	333	229	332
3	333	332	354
3	354	332	393
3	288	242	333
3	959	904	975
3	875	867	959
3	875	959	995
3	959	975	995
3	995	975	1016
3	995	1016	1054
3	1054	1016	1067
3	1054	1067	1107
3	1107	1067	1101
3	1599	1553	1625
3	1599	1625	1656
3	1656	1625	1705
3	1705	1713	1764
3	1764	1713	1762
3	813	824	822
3	854	813	822
3	821	854	822
3	851	824	813
3	822	824	855
3	851	813	867
3	813	856	867
3	851	867	875
3	822	855	976
3	821	822	976
3	867	904	959
3	1096	1015	1125
3	1107	1101	1159
3	1159	1101	1169
3	1067	1148	1101
3	1096	1125	1179
3	1125	1147	1179
3	1193	1096	1179
3	1169	1147	1159
3	1179	1147	1169
3	1169	1101	1148
3	1193	1179	1202
3	1179	1169	1202
3	1202	1169	1148
3	1560	1567	1599
3	1580	1560	1592
3	1560	1599	1588
3	1588	1599	1644
3	1588	1644	1633
3	1644	1599	1656
3	1644	1656	1705
3	1633	1644	1741
3	1731	1633	1741
3	1644	1705	1756
3	1756	1705	1764
3	1644	1756	1741
3	1741	1756	1805
3	1779	1741	1805
3	1756	1764	1816
3	1805	1756	1816
3	1798	1779	1805
3	823	866	928
3	866	821	928
3	823	928	845
3	845	928	941
3	928	821	971
3	845	941	892
3	941	928	1009
3	971	821	976
3	928	971	1009
3	976	990	971
3	1009	971	990
3	990	976	1015
3	941	1009	1002
3	1009	990	1112
3	990	1015	1112
3	1002	1009	1078
3	1112	1015	1096
3	1100	1009	1112
3	1078	1009	1100
3	1002	1078	1154
3	884	1007	988
3	932	884	988
3	858	884	932
3	893	858	932
3	838	883	884
3	860	838	884
3	893	804	858
3	858	850	884
3	850	860	884
3	804	805	858
3	860	850	877
3	850	865	877
3	850	808	865
3	805	850	858
3	805	808	850
3	804	761	805
3	759	761	804
3	749	689	780
3	759	708	761
3	708	715	761
3	749	690	689
3	708	759	756
3	693	708	756
3	689	707	719
3	708	691	715
3	693	690	708
3	689	693	720
3	690	691	708
3	689	690	693
3	1777	1747	1784
3	1777	1761	1747
3	1742	1761	1777
3	1761	1702	1747
3	1761	1687	1702
3	1637	1761	1742
3	1687	1649	1702
3	1649	1631	1642
3	1631	1632	1642
3	1687	1631	1649
3	1627	1637	1629
3	1627	1629	1632
3	1631	1627	1632
3	1687	1627	1631
3	1313	1288	1305
3	1283	1288	1313
3	1265	1253	1305
3	1288	1265	1305
3	1249	1265	1282
3	1283	1265	1288
3	1234	1265	1283
3	1265	1249	1253
3	1234	1262	1265
3	1249	1235	1253
3	719	782	780
3	689	719	780
3	718	707	720
3	707	751	719
3	718	705	707
3	707	705	751
3	720	693	756
3	707	689	720
3	1793	1811	1801
3	1811	1796	1819
3	1742	1777	1796
3	1793	1796	1811
3	1793	1746	1796
3	1793	1801	1745
3	1746	1742	1796
3	1719	1746	1793
3	1745	1711	1719
3	1719	1655	1746
3	1674	1742	1746
3	1711	1608	1719
3	1674	1637	1742
3	1655	1674	1746
3	1608	1614	1719
3	1614	1655	1719
3	1614	1606	1655
3	1629	1637	1674
3	1613	1629	1674
3	1655	1613	1674
3	1606	1613	1655
3	1629	1613	1632
3	1613	1609	1632
3	1584	1613	1606
3	1583	1614	1608
3	1583	1606	1614
3	1584	1594	1613
3	1584	1583	1594
3	1590	1583	1600
3	1583	1584	1606
3	1327	1360	1313
3	1305	1327	1313
3	1327	1260	1360
3	1305	1270	1327
3	1270	1280	1327
3	1269	1260	1327
3	1280	1269	1327
3	1253	1270	1305
3	1243	1360	1260
3	1224	1269	1280
3	1214	1260	1269
3	1224	1214	1269
3	1214	1243	1260
3	754	755	800
3	781	754	800
3	746	754	781
3	746	717	754
3	717	746	743
3	705	703	751
3	703	743	751
3	703	717	743
3	670	754	717
3	703	670	717
3	1829	1824	1853
3	1824	1857	1853
3	1824	1848	1857
3	1824	1833	1848
3	1830	1824	1829
3	1801	1833	1824
3	1801	1811	1833
3	1745	1801	1824
3	1776	1745	1824
3	1600	1583	1608
3	1583	1573	1594
3	1583	1577	1573
3	1573	1565	1594
3	1577	1583	1590
3	1552	1573	1577
3	1552	1565	1573
3	1529	1565	1552
3	1139	1177	1243
3	1214	1139	1243
3	1224	1203	1214
3	1203	1139	1214
3	1126	1139	1203
3	1092	1177	1139
3	1087	1046	1126
3	1065	1092	1139
3	1126	1065	1139
3	859	909	931
3	909	843	954
3	909	799	843
3	888	859	931
3	859	814	909
3	888	844	859
3	814	799	909
3	844	800	859
3	750	799	814
3	800	814	859
3	781	800	844
3	800	755	814
3	1846	1852	1857
3	1857	1852	1853
3	1856	1853	1852
3	1829	1853	1856
3	1807	1829	1856
3	1852	1794	1856
3	1518	1529	1552
3	1504	1514	1529
3	1490	1504	1529
3	1490	1529	1518
3	1490	1501	1504
3	1046	1065	1126
3	1031	1046	1087
3	1065	1040	1092
3	1046	1001	1065
3	1031	1001	1046
3	954	1040	1065
3	1001	954	1065
3	954	963	1040
3	1001	909	954
3	931	909	1001
3	843	963	954
3	419	273	428
3	273	334	428
3	366	360	334
3	343	273	419
3	280	366	334
3	273	280	334
3	235	273	343
3	273	235	280
3	1794	1807	1856
3	1794	1736	1807
3	1733	1794	1823
3	1728	1736	1794
3	1733	1728	1794
3	1695	1728	1733
3	1695	1682	1728
3	1657	1695	1733
3	1657	1617	1695
3	1593	1617	1657
3	1554	1617	1593
3	1554	1602	1617
3	1554	1532	1602
3	1554	1520	1532
3	1532	1495	1559
3	1504	1501	1509
3	419	428	447
3	447	428	458
3	334	360	428
3	280	360	366
3	766	756	759
3	1637	1627	1687
3	718	720	766
3	1600	1608	1711
3	1243	1337	1360
3	618	703	705
3	1803	1824	1830
3	1243	1177	1289
3	1506	1490	1518
3	1736	1772	1807
3	1532	1559	1602
3	965	927	1045
3	795	780	791
3	749	780	795
3	791	780	782
3	704	749	795
3	704	690	749
3	704	691	690
3	1800	1820	1809
3	1797	1800	1809
3	1777	1809	1819
3	1777	1784	1809
3	1809	1784	1797
3	1784	1754	1797
3	1670	1640	1665
3	1999	1640	1670
3	1664	1999	1670
3	1640	1999	1638
3	1640	1654	1665
3	1638	1609	1640
3	1632	1609	1638
3	1240	1270	1253
3	1253	1141	1240
3	1235	1196	1141
3	1194	1226	1240
3	1141	1194	1240
3	1141	1120	1194
3	1069	1154	1194
3	1069	1194	1120
3	1042	1141	1142
3	1042	1120	1141
3	1120	889	1069
3	1042	889	1120
3	1022	1042	1142
3	935	889	1042
3	889	1002	1069
3	935	1042	1022
3	883	935	1022
3	1007	883	1022
3	935	872	889
3	872	935	883
3	889	892	1002
3	889	842	892
3	782	842	889
3	842	845	892
3	815	889	872
3	815	872	883
3	815	782	889
3	792	845	842
3	793	792	842
3	782	793	842
3	791	782	815
3	782	719	793
3	793	751	792
3	1800	1817	1820
3	1811	1815	1825
3	1820	1819	1809
3	1813	1819	1820
3	1815	1811	1813
3	1817	1813	1820
3	1811	1819	1813
3	1609	1628	1640
3	1609	1585	1628
3	1594	1585	1609
3	1585	1592	1628
3	1242	1224	1280
3	1270	1226	1242
3	1240	1226	1270
3	1193	1202	1242
3	1194	1154	1226
3	1193	1242	1226
3	1161	1193	1226
3	1154	1161	1226
3	792	823	845
3	802	821	866
3	792	810	823
3	802	783	821
3	792	789	810
3	789	802	810
3	789	783	802
3	751	789	792
3	743	783	789
3	762	746	781
3	751	743	789
3	743	762	783
3	743	746	762
3	1848	1847	1857
3	1848	1839	1847
3	1833	1840	1848
3	1840	1839	1848
3	1825	1839	1840
3	1825	1816	1839
3	1811	1825	1840
3	1833	1811	1840
3	1805	1816	1825
3	1798	1805	1825
3	1815	1798	1825
3	1585	1580	1592
3	1565	1580	1585
3	1565	1567	1580
3	1242	1185	1224
3	1202	1185	1242
3	1185	1203	1224
3	1202	1148	1185
3	1185	1178	1203
3	1114	1178	1185
3	1148	1114	1185
3	1148	1102	1114
3	1087	1126	1178
3	1114	1087	1178
3	1031	1087	1114
3	890	844	888
3	867	856	904
3	856	890	904
3	890	846	844
3	856	846	890
3	846	807	844
3	807	846	856
3	854	807	856
3	783	854	821
3	807	854	783
3	762	781	807
3	783	762	807
3	1857	1847	1846
3	1846	1837	1852
3	1837	1823	1852
3	1839	1846	1847
3	1839	1822	1846
3	1846	1822	1837
3	1816	1822	1839
3	1816	1762	1822
3	1822	1780	1837
3	1764	1762	1816
3	1748	1780	1822
3	1762	1748	1822
3	1713	1748	1762
3	1705	1680	1713
3	1705	1589	1680
3	1625	1589	1705
3	1553	1589	1625
3	1553	1530	1589
3	1567	1539	1553
3	1565	1529	1539
3	1565	1539	1567
3	1539	1514	1553
3	1514	1530	1553
3	1514	1509	1530
3	1529	1514	1539
3	1067	1016	1102
3	1016	1114	1102
3	1016	1031	1114
3	994	1031	1016
3	975	994	1016
3	975	947	994
3	994	931	1001
3	947	888	994
3	888	931	994
3	947	890	888
3	904	890	947
3	1780	1823	1837
3	1748	1733	1780
3	1713	1680	1748
3	1748	1680	1733
3	1680	1657	1733
3	1589	1657	1680
3	1593	1657	1589
3	1589	1530	1593
3	1530	1554	1593
3	360	376	423
3	341	310	360
3	310	342	360
3	342	376	360
3	342	333	376
3	310	288	342
3	288	333	342
3	280	310	341
3	280	232	310
3	232	288	310
3	232	242	288
3	215	232	280
3	182	211	232
3	190	182	215
3	182	232	215
3	190	172	182
3	415	431	486
3	455	415	486
3	415	455	482
3	423	415	482
3	376	415	423
3	354	393	415
3	376	354	415
3	333	354	376
3	185	186	180
3	163	161	186
3	175	163	185
3	172	175	182
3	163	186	185
3	163	144	161
3	172	154	175
3	154	163	175
3	154	144	163
3	431	473	486
3	425	473	431
3	473	395	462
3	411	395	473
3	425	411	473
3	386	411	425
3	397	386	425
3	415	393	431
3	393	397	431
3	320	395	411
3	379	411	386
3	379	320	411
3	320	309	395
3	309	350	395
3	285	309	320
3	285	281	309
3	281	255	309
3	281	217	255
3	226	204	281
3	281	204	217
3	226	202	204
3	194	202	226
3	202	161	204
3	180	186	202
3	186	161	202
3	210	226	281
3	1191	1229	1215
3	1157	1130	1190
3	808	820	865
3	805	758	808
3	761	758	805
3	715	758	761
3	1729	1997	1747
3	1673	1997	1729
3	1702	1673	1729
3	1649	1673	1702
3	1215	1293	1317
3	1702	1729	1747
3	1632	1638	1999
3	1632	1999	1642
3	1235	1141	1253
3	1796	1777	1819
3	1594	1609	1613
3	1242	1280	1270
3	1565	1585	1594
3	1126	1203	1178
3	1823	1794	1852
3	1509	1514	1504
3	994	1001	1031
3	1780	1733	1823
3	1554	1530	1520
3	280	341	360
3	395	412	462
3	309	255	350
3	98	84	103
3	78	84	98
3	73	84	78
3	73	65	84
3	65	43	77
3	51	65	73
3	65	32	43
3	51	32	65
3	51	41	32
3	30	38	41
3	38	32	41
3	10	38	30
3	1038	1014	1043
3	953	1014	1038
3	1363	1343	1387
3	1298	1343	1363
3	1333	1298	1363
3	1284	1343	1298
3	1250	1298	1333
3	1250	1231	1298
3	1231	1284	1298
3	1115	1231	1250
3	1133	1231	1115
3	1133	1140	1231
3	1140	1133	1043
3	1115	1038	1133
3	1038	1043	1133
3	1036	1038	1115
3	953	944	1014
3	1036	943	1038
3	943	953	1038
3	127	112	128
3	1896	1897	1902
3	1987	1984	1993
3	11	4	23
3	45	23	59
3	58	45	59
3	83	91	107
3	111	107	123
3	1841	1873	1864
3	1869	1872	1883
3	1872	1885	1883
3	152	132	143
3	322	312	357
3	480	427	468
3	519	480	576
3	519	576	595
3	1770	1814	1806
3	835	836	879
3	966	962	1074
3	94	98	103
3	94	93	98
3	94	103	104
3	1898	1899	1904
3	1904	1899	1897
3	1913	1898	1904
3	1904	1897	1917
3	1904	1917	1922
3	1913	1904	1922
3	1922	1917	1925
3	1922	1925	1938
3	1935	1913	1922
3	1939	1922	1938
3	1935	1922	1939
3	1979	1935	1939
3	1939	1938	1949
3	1939	1949	1959
3	1979	1939	1975
3	1979	1975	1980
3	1	0	4
3	2	0	10
3	0	1	10
3	1	4	11
3	10	1	38
3	1	6	38
3	59	29	49
3	59	49	80
3	58	59	80
3	49	44	80
3	44	93	80
3	80	93	94
3	80	94	100
3	80	100	91
3	100	94	104
3	91	100	112
3	91	112	119
3	107	91	119
3	119	112	127
3	133	127	138
3	1897	1899	1902
3	1902	1899	1914
3	1914	1899	1920
3	1895	1896	1902
3	1905	1895	1902
3	1902	1914	1923
3	1905	1902	1923
3	1914	1920	1927
3	1923	1914	1936
3	1928	1923	1936
3	1914	1927	1936
3	1936	1927	1948
3	1948	1927	1950
3	1980	1975	1992
3	1980	1992	1990
3	1984	1982	1993
3	1984	1967	1982
3	1990	1992	1994
3	1992	1987	1994
3	1994	1987	1993
3	1993	1988	1994
3	1993	1982	1988
3	0	3	22
3	4	0	22
3	4	22	34
3	22	17	34
3	23	4	34
3	23	34	29
3	34	17	29
3	19	35	29
3	29	35	49
3	23	29	59
3	117	107	119
3	107	117	123
3	117	119	127
3	117	127	136
3	127	133	136
3	123	117	147
3	117	136	147
3	136	133	156
3	147	136	169
3	169	136	156
3	197	169	156
3	169	197	259
3	197	248	259
3	259	248	312
3	1727	1810	1831
3	1757	1727	1831
3	1831	1810	1841
3	1831	1841	1864
3	1831	1864	1842
3	1842	1864	1869
3	1869	1864	1872
3	1872	1864	1873
3	1872	1873	1868
3	1885	1872	1888
3	1888	1872	1868
3	1936	1948	1962
3	1962	1948	1950
3	1962	1950	1966
3	1936	1962	1952
3	1952	1962	1973
3	1952	1973	1967
3	1967	1973	1982
3	1982	1973	1988
3	1973	1974	1988
3	132	123	147
3	143	132	147
3	143	147	173
3	143	173	152
3	147	169	206
3	173	147	206
3	152	173	271
3	271	173	206
3	152	271	214
3	206	169	259
3	206	263	271
3	206	259	263
3	271	263	299
3	299	263	331
3	259	312	322
3	263	259	322
3	263	322	331
3	340	299	331
3	331	322	357
3	331	357	364
3	364	357	403
3	331	364	368
3	368	364	403
3	403	417	368
3	403	427	480
3	417	403	480
3	457	417	502
3	417	480	519
3	502	417	519
3	1641	1651	1659
3	1659	1651	1714
3	1651	1727	1714
3	1659	1714	1775
3	1757	1714	1727
3	1775	1714	1802
3	1714	1757	1802
3	1775	1802	1791
3	1791	1802	1814
3	1802	1757	1835
3	1802	1835	1814
3	1757	1831	1842
3	1835	1757	1842
3	1814	1835	1845
3	1835	1842	1863
3	1845	1835	1863
3	1863	1842	1869
3	265	214	271
3	224	214	265
3	224	265	292
3	265	271	299
3	224	292	274
3	268	274	292
3	265	299	340
3	268	292	304
3	265	340	292
3	304	292	340
3	330	304	340
3	330	340	372
3	330	372	390
3	340	331	368
3	340	368	372
3	372	368	417
3	390	372	426
3	372	417	457
3	390	426	432
3	372	457	426
3	457	502	580
3	508	457	580
3	502	519	594
3	580	502	594
3	580	594	665
3	665	594	790
3	647	737	747
3	1335	1217	1380
3	1335	1380	1441
3	1409	1335	1475
3	1335	1441	1475
3	1409	1475	1465
3	1475	1441	1482
3	1475	1482	1547
3	1465	1475	1547
3	1465	1547	1561
3	1547	1482	1527
3	1465	1561	1595
3	1547	1527	1561
3	1561	1527	1624
3	1527	1641	1624
3	1561	1624	1660
3	1624	1641	1659
3	1595	1561	1668
3	1561	1660	1668
3	1624	1659	1689
3	1660	1624	1689
3	1660	1689	1744
3	1689	1659	1775
3	1668	1660	1737
3	1689	1775	1744
3	1737	1660	1744
3	1737	1744	1770
3	1744	1775	1791
3	1770	1744	1791
3	1770	1791	1814
3	279	269	268
3	279	268	305
3	279	305	306
3	268	304	305
3	305	304	330
3	305	330	377
3	306	305	377
3	306	377	387
3	330	390	432
3	377	330	432
3	377	432	445
3	632	580	665
3	738	665	790
3	675	632	738
3	632	665	738
3	500	521	525
3	521	492	525
3	449	500	525
3	738	790	862
3	790	747	862
3	833	738	862
3	747	835	862
3	862	835	879
3	833	862	951
3	862	879	951
3	879	962	966
3	951	879	966
3	978	833	951
3	978	951	1027
3	951	966	1027
3	1027	966	1074
3	1071	1027	1074
3	1027	1071	1097
3	1097	1071	1144
3	1074	1174	1071
3	1097	1144	1155
3	943	831	953
3	834	868	953
3	852	834	953
3	831	852	953
3	831	788	852
3	788	768	852
3	768	834	852
3	768	727	834
3	713	727	768
3	713	768	788
3	713	683	727
3	697	658	713
3	661	683	713
3	658	661	713
3	1457	1456	1485
3	1415	1457	1478
3	1398	1415	1478
3	1419	1456	1457
3	1415	1419	1457
3	1363	1415	1398
3	1415	1387	1419
3	1363	1387	1415
3	1398	1333	1363
3	611	661	658
3	611	590	661
3	661	590	680
3	560	590	611
3	564	560	611
3	560	561	590
3	1575	1510	1569
3	1555	1510	1575
3	1497	1478	1555
3	1478	1510	1555
3	1457	1510	1478
3	1457	1485	1510
3	528	496	564
3	560	513	561
3	513	479	561
3	496	560	564
3	496	513	560
3	515	496	528
3	513	487	479
3	510	496	515
3	496	487	513
3	460	487	496
3	460	407	487
3	1597	1574	1648
3	1566	1574	1597
3	1566	1564	1574
3	1572	1555	1575
3	1555	1572	1574
3	1564	1555	1574
3	1541	1564	1566
3	1551	1541	1566
3	1541	1534	1564
3	1534	1497	1555
3	1534	1555	1564
3	474	496	510
3	460	496	474
3	454	474	491
3	452	460	474
3	420	407	460
3	454	452	474
3	410	452	454
3	452	420	460
3	452	406	420
3	410	406	452
3	410	349	406
3	349	420	406
3	349	353	420
3	375	349	410
3	339	349	375
3	339	326	349
3	1597	1648	1652
3	1620	1597	1652
3	1551	1597	1620
3	1604	1549	1620
3	1549	1551	1620
3	1566	1597	1551
3	1549	1522	1551
3	1522	1541	1551
3	1525	1522	1549
3	491	503	512
3	485	491	512
3	485	422	491
3	422	454	491
3	459	422	485
3	410	454	422
3	409	359	422
3	359	410	422
3	359	375	410
3	359	339	375
3	317	339	359
3	1556	1549	1604
3	1556	1525	1549
3	1502	1525	1556
3	1502	1499	1525
3	1525	1467	1522
3	1499	1462	1525
3	1462	1467	1525
3	1499	1483	1462
3	1445	1467	1462
3	1417	1462	1483
3	1417	1445	1462
3	1417	1423	1445
3	526	571	545
3	527	526	545
3	526	512	503
3	527	512	526
3	485	527	501
3	485	512	527
3	409	422	459
3	439	409	459
3	436	409	439
3	359	409	436
3	1406	1417	1483
3	1406	1372	1417
3	1372	1379	1417
3	1373	1372	1406
3	1381	1357	1373
3	1392	1373	1406
3	603	592	617
3	605	592	603
3	546	575	592
3	545	575	546
3	527	545	546
3	1386	1996	1395
3	1996	1381	1404
3	1381	1390	1404
3	1386	1381	1996
3	1390	1373	1392
3	1373	1390	1381
3	1386	1357	1381
3	622	606	626
3	591	606	622
3	606	609	602
3	606	591	609
3	605	602	619
3	602	605	603
3	603	617	606
3	602	603	606
3	1598	1639	1630
3	1521	1603	1639
3	1598	1562	1639
3	1562	1521	1639
3	1524	1562	1598
3	1524	1500	1562
3	1454	1500	1524
3	1500	1484	1562
3	1422	1455	1500
3	1500	1455	1484
3	1422	1500	1454
3	1422	1404	1455
3	1996	1404	1422
3	1996	1422	1395
3	600	591	622
3	555	591	600
3	591	583	609
3	548	555	600
3	591	555	583
3	558	555	548
3	548	514	558
3	514	470	558
3	470	555	558
3	470	539	555
3	1667	1672	1751
3	1639	1717	1672
3	1663	1717	1639
3	1603	1663	1639
3	1630	1639	1672
3	1667	1630	1672
3	514	478	470
3	444	478	514
3	478	408	470
3	470	434	464
3	408	434	470
3	435	478	444
3	435	408	478
3	404	435	444
3	380	434	408
3	404	408	435
3	404	370	408
3	370	380	408
3	361	370	404
3	370	345	380
3	361	345	370
3	351	319	361
3	361	319	345
3	282	319	351
3	1753	1782	1788
3	1778	1753	1788
3	1751	1759	1753
3	1751	1753	1778
3	1753	1734	1782
3	1734	1737	1782
3	1724	1734	1753
3	1672	1717	1759
3	1751	1672	1759
3	1717	1753	1759
3	1717	1724	1753
3	1160	1252	1264
3	1174	1160	1264
3	1174	1044	1160
3	1051	1160	1044
3	1074	1044	1174
3	1029	1044	1074
3	1044	1029	1051
3	962	1029	1074
3	1029	936	1051
3	1051	936	1064
3	1029	917	936
3	917	1029	962
3	879	917	962
3	879	836	917
3	836	936	917
3	836	764	936
3	835	737	836
3	737	764	836
3	835	747	737
3	737	655	764
3	655	728	764
3	319	282	279
3	269	279	282
3	269	282	252
3	258	269	252
3	258	268	269
3	1851	1870	1874
3	1851	1845	1870
3	1806	1851	1874
3	1855	1806	1874
3	1576	1610	1645
3	655	664	728
3	268	258	274
3	65	77	84
3	697	713	788
3	586	564	611
3	1522	1515	1541
3	491	474	506
3	1467	1493	1522
3	1417	1379	1423
3	1357	1372	1373
3	592	614	617
3	592	575	614
3	545	571	575
3	606	617	626
3	568	548	600
3	553	514	548
3	444	514	553
3	1808	1778	1788
3	1160	1051	1143
3	936	764	861
3	1855	1874	1884
3	1867	1855	1884
3	1264	1252	1320
3	1818	1832	1858
3	1818	1808	1832
3	1790	1735	1818
3	1735	1808	1818
3	1735	1769	1808
3	1735	1703	1769
3	1537	1479	1586
3	1449	1479	1537
3	1479	1434	1496
3	1338	1434	1479
3	1338	1382	1434
3	1449	1338	1479
3	1393	1338	1449
3	1320	1294	1382
3	1338	1320	1382
3	1348	1320	1338
3	552	481	694
3	481	530	694
3	516	441	552
3	481	442	530
3	442	465	530
3	441	450	552
3	450	481	552
3	450	442	481
3	338	371	399
3	300	240	252
3	230	240	300
3	149	162	230
3	162	141	230
3	141	240	230
3	141	200	240
3	141	146	200
3	142	146	141
3	130	141	162
3	135	141	130
3	141	135	142
3	142	121	146
3	135	121	142
3	115	121	135
3	1916	1908	1929
3	1887	1908	1916
3	1892	1887	1916
3	1891	1892	1916
3	1887	1884	1908
3	1892	1876	1887
3	1876	1867	1887
3	1877	1876	1892
3	1707	1706	1720
3	1653	1706	1691
3	1646	1653	1691
3	1653	1587	1706
3	1646	1591	1653
3	1612	1591	1646
3	1586	1587	1653
3	1591	1586	1653
3	1479	1587	1586
3	1537	1586	1591
3	1544	1458	1591
3	1458	1537	1591
3	1458	1449	1537
3	441	399	450
3	441	384	399
3	399	442	450
3	399	371	442
3	401	384	441
3	337	399	384
3	337	338	399
3	344	337	384
3	337	307	338
3	307	283	338
3	307	337	344
3	231	283	307
3	130	162	149
3	130	115	135
3	120	115	130
3	97	121	115
3	92	97	115
3	97	99	121
3	75	92	115
3	105	75	115
3	97	81	99
3	92	81	97
3	1947	1945	1957
3	1947	1944	1945
3	1918	1944	1947
3	1944	1929	1945
3	1918	1916	1944
3	1916	1929	1944
3	1918	1911	1891
3	1891	1916	1918
3	1710	1771	1755
3	1690	1710	1755
3	1726	1699	1690
3	1691	1707	1710
3	1691	1706	1707
3	1690	1691	1710
3	1646	1691	1690
3	1679	1646	1690
3	355	314	344
3	314	290	344
3	260	307	344
3	290	260	344
3	205	260	290
3	222	196	290
3	196	205	290
3	260	231	307
3	205	227	260
3	188	227	205
3	86	75	105
3	75	81	92
3	66	75	86
3	72	66	86
3	75	61	81
3	61	69	81
3	57	66	72
3	66	61	75
3	61	54	69
3	57	61	66
3	57	54	61
3	52	54	57
3	52	46	54
3	1989	1983	1985
3	1978	1969	1989
3	1978	1977	1969
3	1969	1983	1989
3	1978	1960	1977
3	1960	1953	1977
3	1969	1957	1965
3	1957	1969	1977
3	1953	1957	1977
3	1960	1941	1953
3	1940	1947	1953
3	1947	1957	1953
3	1941	1940	1953
3	1940	1918	1947
3	1941	1921	1940
3	1940	1911	1918
3	1921	1911	1940
3	1890	1865	1910
3	1865	1881	1910
3	1881	1889	1910
3	1871	1860	1865
3	1860	1871	1886
3	1865	1849	1881
3	1849	1865	1860
3	1854	1850	1860
3	1826	1849	1860
3	1850	1826	1860
3	1781	1826	1850
3	1785	1834	1849
3	1826	1785	1849
3	1781	1785	1826
3	1771	1785	1755
3	1767	1755	1781
3	1755	1785	1781
3	1767	1690	1755
3	1726	1690	1767
3	222	183	196
3	181	188	205
3	196	181	205
3	181	196	183
3	181	126	188
3	126	137	188
3	129	181	183
3	129	118	181
3	126	96	137
3	113	126	181
3	126	113	96
3	113	95	96
3	74	70	95
3	74	67	70
3	62	57	72
3	67	62	70
3	37	62	67
3	62	52	57
3	37	52	62
3	47	37	67
3	36	46	52
3	37	36	52
3	28	37	47
3	36	21	46
3	14	36	37
3	14	21	36
3	28	14	37
3	14	18	21
3	8	14	28
3	14	7	18
3	14	8	7
3	8	9	7
3	1985	1976	1989
3	1981	1989	1976
3	1981	1978	1989
3	1976	1964	1981
3	1985	1961	1976
3	1968	1961	1985
3	1961	1964	1976
3	1961	1932	1964
3	1931	1932	1961
3	1933	1921	1941
3	1931	1909	1932
3	1910	1933	1926
3	1910	1921	1933
3	1912	1926	1932
3	1912	1910	1926
3	1909	1912	1932
3	1890	1910	1912
3	1909	1890	1912
3	1894	1871	1890
3	1871	1865	1890
3	118	113	181
3	114	102	118
3	110	102	114
3	102	113	118
3	102	95	113
3	79	87	102
3	102	87	95
3	87	74	95
3	60	87	79
3	60	74	87
3	50	60	79
3	60	55	74
3	55	67	74
3	50	48	60
3	50	40	48
3	55	47	67
3	60	42	55
3	48	42	60
3	42	47	55
3	31	42	48
3	40	31	48
3	26	31	40
3	31	24	42
3	26	15	31
3	15	24	31
3	13	15	26
3	15	8	12
3	13	8	15
3	9	8	13
3	1020	1052	1165
3	1075	1020	1165
3	920	980	1020
3	920	898	980
3	744	898	920
3	1316	1281	1354
3	1255	1281	1316
3	1216	1273	1281
3	1255	1216	1281
3	1216	1165	1273
3	1135	1216	1255
3	1216	1189	1165
3	1135	1045	1216
3	1045	1189	1216
3	1045	1075	1189
3	1075	1165	1189
3	1045	964	1075
3	964	1020	1075
3	964	920	1020
3	829	920	964
3	901	829	964
3	829	744	920
3	741	779	829
3	779	744	829
3	734	744	779
3	677	734	779
3	677	779	741
3	734	687	744
3	677	682	734
3	682	687	734
3	682	640	687
3	677	598	682
3	598	640	682
3	1496	1587	1479
3	442	369	465
3	442	335	369
3	371	335	442
3	230	294	328
3	149	230	254
3	1858	1876	1877
3	1720	1688	1712
3	1706	1688	1720
3	1706	1587	1688
3	105	115	120
3	1771	1710	1707
3	260	227	231
3	188	153	227
3	1889	1911	1921
3	1910	1889	1921
3	1849	1834	1881
3	1785	1771	1834
3	95	70	96
3	70	62	72
3	1963	1978	1981
3	1057	1045	1135
3	1045	927	964
3	927	901	964
3	741	829	901
3	1401	1383	1424
3	1383	1411	1424
3	1359	1411	1383
3	1401	1369	1383
3	1369	1359	1383
3	1359	1329	1339
3	1347	1359	1369
3	1347	1329	1359
3	1276	1329	1347
3	1182	1329	1312
3	1276	1312	1329
3	1106	1201	1276
3	1201	1312	1276
3	1201	1182	1312
3	1084	1086	1201
3	1084	1201	1106
3	1092	1040	1106
3	1040	1084	1106
3	998	961	1084
3	1040	998	1084
3	963	998	1040
3	963	961	998
3	873	961	963
3	843	873	963
3	843	806	873
3	1010	1033	1082
3	840	894	886
3	301	329	383
3	243	241	256
3	243	256	266
3	389	347	405
3	612	559	615
3	1407	1444	1425
3	1498	1516	1558
3	1546	1558	1621
3	1694	1718	1760
3	1694	1681	1718
3	1772	1760	1787
3	1799	1772	1787
3	554	525	577
3	1401	1424	1439
3	1408	1443	1451
3	1954	1946	1958
3	894	981	1010
3	1010	981	1033
3	195	174	233
3	251	195	233
3	251	233	302
3	251	302	323
3	323	302	381
3	323	381	367
3	367	381	469
3	837	840	886
3	886	894	969
3	837	886	969
3	940	837	969
3	969	894	1010
3	940	969	1073
3	969	1010	1082
3	969	1082	1073
3	1073	1082	1105
3	1073	1105	1109
3	1082	1117	1105
3	171	150	187
3	150	168	187
3	150	171	207
3	150	207	174
3	171	187	208
3	207	171	208
3	174	207	233
3	187	239	208
3	207	208	272
3	207	272	233
3	272	266	301
3	233	272	302
3	272	301	346
3	302	272	381
3	381	272	382
3	382	272	346
3	346	301	383
3	383	388	346
3	381	382	469
3	382	346	440
3	388	389	505
3	346	388	440
3	469	382	440
3	440	388	483
3	388	505	483
3	469	440	490
3	440	483	490
3	505	509	483
3	469	490	511
3	483	509	537
3	490	483	537
3	509	536	537
3	615	599	662
3	599	667	662
3	662	667	739
3	739	667	773
3	667	735	773
3	735	777	773
3	739	773	742
3	742	773	921
3	921	773	777
3	864	742	921
3	777	837	921
3	921	926	864
3	921	837	940
3	926	921	940
3	864	926	996
3	926	940	1090
3	1090	940	1073
3	926	1090	1055
3	996	926	1055
3	1055	1090	1080
3	1090	1073	1109
3	1080	1090	1109
3	1055	1080	1166
3	1080	1167	1166
3	1099	1055	1173
3	1055	1166	1173
3	1173	1166	1206
3	1080	1109	1167
3	1173	1206	1220
3	1166	1167	1218
3	1166	1218	1206
3	1206	1218	1277
3	1220	1206	1277
3	1277	1218	1272
3	1254	1220	1331
3	1220	1277	1331
3	1277	1272	1330
3	1277	1330	1331
3	1331	1330	1407
3	1559	1546	1621
3	1602	1559	1626
3	1559	1621	1626
3	1602	1626	1617
3	1626	1621	1694
3	1617	1626	1682
3	1626	1694	1728
3	168	160	218
3	187	168	218
3	160	219	218
3	218	219	237
3	187	218	239
3	218	237	243
3	239	218	243
3	237	241	243
3	208	239	266
3	239	243	266
3	389	405	467
3	505	389	467
3	489	447	488
3	467	405	493
3	405	418	521
3	467	493	505
3	493	489	488
3	493	405	521
3	493	488	509
3	505	493	509
3	500	493	521
3	612	615	634
3	612	634	635
3	634	615	662
3	635	634	699
3	634	662	699
3	699	662	742
3	742	662	739
3	699	742	819
3	742	880	819
3	880	742	864
3	819	880	873
3	880	864	942
3	873	880	942
3	873	942	961
3	942	864	996
3	942	996	999
3	961	942	999
3	999	996	1063
3	1063	996	1055
3	961	999	1084
3	1086	999	1063
3	1063	1055	1099
3	1086	1063	1099
3	1084	999	1086
3	1086	1099	1182
3	1099	1170	1182
3	1170	1099	1173
3	1086	1182	1201
3	1182	1170	1254
3	1170	1173	1254
3	1173	1220	1254
3	1182	1254	1329
3	1329	1254	1339
3	1254	1389	1339
3	1254	1331	1389
3	1389	1331	1407
3	1359	1339	1411
3	1339	1389	1411
3	1389	1425	1411
3	1389	1407	1425
3	1424	1411	1425
3	1480	1498	1512
3	1480	1495	1477
3	1495	1480	1517
3	1495	1517	1546
3	1495	1546	1559
3	1517	1512	1558
3	1512	1498	1558
3	1546	1517	1558
3	1694	1621	1681
3	1682	1626	1728
3	1736	1728	1760
3	1728	1694	1760
3	1736	1760	1772
3	1789	1772	1799
3	1772	1789	1807
3	247	237	235
3	241	237	245
3	245	237	247
3	270	245	247
3	313	270	247
3	270	313	318
3	247	235	343
3	247	343	313
3	313	343	363
3	318	313	363
3	318	363	394
3	394	363	424
3	363	343	424
3	424	343	419
3	424	419	447
3	443	424	447
3	449	394	424
3	449	424	443
3	443	447	489
3	449	443	489
3	449	489	500
3	489	493	500
3	471	449	554
3	449	525	554
3	577	574	612
3	572	554	648
3	554	577	648
3	635	577	612
3	648	577	635
3	648	635	701
3	648	701	681
3	635	699	701
3	701	699	819
3	740	701	806
3	806	701	819
3	806	819	873
3	1642	1673	1649
3	1719	1793	1745
3	807	781	844
3	719	751	793
3	594	595	790
3	790	595	747
3	595	647	747
3	208	266	272
3	1480	1512	1517
3	519	595	594
3	1217	1174	1264
3	1998	1217	1264
