3	1506	1519	1560
3	384	409	378
3	282	307	371
3	1337	1347	1472
3	501	459	481
3	429	459	465
3	1230	1267	1295
3	571	658	565
3	1202	1247	1267
3	893	949	894
3	817	843	815
3	74	92	79
3	0	2	17
3	1893	1894	1876
3	1876	1892	1893
3	1894	1849	1876
3	1842	1800	1839
3	1807	1800	1842
3	33	1999	49
3	23	1999	33
3	1926	1942	1933
3	1839	1832	1874
3	1034	1205	1228
3	99	101	107
3	99	47	101
3	1018	1070	1034
3	889	973	1018
3	829	766	831
3	136	137	167
3	166	136	167
3	1701	1680	1705
3	1116	1296	1213
3	847	849	889
3	742	803	849
3	545	583	599
3	373	418	369
3	201	226	233
3	207	201	233
3	201	214	226
3	166	201	207
3	167	201	166
3	201	162	214
3	167	162	201
3	167	137	162
3	1701	1705	1744
3	1705	1692	1744
3	108	109	144
3	1680	1646	1705
3	1648	1692	1705
3	1646	1648	1705
3	1646	1630	1648
3	1569	1630	1617
3	1569	1565	1630
3	1569	1560	1565
3	1562	1560	1569
3	1562	1506	1560
3	1535	1506	1562
3	1430	1519	1506
3	1430	1472	1519
3	1430	1506	1464
3	1400	1430	1464
3	1430	1337	1472
3	1400	1390	1430
3	1390	1337	1430
3	1296	1337	1390
3	1355	1296	1390
3	1298	1347	1337
3	1298	1337	1296
3	1296	1185	1298
3	1185	1245	1298
3	1185	1174	1245
3	1116	1185	1296
3	1135	1174	1185
3	1135	1185	1116
3	1135	1082	1174
3	1082	1093	1174
3	1028	1082	1135
3	1116	1028	1135
3	1082	1052	1093
3	970	1052	1082
3	1028	970	1082
3	849	917	970
3	849	853	917
3	853	852	917
3	853	810	852
3	803	853	849
3	853	803	810
3	752	774	810
3	803	752	810
3	726	752	803
3	615	726	803
3	742	615	803
3	629	752	726
3	157	139	161
3	648	629	726
3	726	615	648
3	615	544	648
3	544	582	648
3	583	544	615
3	506	582	544
3	532	544	583
3	545	532	583
3	532	506	544
3	495	532	545
3	495	506	532
3	495	476	506
3	456	464	495
3	476	490	506
3	464	476	495
3	464	466	476
3	476	466	490
3	464	405	466
3	418	405	464
3	456	418	464
3	405	429	466
3	444	418	456
3	418	373	405
3	405	378	429
3	373	338	405
3	405	338	378
3	378	371	384
3	322	378	338
3	322	371	378
3	369	338	373
3	362	338	369
3	321	338	362
3	282	371	322
3	277	322	338
3	277	306	322
3	271	306	277
3	322	306	282
3	271	264	306
3	264	282	306
3	264	233	282
3	233	264	271
3	207	233	271
3	1347	1340	1421
3	1340	1356	1421
3	1280	1340	1347
3	1307	1334	1356
3	1347	1298	1280
3	1340	1307	1356
3	1280	1252	1340
3	1252	1307	1340
3	1245	1280	1298
3	1206	1280	1245
3	1206	1180	1280
3	1180	1252	1280
3	1174	1206	1245
3	1180	1251	1252
3	1180	1188	1251
3	1174	1093	1206
3	1180	1189	1188
3	1120	1180	1206
3	1093	1120	1206
3	1120	1189	1180
3	752	629	667
3	607	667	629
3	607	642	667
3	648	582	629
3	582	607	629
3	595	642	607
3	576	595	607
3	582	506	607
3	506	576	607
3	548	621	595
3	576	548	595
3	548	501	621
3	506	490	576
3	490	548	576
3	548	490	501
3	490	465	501
3	465	459	501
3	490	466	465
3	429	465	466
3	1356	1334	1368
3	1334	1295	1368
3	1334	1269	1295
3	1307	1269	1334
3	1252	1251	1307
3	1230	1295	1269
3	1251	1269	1307
3	1246	1269	1251
3	1246	1220	1269
3	671	656	645
3	621	645	656
3	595	621	656
3	642	595	656
3	621	565	645
3	501	565	621
3	1220	1230	1269
3	1220	1202	1230
3	1230	1202	1267
3	1220	1233	1210
3	1217	1202	1220
3	1210	1217	1220
3	1210	1104	1217
3	1104	1202	1217
3	1104	1118	1202
3	677	770	728
3	677	737	770
3	725	721	728
3	728	711	677
3	721	686	728
3	686	711	728
3	686	645	711
3	645	686	721
3	671	645	721
3	645	677	711
3	645	565	677
3	1125	1104	1210
3	1062	1125	1155
3	1104	1077	1118
3	1062	1104	1125
3	1062	1077	1104
3	1077	1053	1118
3	1077	1062	966
3	966	931	1077
3	1077	949	1053
3	931	949	1077
3	966	913	931
3	874	949	931
3	931	864	874
3	874	894	949
3	815	893	894
3	815	894	874
3	820	815	874
3	864	838	874
3	838	820	874
3	838	756	820
3	756	728	820
3	728	770	820
3	820	770	815
3	770	737	815
3	706	728	756
3	681	706	756
3	706	725	728
3	32	50	59
3	32	14	50
3	79	52	74
3	74	57	83
3	62	74	52
3	59	50	79
3	50	52	79
3	62	57	74
3	62	52	64
3	64	57	62
3	50	27	52
3	64	34	57
3	27	30	52
3	14	27	50
3	30	27	14
3	3	30	14
3	2	0	3
3	2	3	14
3	57	75	83
3	57	56	75
3	34	56	57
3	56	42	75
3	42	73	75
3	42	49	73
3	56	37	42
3	42	33	49
3	34	37	56
3	26	37	34
3	30	34	64
3	34	30	26
3	26	9	13
3	30	3	26
3	16	33	9
3	3	9	26
3	4	9	3
3	0	4	3
3	616	606	641
3	616	641	654
3	1876	1874	1892
3	1842	1839	1876
3	1849	1806	1842
3	641	606	638
3	1806	1807	1842
3	215	213	228
3	192	215	228
3	199	192	228
3	169	213	215
3	169	170	213
3	192	169	215
3	154	169	192
3	185	138	199
3	154	192	199
3	138	154	199
3	154	146	169
3	154	121	146
3	113	154	138
3	113	121	154
3	113	103	121
3	113	98	103
3	37	9	42
3	42	9	33
3	1913	1942	1926
3	1908	1926	1927
3	1908	1913	1926
3	1927	1893	1908
3	1892	1908	1893
3	1908	1872	1913
3	1892	1874	1908
3	1908	1874	1872
3	1839	1874	1876
3	259	268	280
3	259	240	268
3	232	240	259
3	240	220	244
3	220	240	232
3	213	220	232
3	228	213	232
3	213	198	220
3	198	174	220
3	174	187	220
3	126	187	174
3	114	126	174
3	125	113	138
3	125	84	113
3	84	72	113
3	72	98	113
3	80	98	72
3	61	72	84
3	61	84	47
3	46	63	72
3	61	46	72
3	279	314	327
3	280	279	327
3	279	278	314
3	278	291	314
3	268	279	280
3	268	278	279
3	244	261	291
3	244	291	278
3	268	244	278
3	187	261	244
3	240	244	268
3	187	217	261
3	220	187	244
3	155	217	187
3	155	168	217
3	155	147	168
3	126	155	187
3	147	140	168
3	126	147	155
3	111	140	147
3	126	88	147
3	88	111	147
3	88	71	111
3	111	93	140
3	58	99	107
3	93	58	107
3	71	93	111
3	58	47	99
3	71	54	93
3	54	58	93
3	46	54	63
3	58	54	47
3	47	46	61
3	54	46	47
3	1253	1195	1271
3	1228	1205	1253
3	1205	1195	1253
3	1205	1144	1195
3	1144	1111	1195
3	1070	1144	1205
3	1034	1070	1205
3	1070	1111	1144
3	1070	1035	1111
3	1018	1035	1070
3	926	826	889
3	888	831	926
3	831	826	926
3	831	888	829
3	710	826	831
3	766	710	831
3	660	710	766
3	660	618	710
3	335	320	350
3	327	314	335
3	335	301	320
3	301	335	314
3	285	320	301
3	314	291	301
3	291	253	301
3	261	253	291
3	253	285	301
3	189	253	261
3	217	189	261
3	175	188	197
3	168	189	217
3	189	175	197
3	151	188	175
3	151	176	188
3	168	175	189
3	159	176	151
3	168	151	175
3	140	151	168
3	159	136	166
3	151	136	159
3	93	136	151
3	140	93	151
3	107	136	93
3	1271	1195	1302
3	1195	1213	1302
3	1195	1111	1213
3	1111	1116	1213
3	1072	1116	1111
3	1035	1072	1111
3	973	1028	1072
3	1035	973	1072
3	1018	973	1035
3	826	847	889
3	826	720	847
3	720	742	847
3	710	720	826
3	720	615	742
3	632	720	710
3	632	583	720
3	720	583	615
3	618	632	710
3	599	583	632
3	350	320	352
3	320	348	352
3	308	321	348
3	308	348	320
3	285	308	320
3	308	277	321
3	285	273	308
3	273	277	308
3	273	227	277
3	237	273	285
3	253	237	285
3	227	207	271
3	237	227	273
3	197	237	253
3	188	227	237
3	197	188	237
3	188	176	227
3	176	207	227
3	159	207	176
3	159	166	207
3	1015	1090	1092
3	1036	1012	1092
3	1052	1120	1093
3	1052	1036	1120
3	1012	1015	1092
3	956	1012	1036
3	947	1036	1052
3	1015	1012	956
3	947	956	1036
3	970	947	1052
3	947	924	956
3	917	947	970
3	871	924	947
3	917	852	947
3	852	871	947
3	871	867	924
3	819	871	852
3	819	867	871
3	819	844	867
3	852	810	819
3	810	774	819
3	227	271	277
3	1181	1193	1227
3	1164	1124	1181
3	1189	1181	1227
3	1189	1164	1181
3	1124	1167	1181
3	1164	1090	1124
3	1092	1090	1164
3	1189	1120	1164
3	1120	1092	1164
3	1036	1092	1120
3	819	791	844
3	819	785	791
3	819	772	785
3	772	746	785
3	774	772	819
3	667	772	774
3	772	692	746
3	752	667	774
3	667	692	772
3	692	696	746
3	1183	1246	1251
3	1207	1220	1246
3	1227	1183	1251
3	1188	1227	1251
3	1183	1207	1246
3	1193	1215	1227
3	1227	1215	1183
3	1147	1207	1183
3	1227	1188	1189
3	673	691	704
3	696	673	699
3	673	696	692
3	699	673	704
3	656	691	673
3	691	656	671
3	667	642	692
3	642	656	673
3	642	673	692
3	1244	1286	1264
3	1244	1232	1286
3	1211	1232	1244
3	1233	1244	1264
3	1233	1211	1244
3	1210	1233	1264
3	1207	1233	1220
3	1233	1207	1211
3	1179	1232	1211
3	1179	1212	1232
3	1207	1147	1211
3	1147	1170	1211
3	1179	1165	1212
3	1179	1170	1165
3	1011	939	1058
3	1011	1058	1101
3	905	939	1011
3	691	718	731
3	719	721	725
3	691	719	718
3	718	680	731
3	671	719	691
3	719	671	721
3	725	718	719
3	649	718	725
3	649	725	640
3	649	680	718
3	1074	1122	1156
3	1256	1289	1320
3	1286	1320	1289
3	1286	1268	1320
3	1232	1268	1286
3	1289	1264	1286
3	1210	1264	1289
3	1256	1210	1289
3	1232	1212	1268
3	1212	1225	1268
3	1125	1210	1256
3	1155	1125	1256
3	1062	1155	1143
3	1143	1103	1062
3	1130	1103	1143
3	1058	1103	1130
3	1096	1058	1130
3	1101	1058	1096
3	966	1062	1103
3	1058	939	1029
3	1058	1029	1103
3	1029	966	1103
3	913	966	1029
3	863	913	1029
3	939	863	1029
3	913	864	931
3	905	863	939
3	860	863	905
3	863	821	913
3	913	821	864
3	806	821	863
3	860	830	863
3	830	806	863
3	838	864	821
3	814	806	830
3	722	821	806
3	821	756	838
3	722	756	821
3	768	806	814
3	768	722	806
3	647	681	756
3	640	725	706
3	680	702	731
3	680	623	702
3	681	640	706
3	647	640	681
3	575	623	680
3	649	575	680
3	647	575	640
3	537	575	647
3	640	575	649
3	1268	1260	1320
3	1255	1256	1320
3	1255	1155	1256
3	1143	1155	1255
3	1143	1255	1130
3	657	722	768
3	722	647	756
3	657	591	722
3	722	591	647
3	695	600	657
3	657	600	591
3	591	537	647
3	30	64	52
3	170	198	213
3	170	165	198
3	170	149	165
3	117	198	165
3	169	146	170
3	146	149	170
3	149	117	165
3	146	120	149
3	120	117	149
3	121	120	146
3	116	117	120
3	103	120	121
3	120	90	116
3	120	103	90
3	80	103	98
3	103	80	90
3	80	65	90
3	13	9	37
3	198	117	174
3	117	114	174
3	89	126	114
3	116	114	117
3	116	65	114
3	65	89	114
3	89	70	88
3	90	65	116
3	65	70	89
3	65	63	70
3	72	65	80
3	63	65	72
3	89	88	126
3	54	71	88
3	70	54	88
3	63	54	70
3	1043	1061	1086
3	1043	1042	1061
3	1090	1015	1086
3	1015	1043	1086
3	991	1042	1043
3	957	991	1043
3	978	957	1043
3	1015	956	1043
3	956	978	1043
3	906	957	978
3	956	912	978
3	912	906	978
3	911	912	956
3	924	911	956
3	911	870	912
3	867	911	924
3	844	870	911
3	867	844	911
3	844	791	870
3	1193	1154	1215
3	1181	1167	1193
3	1167	1154	1193
3	1167	1128	1154
3	1128	1095	1154
3	1134	1132	1167
3	1132	1128	1167
3	1099	1128	1132
3	1031	1095	1128
3	1086	1167	1124
3	1061	1132	1134
3	1086	1134	1167
3	1031	1002	1095
3	1061	1134	1086
3	1090	1086	1124
3	783	795	807
3	783	780	785
3	783	793	795
3	748	783	785
3	746	748	785
3	746	696	748
3	696	699	748
3	1154	1183	1215
3	1154	1138	1183
3	1183	1117	1147
3	1138	1117	1183
3	1095	1138	1154
3	1095	1033	1138
3	1033	1117	1138
3	1033	1020	1117
3	938	1020	1033
3	1020	908	1040
3	920	908	1020
3	938	920	1020
3	828	908	920
3	828	920	938
3	865	828	938
3	778	828	865
3	778	765	828
3	765	792	828
3	765	758	792
3	757	765	778
3	757	778	793
3	765	757	758
3	748	757	793
3	783	748	793
3	748	704	757
3	699	704	748
3	1170	1157	1165
3	1147	1068	1170
3	1068	1157	1170
3	1020	1068	1147
3	1117	1020	1147
3	1101	1157	1068
3	1045	1101	1068
3	1020	1040	1068
3	1045	1011	1101
3	1040	1045	1068
3	902	1045	1040
3	1045	902	1011
3	908	902	1040
3	902	905	1011
3	846	902	908
3	858	846	908
3	860	905	902
3	828	858	908
3	846	860	902
3	846	818	860
3	828	792	858
3	792	846	858
3	792	818	846
3	792	777	818
3	753	777	792
3	758	753	792
3	753	735	777
3	757	704	758
3	691	753	758
3	704	691	758
3	691	731	753
3	731	735	753
3	1268	1225	1260
3	1165	1161	1225
3	1212	1165	1225
3	1907	1919	1938
3	1165	1157	1161
3	1157	1096	1161
3	1096	1130	1161
3	1101	1096	1157
3	818	830	860
3	818	777	830
3	777	814	830
3	777	762	814
3	762	768	814
3	777	735	762
3	735	668	762
3	702	735	731
3	702	701	735
3	701	668	735
3	702	596	701
3	596	668	701
3	623	596	702
3	575	596	623
3	575	561	596
3	1260	1255	1320
3	1130	1255	1260
3	1260	1225	1161
3	1161	1130	1260
3	668	768	762
3	695	768	668
3	695	657	768
3	668	530	695
3	596	530	668
3	531	591	600
3	561	530	596
3	531	600	695
3	530	531	695
3	531	537	591
3	537	561	575
3	537	531	561
3	1523	1505	1517
3	1024	1054	1084
3	1001	1024	1084
3	1061	1001	1084
3	1042	1001	1061
3	1042	991	1001
3	968	1024	1001
3	968	914	1024
3	991	968	1001
3	957	968	991
3	957	906	968
3	906	869	968
3	869	914	968
3	869	856	914
3	906	880	869
3	834	906	912
3	870	834	912
3	834	880	906
3	802	869	880
3	802	856	869
3	870	791	834
3	834	802	880
3	791	802	834
3	1054	1099	1084
3	1084	1099	1132
3	1061	1084	1132
3	1099	1031	1128
3	1054	1057	1099
3	1057	1031	1099
3	1057	997	1031
3	974	1002	1031
3	944	997	1057
3	997	974	1031
3	928	974	997
3	928	875	974
3	944	928	997
3	833	875	928
3	833	851	875
3	795	868	875
3	851	795	875
3	833	807	851
3	804	807	833
3	807	795	851
3	804	783	807
3	780	804	802
3	780	783	804
3	791	780	802
3	785	780	791
3	1002	1033	1095
3	1002	938	1033
3	1002	974	938
3	974	875	938
3	875	872	938
3	872	865	938
3	875	868	872
3	868	827	872
3	827	865	872
3	827	778	865
3	795	827	868
3	555	518	498
3	793	827	795
3	793	778	827
3	1054	1024	977
3	994	1054	977
3	914	977	1024
3	940	994	977
3	940	918	994
3	914	940	977
3	841	940	914
3	856	841	914
3	802	841	856
3	802	804	841
3	1054	994	1057
3	994	944	1057
3	994	918	944
3	1378	1362	1399
3	918	877	944
3	877	928	944
3	877	833	928
3	494	489	500
3	940	877	918
3	940	841	877
3	841	804	877
3	804	833	877
3	598	617	644
3	617	612	679
3	617	679	684
3	644	617	684
3	1258	1312	1303
3	1303	1342	1333
3	1333	1342	1362
3	1303	1312	1342
3	1333	1362	1378
3	1333	1378	1354
3	1362	1361	1399
3	496	515	540
3	515	517	540
3	540	517	533
3	540	533	581
3	533	551	612
3	574	533	612
3	1378	1399	1412
3	1399	1361	1412
3	1378	1412	1405
3	1405	1412	1449
3	1412	1438	1449
3	1449	1438	1469
3	488	489	494
3	488	494	505
3	505	494	512
3	485	488	517
3	515	485	517
3	488	505	517
3	517	505	525
3	505	512	525
3	517	525	533
3	533	525	551
3	1438	1475	1469
3	1490	1449	1498
3	1449	1469	1498
3	1469	1475	1498
3	1498	1475	1508
3	1498	1508	1525
3	1498	1525	1546
3	1498	1546	1522
3	1522	1546	1556
3	1556	1546	1571
3	385	425	439
3	385	439	447
3	447	439	469
3	439	479	469
3	489	469	479
3	489	479	500
3	494	500	512
3	1508	1511	1525
3	1525	1511	1538
3	1525	1538	1546
3	1546	1538	1573
3	1571	1546	1573
3	1538	1563	1573
3	1571	1573	1586
3	1573	1583	1586
3	1571	1586	1593
3	1586	1583	1612
3	1586	1612	1619
3	406	421	445
3	425	406	445
3	439	425	445
3	439	445	491
3	421	467	492
3	479	439	491
3	492	467	498
3	491	445	492
3	479	491	518
3	500	479	518
3	491	492	498
3	500	518	528
3	491	498	518
3	1491	1499	1507
3	1501	1491	1507
3	1507	1499	1509
3	1511	1507	1536
3	1507	1509	1536
3	1511	1536	1538
3	1521	1537	1542
3	1509	1521	1542
3	1538	1536	1563
3	1509	1542	1536
3	1563	1536	1542
3	1563	1542	1580
3	1573	1563	1583
3	1563	1580	1589
3	1583	1563	1589
3	542	498	499
3	498	542	555
3	590	555	542
3	594	555	590
3	1486	1460	1452
3	1486	1452	1499
3	1452	1493	1499
3	1491	1486	1499
3	1509	1499	1493
3	1509	1493	1521
3	542	593	624
3	590	542	624
3	590	624	643
3	624	593	655
3	643	624	655
3	655	689	643
3	689	655	665
3	665	690	697
3	665	697	689
3	1394	1402	1435
3	1394	1435	1460
3	1435	1402	1424
3	1435	1424	1452
3	1460	1435	1452
3	446	442	477
3	690	683	694
3	683	676	694
3	676	669	694
3	669	707	694
3	697	690	694
3	697	694	716
3	716	694	707
3	1374	1404	1408
3	1402	1331	1408
3	1402	1408	1424
3	1408	1404	1424
3	1404	1407	1424
3	422	394	435
3	435	437	453
3	422	453	442
3	407	422	442
3	422	435	453
3	442	453	474
3	442	474	477
3	453	513	474
3	453	509	513
3	477	474	520
3	520	474	539
3	474	513	539
3	520	539	556
3	539	513	562
3	556	539	638
3	638	539	620
3	620	539	626
3	669	620	705
3	620	669	653
3	676	653	669
3	620	626	705
3	669	705	707
3	1341	1329	1357
3	1344	1396	1374
3	1341	1357	1398
3	1396	1341	1398
3	1374	1396	1404
3	1396	1410	1404
3	1410	1396	1418
3	1396	1398	1418
3	1418	1398	1429
3	1495	1505	1523
3	1517	1494	1526
3	1523	1517	1549
3	1517	1526	1548
3	1517	1548	1549
3	1548	1526	1567
3	1550	1549	1561
3	1549	1548	1561
3	1561	1548	1575
3	1575	1548	1588
3	1548	1567	1588
3	1588	1567	1605
3	1605	1567	1611
3	1634	1588	1605
3	1611	1637	1605
3	1743	1747	1769
3	1769	1747	1793
3	1769	1793	1799
3	203	180	239
3	239	248	272
3	394	397	435
3	397	419	437
3	419	434	437
3	435	397	437
3	437	434	461
3	453	437	461
3	434	450	461
3	461	450	519
3	453	461	509
3	509	461	519
3	1357	1329	1363
3	1357	1363	1409
3	1422	1357	1409
3	1398	1357	1422
3	1429	1398	1422
3	1409	1420	1422
3	1454	1420	1458
3	1429	1422	1466
3	1420	1454	1422
3	1454	1458	1494
3	1466	1422	1454
3	1466	1454	1495
3	1458	1483	1494
3	1505	1454	1494
3	1495	1454	1505
3	1494	1517	1505
3	531	530	561
3	1541	1555	1551
3	1587	1567	1551
3	1555	1574	1600
3	1551	1555	1600
3	1587	1551	1600
3	1567	1587	1611
3	1587	1600	1647
3	1611	1587	1647
3	1637	1611	1647
3	1647	1600	1651
3	1600	1574	1651
3	1647	1651	1675
3	1637	1647	1663
3	1663	1647	1675
3	1675	1651	1686
3	1675	1703	1704
3	1675	1686	1703
3	1663	1675	1704
3	1704	1703	1714
3	1703	1686	1721
3	1704	1714	1719
3	1703	1721	1714
3	1714	1721	1764
3	1719	1714	1743
3	1714	1747	1743
3	1747	1714	1764
3	1721	1760	1764
3	1747	1764	1794
3	1793	1747	1794
3	1793	1794	1838
3	1799	1793	1859
3	1793	1838	1854
3	1793	1854	1859
3	1838	1843	1854
3	1833	1799	1859
3	1859	1854	1879
3	1833	1859	1882
3	1879	1854	1891
3	1882	1859	1879
3	1882	1879	1903
3	180	191	239
3	239	191	248
3	191	210	248
3	419	431	434
3	434	431	458
3	450	434	458
3	450	458	510
3	450	510	519
3	458	443	508
3	458	508	510
3	443	502	508
3	519	510	557
3	510	508	723
3	557	510	698
3	508	619	723
3	698	510	723
3	619	579	708
3	619	708	754
3	723	619	786
3	723	786	832
3	786	619	754
3	786	754	896
3	832	786	896
3	896	754	897
3	832	896	927
3	896	897	922
3	832	927	923
3	922	897	993
3	927	896	922
3	965	923	996
3	927	922	996
3	923	927	996
3	996	922	1050
3	1006	996	1050
3	1025	996	1006
3	922	993	1050
3	1025	1006	1091
3	1050	1105	1006
3	1006	1105	1121
3	1091	1006	1121
3	1105	1098	1121
3	1098	1160	1121
3	1091	1121	1182
3	1153	1091	1182
3	1153	1182	1201
3	1121	1160	1254
3	1201	1182	1261
3	1182	1121	1257
3	1257	1121	1254
3	1182	1257	1261
3	1249	1261	1257
3	1257	1254	1321
3	1321	1254	1330
3	1249	1257	1377
3	1455	1257	1321
3	1257	1455	1377
3	1321	1330	1389
3	1330	1380	1389
3	1363	1377	1420
3	1409	1363	1420
3	1420	1377	1444
3	1377	1455	1444
3	1458	1420	1444
3	1389	1380	1455
3	1389	1455	1321
3	1455	1380	1468
3	1541	1444	1530
3	1444	1455	1530
3	1455	1529	1530
3	1455	1468	1529
3	1541	1530	1555
3	1468	1496	1529
3	1555	1530	1529
3	1529	1496	1576
3	1574	1555	1529
3	1529	1576	1601
3	1529	1601	1574
3	1574	1601	1632
3	1574	1632	1659
3	1651	1574	1659
3	1659	1632	1696
3	1651	1659	1696
3	1632	1672	1696
3	1686	1651	1696
3	1686	1696	1730
3	1696	1672	1718
3	1730	1696	1718
3	1672	1717	1718
3	1686	1730	1721
3	1721	1730	1749
3	1721	1749	1760
3	1730	1718	1766
3	1903	1879	1928
3	1879	1891	1928
3	1919	1903	1928
3	1907	1903	1919
3	1891	1898	1928
3	1928	1944	1919
3	1928	1898	1947
3	1938	1919	1944
3	1928	1947	1944
3	1944	1947	1958
3	1948	1938	1953
3	1938	1944	1953
3	1953	1944	1958
3	1953	1958	1975
3	1973	1975	1986
3	1975	1958	1986
3	1966	1984	1988
3	1986	1958	1966
3	1986	1966	1988
3	1996	1986	1988
3	1988	1989	1996
3	1717	1712	1752
3	1718	1717	1768
3	1766	1718	1768
3	1717	1752	1768
3	1752	1773	1768
3	1804	1766	1768
3	1768	1773	1798
3	1834	1768	1798
3	1798	1773	1828
3	1828	1773	1813
3	1834	1798	1850
3	1798	1828	1850
3	1897	1886	1902
3	1966	1977	1984
3	1969	1983	1991
3	1991	1983	1989
3	1980	1976	1991
3	1988	1984	1991
3	1988	1991	1989
3	1828	1813	1855
3	1850	1828	1855
3	1850	1855	1897
3	1890	1850	1897
3	1877	1850	1890
3	1855	1886	1897
3	1897	1904	1890
3	1897	1902	1904
3	1890	1904	1916
3	1916	1904	1921
3	1921	1904	1902
3	1916	1921	1939
3	1934	1916	1939
3	1921	1902	1943
3	1941	1921	1943
3	1921	1941	1939
3	1939	1941	1963
3	1941	1943	1960
3	1963	1941	1976
3	1963	1976	1970
3	1941	1960	1976
3	1976	1960	1969
3	1970	1976	1980
3	1976	1969	1991
3	679	779	759
3	759	779	840
3	840	779	881
3	840	881	954
3	954	881	958
3	881	929	958
3	934	954	990
3	958	929	1064
3	990	954	1059
3	1059	954	958
3	1059	958	1064
3	1059	1064	1223
3	1223	1064	1222
3	612	613	717
3	612	717	679
3	679	717	779
3	717	769	779
3	779	769	895
3	881	779	895
3	881	895	929
3	1258	1223	1291
3	1223	1222	1291
3	1222	1248	1291
3	1291	1248	1313
3	1258	1291	1313
3	1313	1248	1328
3	1312	1258	1313
3	1312	1313	1342
3	1361	1313	1328
3	1362	1313	1361
3	1313	1362	1342
3	551	525	560
3	560	578	609
3	551	560	609
3	578	613	609
3	551	609	612
3	612	609	613
3	613	700	717
3	1328	1359	1361
3	1361	1359	1415
3	1415	1359	1427
3	1361	1415	1423
3	1361	1423	1438
3	1412	1361	1438
3	1423	1415	1463
3	512	524	525
3	525	524	566
3	512	549	524
3	560	525	566
3	566	524	549
3	560	566	578
3	1415	1427	1463
3	1423	1463	1476
3	1423	1475	1438
3	1475	1423	1476
3	1476	1463	1482
3	1482	1487	1476
3	526	500	528
3	512	500	526
3	512	526	541
3	541	526	553
3	512	541	549
3	553	526	554
3	1482	1477	1488
3	1487	1482	1488
3	1475	1476	1487
3	1475	1487	1508
3	1488	1501	1487
3	1488	1477	1501
3	1508	1487	1511
3	1501	1507	1511
3	1487	1501	1511
3	528	518	567
3	554	526	528
3	554	528	567
3	585	567	603
3	1492	1447	1491
3	1447	1473	1491
3	1477	1447	1492
3	1477	1492	1501
3	1492	1491	1501
3	518	555	573
3	567	518	573
3	567	573	603
3	573	555	594
3	594	590	614
3	603	573	634
3	573	594	634
3	634	594	688
3	594	614	688
3	1383	1431	1446
3	1446	1431	1451
3	1446	1451	1473
3	1431	1460	1486
3	1473	1451	1486
3	1451	1431	1486
3	1473	1486	1491
3	614	590	643
3	688	614	709
3	614	643	732
3	739	643	689
3	732	643	739
3	739	689	697
3	614	732	709
3	697	773	781
3	739	697	781
3	709	732	788
3	732	739	781
3	788	732	781
3	781	773	823
3	788	781	823
3	773	876	823
3	1197	1231	1287
3	1287	1239	1308
3	1287	1308	1316
3	1287	1331	1309
3	1309	1331	1351
3	1309	1351	1372
3	1351	1331	1394
3	1351	1394	1434
3	1372	1351	1434
3	1383	1372	1434
3	1394	1331	1402
3	1431	1383	1434
3	1434	1394	1460
3	1431	1434	1460
3	697	716	773
3	716	707	764
3	773	716	809
3	716	764	809
3	809	764	825
3	809	825	901
3	876	773	901
3	773	809	901
3	825	959	901
3	901	959	975
3	959	986	1037
3	1113	1081	1176
3	1176	1081	1152
3	1219	1152	1237
3	1311	1308	1237
3	1311	1237	1322
3	1287	1316	1331
3	1308	1311	1316
3	1408	1316	1311
3	1311	1344	1374
3	1316	1408	1331
3	1311	1374	1408
3	513	509	562
3	509	569	562
3	539	562	626
3	562	601	626
3	626	601	675
3	705	626	744
3	626	675	744
3	707	705	744
3	707	744	782
3	707	782	764
3	782	744	805
3	744	740	805
3	782	805	850
3	764	782	825
3	825	782	878
3	782	850	878
3	825	878	959
3	878	850	936
3	959	878	986
3	878	936	986
3	936	1073	986
3	986	1073	1106
3	1037	986	1152
3	1081	1037	1152
3	986	1106	1152
3	1106	1073	1151
3	1152	1106	1243
3	1237	1152	1243
3	1106	1151	1243
3	1243	1151	1282
3	1243	1282	1322
3	1237	1243	1322
3	1282	1290	1341
3	1322	1344	1311
3	1322	1282	1344
3	1290	1329	1341
3	1344	1282	1341
3	1341	1396	1344
3	509	519	569
3	519	557	569
3	601	562	569
3	569	557	601
3	601	557	687
3	601	687	675
3	675	687	740
3	687	557	698
3	675	740	744
3	687	698	812
3	740	687	812
3	812	698	832
3	805	740	900
3	740	812	900
3	850	805	900
3	812	832	915
3	900	812	967
3	812	915	967
3	850	900	936
3	936	900	1000
3	900	967	1000
3	915	987	967
3	967	987	1000
3	1000	987	1051
3	936	1000	1085
3	1085	1000	1051
3	1073	936	1085
3	1073	1085	1119
3	1085	1051	1172
3	1085	1172	1169
3	1172	1168	1169
3	1085	1169	1119
3	1169	1168	1208
3	1241	1073	1119
3	1151	1073	1241
3	1169	1208	1241
3	1119	1169	1241
3	1208	1249	1241
3	1282	1151	1290
3	1290	1151	1241
3	1241	1249	1326
3	1241	1326	1290
3	1290	1326	1329
3	1326	1363	1329
3	1458	1444	1541
3	1483	1458	1541
3	1494	1483	1526
3	1526	1483	1541
3	1526	1541	1551
3	1526	1551	1567
3	1777	1764	1760
3	1764	1777	1794
3	1794	1777	1838
3	1838	1777	1843
3	1854	1843	1875
3	1854	1875	1891
3	698	723	832
3	915	832	923
3	915	923	965
3	981	976	1004
3	976	965	1004
3	915	965	976
3	981	988	976
3	915	976	987
3	987	976	988
3	965	996	1004
3	1004	996	1025
3	987	988	1038
3	1004	1025	1046
3	987	1038	1051
3	1051	1038	1087
3	1051	1087	1172
3	1126	1091	1153
3	1172	1087	1158
3	1168	1172	1199
3	1172	1203	1199
3	1203	1184	1199
3	1184	1153	1199
3	1199	1153	1201
3	1168	1199	1201
3	1208	1168	1201
3	1208	1201	1249
3	1201	1261	1249
3	1363	1249	1377
3	1326	1249	1363
3	1730	1766	1749
3	1760	1749	1809
3	1749	1766	1802
3	1749	1802	1809
3	1802	1766	1804
3	1777	1760	1809
3	1777	1809	1852
3	1809	1802	1867
3	1777	1852	1843
3	1843	1852	1883
3	1875	1843	1883
3	1867	1880	1809
3	1809	1880	1852
3	1852	1880	1883
3	1891	1875	1898
3	1875	1883	1910
3	1875	1910	1898
3	1898	1910	1935
3	1898	1935	1947
3	1947	1956	1958
3	1958	1956	1966
3	981	1004	1003
3	981	1003	1026
3	1026	1003	1060
3	1004	1046	1003
3	1003	1046	1060
3	1025	1091	1046
3	1046	1091	1126
3	1060	1142	1123
3	1060	1046	1126
3	1060	1126	1142
3	1142	1126	1184
3	1126	1153	1184
3	1142	1184	1203
3	1142	1203	1200
3	1804	1768	1834
3	1804	1834	1802
3	1802	1834	1867
3	1834	1850	1877
3	1867	1834	1877
3	1867	1877	1896
3	1880	1867	1896
3	1880	1896	1910
3	1883	1880	1910
3	1896	1914	1937
3	1910	1896	1937
3	1910	1937	1935
3	1937	1952	1956
3	1935	1937	1956
3	1947	1935	1956
3	1956	1952	1977
3	1966	1956	1977
3	1977	1980	1984
3	1984	1980	1991
3	1877	1890	1915
3	1896	1877	1915
3	1915	1890	1916
3	1914	1896	1915
3	1915	1934	1914
3	1915	1916	1934
3	1934	1936	1914
3	1937	1914	1936
3	1937	1936	1952
3	1934	1939	1963
3	1936	1934	1961
3	1934	1963	1961
3	1961	1963	1970
3	1977	1952	1981
3	1952	1936	1981
3	1936	1961	1981
3	1961	1970	1981
3	1970	1980	1981
3	1980	1977	1981
3	717	700	789
3	769	717	789
3	789	903	769
3	769	903	892
3	769	892	983
3	895	769	983
3	983	892	1008
3	929	895	983
3	1112	983	1008
3	929	983	1112
3	1064	929	1112
3	1112	1008	1139
3	1112	1139	1186
3	1064	1112	1186
3	1139	1166	1250
3	1222	1064	1186
3	1186	1139	1250
3	1186	1250	1248
3	1186	1248	1222
3	1248	1250	1315
3	1248	1315	1328
3	613	639	700
3	700	639	741
3	700	741	801
3	789	700	801
3	789	801	903
3	1315	1250	1281
3	1315	1281	1332
3	1281	1305	1332
3	1315	1332	1359
3	1328	1315	1359
3	1332	1305	1376
3	1359	1332	1376
3	1359	1376	1427
3	549	541	586
3	549	586	566
3	566	586	611
3	578	566	613
3	611	586	635
3	613	566	639
3	566	611	639
3	611	635	670
3	611	670	639
3	635	713	670
3	741	639	670
3	741	670	761
3	1305	1324	1382
3	1305	1382	1376
3	1324	1388	1382
3	1427	1376	1382
3	1382	1388	1459
3	1382	1459	1482
3	1463	1427	1482
3	1427	1382	1482
3	586	541	553
3	586	553	635
3	553	589	635
3	589	650	635
3	712	650	724
3	635	650	713
3	1388	1324	1393
3	1388	1393	1428
3	1388	1428	1459
3	1428	1447	1459
3	1482	1459	1477
3	1477	1459	1447
3	554	567	585
3	554	589	553
3	554	585	589
3	589	585	633
3	633	585	646
3	646	585	634
3	589	633	650
3	650	633	724
3	633	646	738
3	724	633	738
3	1343	1338	1385
3	1338	1310	1385
3	1393	1343	1428
3	1343	1385	1428
3	1428	1385	1447
3	1447	1385	1450
3	1450	1473	1447
3	585	603	634
3	646	634	729
3	634	688	729
3	729	688	749
3	738	646	800
3	646	729	800
3	729	749	842
3	776	729	842
3	776	842	861
3	861	842	882
3	882	842	890
3	969	890	992
3	992	1021	969
3	969	1021	1100
3	1055	1100	1216
3	1097	1216	1235
3	1100	1197	1216
3	1235	1216	1262
3	1235	1262	1299
3	1277	1235	1299
3	1277	1299	1339
3	1299	1325	1339
3	1310	1339	1395
3	1339	1325	1395
3	1385	1310	1395
3	1395	1325	1383
3	1450	1395	1383
3	1385	1395	1450
3	1450	1383	1446
3	1450	1446	1473
3	688	709	749
3	749	709	788
3	842	749	788
3	842	788	890
3	823	876	921
3	788	823	921
3	921	876	932
3	788	921	963
3	890	788	963
3	890	963	992
3	921	932	963
3	963	932	1032
3	963	1032	992
3	992	1032	1078
3	1021	992	1078
3	1021	1078	1100
3	1078	1032	1069
3	1078	1069	1197
3	1078	1197	1100
3	1197	1069	1231
3	1069	1159	1231
3	1216	1197	1262
3	1262	1197	1309
3	1309	1197	1287
3	1231	1239	1287
3	1299	1262	1325
3	1262	1309	1325
3	1325	1309	1372
3	1325	1372	1383
3	876	901	975
3	932	876	975
3	975	959	1037
3	932	975	1047
3	1032	932	1047
3	975	1037	1047
3	1032	1047	1069
3	1081	1047	1037
3	1069	1047	1113
3	1047	1081	1113
3	1069	1113	1159
3	1159	1113	1176
3	1219	1176	1152
3	1159	1176	1239
3	1231	1159	1239
3	1239	1176	1219
3	1239	1219	1308
3	1308	1219	1237
3	995	1016	1044
3	988	995	1038
3	995	1044	1038
3	1038	1044	1087
3	1044	1016	1133
3	1087	1044	1133
3	1087	1133	1158
3	1172	1158	1203
3	1158	1200	1203
3	981	995	988
3	985	981	998
3	981	985	995
3	985	1007	995
3	1009	985	998
3	995	1007	1016
3	998	981	1026
3	998	1026	1048
3	1017	998	1048
3	1017	1048	1056
3	1048	1026	1102
3	1048	1102	1056
3	1133	1016	1089
3	1026	1060	1123
3	1026	1123	1102
3	1122	1102	1178
3	1102	1173	1178
3	1102	1123	1173
3	1158	1133	1192
3	1178	1196	1192
3	1158	1192	1200
3	1196	1178	1173
3	1192	1196	1200
3	1173	1123	1196
3	1123	1142	1196
3	1196	1142	1200
3	1056	1102	1122
3	903	801	885
3	801	808	885
3	885	808	904
3	903	885	935
3	892	903	935
3	935	885	980
3	892	935	1008
3	935	980	1008
3	1008	980	1141
3	980	1094	1141
3	1008	1141	1166
3	1139	1008	1166
3	1141	1094	1234
3	1250	1166	1141
3	1250	1141	1234
3	1250	1234	1281
3	670	713	761
3	761	713	822
3	713	797	822
3	741	761	808
3	761	822	808
3	741	808	801
3	808	822	886
3	808	886	904
3	904	886	962
3	885	904	980
3	962	886	1023
3	980	904	962
3	962	1023	1066
3	980	962	1066
3	1066	1023	1067
3	1094	980	1066
3	1066	1067	1150
3	1094	1066	1150
3	1067	1140	1150
3	1150	1140	1218
3	1094	1150	1218
3	1234	1094	1279
3	1094	1218	1279
3	1279	1218	1283
3	1281	1234	1305
3	1234	1279	1305
3	1279	1283	1324
3	1324	1283	1301
3	1305	1279	1324
3	650	712	713
3	713	712	797
3	712	724	798
3	797	712	798
3	797	798	822
3	822	798	898
3	798	879	898
3	886	822	898
3	898	879	955
3	898	1023	886
3	1023	898	955
3	1023	955	1022
3	1023	1022	1067
3	1067	1022	1136
3	1067	1136	1140
3	1140	1136	1204
3	1140	1204	1218
3	1218	1204	1263
3	1204	1136	1236
3	1204	1236	1263
3	1218	1263	1283
3	1263	1236	1301
3	1301	1236	1293
3	1283	1263	1301
3	1301	1293	1343
3	1301	1343	1393
3	1324	1301	1393
3	738	760	724
3	798	724	760
3	798	760	839
3	798	839	879
3	839	760	887
3	760	800	887
3	879	839	955
3	950	887	972
3	955	839	1022
3	839	887	1022
3	1022	887	950
3	1022	950	1137
3	1137	950	1146
3	1022	1137	1136
3	950	1097	1146
3	1146	1097	1191
3	1191	1306	1146
3	1306	1137	1146
3	1137	1306	1236
3	1136	1137	1236
3	1293	1236	1306
3	1306	1310	1338
3	1293	1306	1338
3	1293	1338	1343
3	760	738	800
3	800	729	776
3	800	776	861
3	887	800	861
3	887	861	972
3	890	969	882
3	972	861	882
3	972	882	969
3	972	969	1055
3	950	972	1097
3	1055	969	1100
3	1097	972	1055
3	1097	1055	1216
3	1191	1097	1235
3	1191	1235	1277
3	1306	1191	1277
3	1306	1277	1310
3	1277	1339	1310
3	1007	985	1009
3	1007	1009	1013
3	1013	1009	1027
3	1027	1998	1013
3	1017	1009	998
3	1007	1013	1016
3	1027	1009	1039
3	1009	1017	1065
3	1039	1009	1065
3	1017	1056	1065
3	1013	1998	1088
3	1089	1016	1013
3	1013	1088	1089
3	1089	1088	1148
3	1133	1089	1148
3	1171	1074	1156
3	1156	1122	1178
3	1148	1171	1156
3	1133	1148	1192
3	1148	1156	1192
3	1156	1178	1192
3	1039	1074	1027
3	1074	1039	1065
3	1065	1056	1122
3	1065	1122	1074
3	1998	1027	1171
3	1088	1998	1171
3	1088	1171	1148
3	1027	1074	1171
3	1837	1830	1871
3	1837	1871	1878
3	1871	1830	1888
3	1878	1871	1888
3	1878	1888	1899
3	1899	1888	1911
3	205	246	243
3	221	205	236
3	236	205	243
3	243	246	256
3	243	256	266
3	243	270	236
3	270	243	266
3	256	294	266
3	372	270	266
3	266	294	360
3	372	266	360
3	294	341	360
3	570	616	661
3	661	616	654
3	654	666	685
3	654	685	715
3	654	715	661
3	661	715	733
3	682	661	733
3	715	745	763
3	733	715	763
3	1224	1300	1317
3	1278	1317	1348
3	1317	1349	1348
3	1349	1317	1364
3	1348	1349	1386
3	1366	1433	1364
3	1433	1366	1387
3	1416	1364	1433
3	1386	1349	1462
3	1349	1364	1462
3	1364	1416	1441
3	1462	1364	1510
3	1364	1441	1510
3	1510	1441	1503
3	1618	1641	1625
3	1625	1641	1664
3	1653	1608	1668
3	1641	1653	1668
3	1641	1668	1707
3	1694	1641	1707
3	1694	1707	1715
3	1668	1682	1724
3	1668	1724	1736
3	1668	1736	1707
3	1707	1736	1715
3	1740	1715	1770
3	1715	1736	1770
3	1767	1740	1770
3	1767	1770	1805
3	1767	1805	1801
3	1822	1796	1830
3	1796	1820	1830
3	1820	1857	1830
3	1	6	5
3	5	6	7
3	5	18	39
3	25	5	28
3	5	39	28
3	25	28	67
3	28	39	68
3	67	28	68
3	39	55	68
3	68	55	91
3	86	67	68
3	85	67	86
3	86	68	91
3	86	91	109
3	108	86	109
3	139	148	161
3	130	157	158
3	157	161	158
3	158	161	181
3	181	161	205
3	161	148	205
3	148	172	205
3	179	158	181
3	179	181	186
3	181	205	221
3	636	631	727
3	1350	1348	1386
3	1662	1642	1727
3	1642	1693	1727
3	1693	1642	1708
3	1727	1693	1745
3	1693	1755	1745
3	1693	1708	1748
3	1708	1740	1748
3	1693	1748	1755
3	1748	1740	1767
3	1748	1767	1775
3	1748	1775	1755
3	1755	1775	1808
3	1775	1767	1801
3	1755	1808	1776
3	1775	1801	1808
3	1776	1808	1848
3	1808	1801	1848
3	1848	1801	1853
3	1959	1950	1965
3	1979	1965	1974
3	1959	1965	1979
3	1979	1974	1987
3	1979	1990	1959
3	1979	1987	1990
3	1959	1990	1982
3	5	7	12
3	5	12	18
3	12	7	22
3	21	22	7
3	20	21	7
3	18	45	39
3	39	45	55
3	55	110	91
3	109	91	130
3	91	110	130
3	130	110	139
3	130	139	157
3	109	130	144
3	144	130	158
3	144	158	179
3	333	304	346
3	318	333	346
3	304	340	346
3	318	346	359
3	359	346	340
3	340	367	359
3	376	359	387
3	340	402	367
3	359	367	387
3	376	387	411
3	387	367	415
3	411	387	415
3	402	410	415
3	376	411	424
3	411	415	424
3	415	410	468
3	424	415	468
3	478	424	468
3	432	497	468
3	478	468	546
3	558	478	546
3	546	468	497
3	497	527	604
3	527	568	604
3	546	497	604
3	678	546	604
3	604	568	630
3	568	625	630
3	678	604	630
3	678	630	883
3	568	636	727
3	625	568	727
3	883	630	771
3	630	625	771
3	771	625	811
3	625	727	794
3	625	794	811
3	883	771	855
3	771	811	855
3	883	855	891
3	855	811	919
3	855	919	891
3	891	919	961
3	919	942	961
3	891	961	971
3	971	961	1014
3	1014	961	1010
3	971	1014	1110
3	1014	1063	1110
3	1110	1063	1149
3	1014	1010	1177
3	1063	1014	1177
3	1010	1080	1177
3	1149	1063	1177
3	1149	1177	1266
3	1177	1187	1272
3	1266	1177	1272
3	1292	1149	1266
3	1292	1266	1346
3	1266	1272	1346
3	1170	1179	1211
3	1272	1365	1401
3	189	197	253
3	1365	1478	1401
3	1481	1391	1440
3	1481	1440	1531
3	1481	1531	1524
3	1531	1440	1532
3	1524	1531	1596
3	1531	1532	1582
3	1582	1532	1591
3	1531	1582	1596
3	1631	1596	1657
3	1596	1582	1662
3	1657	1596	1662
3	1582	1591	1662
3	1661	1631	1657
3	1661	1657	1687
3	1657	1662	1727
3	1657	1727	1687
3	1720	1687	1727
3	1737	1727	1745
3	1720	1727	1746
3	1727	1737	1746
3	1746	1737	1765
3	1737	1745	1776
3	1765	1737	1776
3	1745	1755	1776
3	1782	1765	1817
3	1765	1816	1817
3	1765	1776	1816
3	1816	1776	1848
3	1817	1816	1836
3	1829	1816	1848
3	1836	1816	1829
3	1829	1848	1853
3	1922	1923	1929
3	1930	1922	1932
3	1922	1929	1949
3	1932	1922	1949
3	1930	1932	1945
3	1949	1929	1950
3	1945	1932	1954
3	1950	1929	1946
3	1949	1950	1959
3	1962	1949	1959
3	1932	1949	1962
3	1964	1962	1978
3	1932	1962	1964
3	1978	1962	1982
3	1978	1982	1985
3	1983	1978	1985
3	1985	1982	1990
3	1985	1987	1994
3	1985	1990	1987
3	11	19	22
3	19	11	29
3	21	11	22
3	29	11	31
3	29	31	43
3	95	51	77
3	106	95	133
3	95	77	131
3	95	131	171
3	171	131	183
3	218	171	183
3	183	190	224
3	218	247	235
3	218	183	247
3	183	224	247
3	247	224	238
3	208	235	287
3	247	238	269
3	235	247	287
3	247	269	287
3	269	304	287
3	296	287	333
3	287	304	333
3	318	296	333
3	1272	1391	1346
3	1419	1346	1391
3	1346	1419	1375
3	1419	1391	1481
3	1397	1440	1391
3	1375	1419	1470
3	1470	1419	1481
3	1746	1765	1782
3	1940	1930	1945
3	1940	1945	1955
3	1940	1955	1957
3	1945	1954	1955
3	1955	1954	1968
3	1954	1964	1968
3	1955	1968	1971
3	1968	1964	1978
3	1971	1968	1978
3	1971	1978	1983
3	35	29	43
3	35	43	51
3	35	51	78
3	78	51	106
3	51	95	106
3	105	78	106
3	105	106	133
3	133	95	171
3	133	171	184
3	184	171	218
3	743	767	751
3	755	743	775
3	743	751	775
3	751	848	859
3	813	775	859
3	775	751	859
3	813	859	910
3	910	859	937
3	813	910	873
3	952	873	910
3	910	937	999
3	873	952	953
3	952	910	999
3	952	999	1075
3	952	1075	1108
3	1107	952	1108
3	1075	1145	1108
3	1108	1145	1226
3	1226	1145	1229
3	1190	1108	1226
3	1226	1270	1275
3	1226	1229	1270
3	1226	1275	1259
3	1190	1226	1259
3	552	598	597
3	597	598	651
3	598	644	651
3	622	597	651
3	651	644	743
3	622	651	755
3	644	703	743
3	651	743	755
3	1259	1275	1288
3	1259	1288	1274
3	1275	1270	1303
3	1275	1303	1333
3	1288	1275	1333
3	1288	1333	1354
3	1360	1288	1354
3	1274	1288	1360
3	511	515	496
3	511	514	522
3	521	496	536
3	511	496	521
3	511	521	514
3	514	521	534
3	536	496	540
3	534	521	536
3	552	534	536
3	536	540	581
3	552	536	598
3	536	581	598
3	1360	1354	1379
3	1379	1354	1378
3	1371	1360	1379
3	1379	1378	1405
3	1371	1379	1413
3	1379	1405	1417
3	1413	1379	1417
3	1358	1413	1439
3	1358	1439	1403
3	1413	1417	1439
3	1439	1417	1465
3	1465	1417	1449
3	1403	1439	1465
3	382	400	414
3	414	400	455
3	400	447	463
3	455	400	463
3	454	414	455
3	447	469	463
3	454	455	475
3	463	469	488
3	488	469	489
3	455	463	475
3	475	463	488
3	475	488	485
3	485	515	475
3	475	511	487
3	475	515	511
3	1480	1403	1465
3	1465	1449	1490
3	1480	1465	1520
3	1465	1490	1522
3	1465	1522	1520
3	1516	1480	1520
3	1520	1522	1564
3	1564	1522	1556
3	1564	1556	1572
3	325	317	345
3	325	345	379
3	344	325	379
3	379	345	385
3	344	379	400
3	382	344	400
3	379	385	412
3	400	379	412
3	400	412	447
3	412	385	447
3	1556	1571	1594
3	1571	1593	1594
3	1572	1556	1594
3	1606	1572	1594
3	1593	1619	1639
3	1606	1594	1638
3	1593	1639	1594
3	1619	1612	1639
3	1612	1665	1639
3	1594	1639	1638
3	1639	1665	1678
3	1638	1639	1678
3	1673	1638	1725
3	1678	1706	1713
3	1638	1678	1725
3	1678	1713	1728
3	1725	1678	1728
3	345	317	328
3	328	339	356
3	345	328	365
3	328	356	388
3	365	328	388
3	385	345	365
3	356	377	399
3	356	399	388
3	365	388	406
3	399	401	417
3	421	399	417
3	406	388	421
3	388	399	421
3	425	365	406
3	421	417	428
3	421	428	467
3	1537	1597	1580
3	1597	1589	1580
3	1589	1613	1614
3	1612	1583	1614
3	1589	1603	1613
3	1589	1597	1603
3	1612	1614	1613
3	1644	1603	1622
3	1613	1603	1652
3	1603	1644	1652
3	1613	1652	1665
3	1644	1658	1652
3	1612	1613	1665
3	1652	1658	1706
3	1678	1665	1706
3	1658	1670	1706
3	1652	1706	1665
3	1670	1691	1706
3	1706	1691	1723
3	1706	1723	1713
3	1713	1723	1751
3	1728	1713	1751
3	1751	1723	1763
3	1728	1783	1725
3	1751	1763	1781
3	1728	1751	1783
3	1751	1781	1783
3	1725	1783	1791
3	1783	1781	1818
3	1791	1783	1810
3	1783	1818	1810
3	328	305	339
3	356	339	377
3	417	401	440
3	428	417	440
3	428	440	467
3	467	440	482
3	440	452	482
3	498	467	499
3	482	452	480
3	499	467	482
3	499	482	523
3	482	480	523
3	480	543	523
3	542	499	572
3	499	523	572
3	523	543	572
3	542	572	593
3	1436	1443	1467
3	1467	1443	1479
3	1443	1474	1479
3	1467	1479	1493
3	1479	1474	1500
3	1479	1500	1514
3	1493	1479	1521
3	1521	1479	1514
3	1521	1514	1539
3	1537	1521	1539
3	1514	1557	1539
3	1537	1539	1597
3	1539	1557	1597
3	1597	1557	1603
3	1636	1655	1658
3	1670	1655	1679
3	1655	1650	1679
3	1655	1670	1658
3	1670	1679	1700
3	1670	1700	1733
3	1691	1670	1733
3	1733	1700	1739
3	1691	1733	1763
3	1723	1691	1763
3	1733	1739	1771
3	1733	1771	1792
3	1763	1733	1792
3	1797	1763	1792
3	1781	1763	1797
3	1781	1797	1818
3	1797	1792	1818
3	1792	1771	1814
3	1818	1792	1814
3	1818	1814	1845
3	1810	1818	1847
3	1818	1845	1847
3	1845	1814	1856
3	593	572	587
3	593	587	655
3	655	587	665
3	587	627	659
3	587	659	665
3	1392	1370	1426
3	1426	1370	1436
3	1424	1426	1436
3	1370	1384	1436
3	1436	1384	1443
3	1424	1436	1452
3	1436	1467	1452
3	1650	1677	1679
3	1677	1699	1726
3	1679	1677	1726
3	1679	1726	1735
3	1700	1679	1735
3	1700	1735	1739
3	1739	1735	1771
3	1735	1726	1762
3	1726	1738	1762
3	1735	1762	1771
3	1771	1762	1785
3	1771	1785	1827
3	1814	1771	1827
3	1785	1819	1827
3	1814	1827	1856
3	392	407	416
3	392	393	407
3	407	442	446
3	416	407	457
3	407	446	457
3	416	457	438
3	457	446	477
3	457	477	483
3	471	457	483
3	483	477	520
3	538	471	483
3	483	520	538
3	538	520	556
3	538	556	580
3	471	538	580
3	471	580	588
3	608	580	606
3	580	608	588
3	588	608	606
3	674	653	676
3	659	683	665
3	674	676	683
3	664	674	683
3	659	664	683
3	674	664	666
3	1366	1367	1387
3	1319	1392	1367
3	1407	1387	1367
3	1411	1387	1407
3	1367	1392	1407
3	1410	1407	1404
3	1407	1392	1426
3	1442	1461	1484
3	1484	1515	1533
3	1559	1534	1550
3	1533	1534	1559
3	1559	1550	1561
3	1533	1559	1579
3	1559	1561	1579
3	1561	1575	1579
3	1579	1575	1610
3	1592	1579	1610
3	1575	1588	1610
3	1592	1610	1634
3	1608	1592	1668
3	1592	1634	1668
3	229	251	262
3	246	229	256
3	229	262	256
3	256	262	276
3	276	262	272
3	294	256	276
3	294	276	312
3	312	276	323
3	294	312	341
3	312	323	341
3	341	323	347
3	347	323	336
3	347	336	386
3	392	341	393
3	341	347	393
3	347	386	393
3	386	336	394
3	393	386	422
3	386	394	422
3	407	393	422
3	580	556	606
3	556	638	606
3	641	638	653
3	588	606	616
3	654	641	666
3	666	653	674
3	641	653	666
3	1411	1407	1410
3	1411	1410	1418
3	1432	1411	1418
3	1387	1411	1433
3	1433	1411	1432
3	1432	1418	1429
3	1442	1416	1433
3	1432	1429	1466
3	1433	1432	1461
3	1461	1432	1515
3	1432	1466	1515
3	26	13	37
3	1515	1466	1495
3	1515	1495	1523
3	277	338	321
3	1515	1523	1534
3	1523	1549	1534
3	1533	1515	1534
3	1534	1549	1550
3	1610	1588	1634
3	1605	1637	1674
3	1634	1605	1674
3	1637	1663	1674
3	1668	1634	1682
3	1682	1634	1674
3	1682	1674	1716
3	1674	1663	1716
3	1663	1704	1716
3	1682	1716	1724
3	1704	1719	1716
3	1716	1719	1758
3	1756	1716	1758
3	1724	1716	1756
3	1736	1724	1770
3	1758	1769	1799
3	1770	1724	1756
3	1756	1758	1833
3	1770	1756	1805
3	1824	1756	1833
3	1805	1756	1824
3	139	123	148
3	148	123	142
3	148	142	172
3	172	142	204
3	142	180	204
3	180	203	204
3	205	172	246
3	172	229	246
3	172	204	229
3	229	204	203
3	229	203	251
3	251	239	272
3	251	272	262
3	272	248	310
3	272	310	316
3	276	272	323
3	272	316	323
3	316	310	334
3	316	334	357
3	323	316	361
3	336	323	361
3	361	316	357
3	357	364	361
3	336	361	394
3	361	364	398
3	361	398	397
3	394	361	397
3	397	398	419
3	1758	1799	1833
3	1841	1805	1824
3	1805	1841	1801
3	1841	1824	1833
3	1853	1801	1841
3	1841	1833	1882
3	1853	1841	1873
3	1870	1853	1873
3	1873	1841	1882
3	1946	1951	1967
3	1951	1975	1973
3	1965	1946	1967
3	1972	1951	1973
3	1951	1972	1967
3	1974	1965	1967
3	1974	1967	1972
3	1972	1973	1995
3	1974	1972	1992
3	1987	1974	1994
3	1973	1986	1995
3	1994	1974	1992
3	1992	1972	1995
3	1986	1996	1995
3	1993	1994	1992
3	1995	1997	1992
3	1993	1992	1997
3	8	15	12
3	12	15	18
3	15	24	44
3	18	15	45
3	15	44	45
3	45	44	87
3	55	45	87
3	87	69	102
3	55	87	112
3	110	55	112
3	112	87	102
3	112	102	129
3	123	112	129
3	123	129	142
3	112	123	139
3	110	112	139
3	142	129	180
3	129	135	180
3	180	135	191
3	135	141	191
3	248	258	310
3	258	290	310
3	290	254	309
3	310	290	330
3	290	309	330
3	309	318	330
3	334	310	330
3	330	318	342
3	334	330	357
3	342	318	359
3	357	330	364
3	330	342	366
3	364	330	366
3	342	359	376
3	366	342	376
3	390	366	376
3	364	366	398
3	366	390	398
3	390	376	424
3	398	390	431
3	419	398	431
3	390	424	426
3	390	426	431
3	431	426	458
3	426	443	458
3	426	424	462
3	426	462	443
3	462	424	478
3	443	462	502
3	462	478	564
3	502	462	564
3	478	558	564
3	610	558	678
3	558	546	678
3	610	678	736
3	736	678	883
3	610	736	708
3	708	736	824
3	754	708	824
3	736	883	824
3	883	891	824
3	897	824	993
3	993	824	891
3	993	891	982
3	993	982	1105
3	982	891	971
3	982	971	1110
3	1109	982	1110
3	1105	982	1098
3	1098	982	1109
3	1098	1109	1162
3	1109	1110	1214
3	1214	1110	1149
3	1162	1109	1214
3	1098	1162	1160
3	1160	1162	1214
3	1214	1149	1292
3	1468	1380	1496
3	1524	1470	1481
3	1406	1524	1590
3	1590	1524	1553
3	1553	1524	1596
3	1553	1596	1599
3	1590	1553	1599
3	1576	1590	1601
3	1590	1599	1609
3	1590	1609	1601
3	1601	1609	1666
3	1599	1596	1631
3	1609	1599	1666
3	1601	1666	1632
3	1599	1631	1661
3	1632	1666	1672
3	1666	1599	1661
3	1666	1661	1672
3	1672	1661	1689
3	1661	1687	1720
3	1689	1661	1720
3	1672	1689	1712
3	1672	1712	1717
3	1689	1720	1722
3	1836	1829	1870
3	1829	1853	1870
3	1836	1870	1868
3	1868	1870	1885
3	1885	1870	1873
3	1873	1882	1903
3	1887	1885	1909
3	1907	1885	1873
3	1885	1907	1909
3	1923	1909	1924
3	1909	1907	1924
3	1923	1924	1929
3	1924	1907	1938
3	1924	1938	1948
3	1929	1924	1946
3	1946	1924	1948
3	1946	1948	1951
3	1951	1948	1953
3	1950	1946	1965
3	1951	1953	1975
3	1983	1985	1993
3	1983	1993	1989
3	1995	1996	1997
3	1996	1989	1993
3	1985	1994	1993
3	1997	1996	1993
3	8	24	15
3	8	12	22
3	19	8	22
3	24	8	40
3	8	19	40
3	40	19	41
3	38	24	40
3	44	24	38
3	38	40	53
3	40	41	53
3	44	38	69
3	69	38	53
3	53	66	81
3	69	53	81
3	87	44	69
3	66	82	81
3	81	82	115
3	69	81	102
3	102	81	115
3	82	105	127
3	115	82	127
3	129	102	135
3	102	115	135
3	135	115	141
3	115	127	193
3	141	115	193
3	193	127	202
3	202	127	208
3	127	184	208
3	193	202	210
3	141	193	210
3	184	218	235
3	208	184	235
3	254	202	208
3	210	202	254
3	258	210	254
3	254	208	296
3	296	208	287
3	258	254	290
3	309	254	296
3	318	309	296
3	502	564	579
3	502	579	508
3	564	558	610
3	579	564	610
3	579	610	708
3	1254	1160	1284
3	1160	1214	1284
3	1214	1292	1284
3	1254	1284	1330
3	1284	1292	1330
3	1292	1346	1375
3	1292	1375	1330
3	1330	1375	1406
3	1330	1406	1380
3	1406	1375	1470
3	1380	1406	1496
3	1406	1470	1524
3	1496	1406	1590
3	1712	1689	1731
3	1689	1722	1731
3	1722	1720	1746
3	1752	1712	1731
3	1731	1722	1774
3	1722	1746	1774
3	1752	1731	1773
3	1773	1731	1774
3	1774	1746	1782
3	1774	1782	1795
3	1773	1774	1813
3	1774	1795	1813
3	1795	1782	1817
3	1795	1817	1844
3	1795	1844	1863
3	1844	1817	1836
3	1813	1795	1861
3	1844	1836	1868
3	1863	1844	1868
3	1861	1795	1863
3	1855	1813	1861
3	1861	1863	1868
3	1855	1861	1886
3	1868	1887	1861
3	1887	1868	1885
3	1886	1861	1887
3	1886	1887	1901
3	1906	1887	1909
3	1901	1887	1906
3	1902	1886	1901
3	1906	1909	1923
3	1901	1906	1917
3	1918	1906	1923
3	1906	1918	1917
3	1922	1918	1923
3	1901	1917	1931
3	1918	1922	1930
3	1918	1930	1940
3	1917	1918	1940
3	1917	1940	1931
3	1931	1940	1957
3	1957	1955	1971
3	1969	1957	1971
3	1969	1971	1983
3	19	29	35
3	19	35	41
3	41	35	48
3	53	41	66
3	41	48	66
3	66	48	76
3	48	35	78
3	76	48	78
3	66	76	82
3	82	76	78
3	82	78	105
3	105	133	127
3	127	133	184
3	1902	1901	1931
3	1902	1931	1943
3	1943	1931	1957
3	1960	1943	1957
3	1960	1957	1969
3	703	684	767
3	684	679	767
3	679	759	767
3	743	703	767
3	751	767	848
3	767	759	848
3	848	759	840
3	859	848	862
3	848	840	862
3	840	954	862
3	859	862	937
3	862	954	934
3	862	934	984
3	937	862	984
3	984	934	990
3	937	984	999
3	984	990	999
3	999	990	1114
3	990	1059	1114
3	999	1114	1075
3	1075	1114	1145
3	1114	1059	1223
3	1145	1114	1223
3	1145	1223	1229
3	1229	1223	1258
3	581	574	598
3	598	574	617
3	574	612	617
3	644	684	703
3	1303	1229	1258
3	1270	1229	1303
3	533	574	581
3	1417	1405	1449
3	1490	1498	1522
3	1593	1586	1619
3	385	365	425
3	445	421	492
3	1542	1537	1580
3	1583	1589	1614
3	1452	1467	1493
3	665	683	690
3	1407	1426	1424
3	638	620	653
3	1769	1758	1743
3	1758	1719	1743
3	203	239	251
3	191	141	210
3	248	210	258
3	508	579	619
3	754	824	897
3	1050	993	1105
3	1496	1590	1576
3	1873	1903	1907
3	348	321	362
3	352	348	362
3	350	352	369
3	352	362	369
3	350	369	396
3	420	383	396
3	395	383	420
3	396	369	420
3	369	418	444
3	420	369	444
3	460	420	444
3	460	444	473
3	473	444	507
3	486	473	507
3	444	456	503
3	444	503	507
3	503	456	495
3	486	507	547
3	507	503	547
3	503	495	545
3	503	545	563
3	547	503	563
3	547	563	584
3	584	563	599
3	664	659	693
3	1819	1785	1812
3	1845	1856	1865
3	1636	1627	1655
3	1500	1528	1514
3	305	324	339
3	230	274	286
3	231	230	286
3	230	250	274
3	1644	1622	1658
3	399	377	401
3	317	305	328
3	313	317	325
3	1414	1358	1403
3	1358	1371	1413
3	550	552	597
3	1107	1108	1190
3	43	31	51
3	1440	1456	1532
3	1456	1401	1478
3	1397	1401	1456
3	1177	1080	1187
3	961	942	1010
3	919	811	942
3	942	811	945
3	122	108	144
3	1591	1642	1662
3	1350	1386	1448
3	661	682	605
3	94	86	108
3	85	86	94
3	1784	1796	1822
3	1784	1790	1796
3	1784	1742	1790
3	1695	1715	1740
3	1715	1695	1694
3	1664	1641	1694
3	1608	1653	1641
3	1641	1618	1608
3	1558	1578	1618
3	1558	1503	1578
3	1510	1503	1558
3	1462	1510	1540
3	1364	1317	1366
3	1317	1300	1366
3	570	588	616
3	360	341	392
3	1812	1786	1837
3	1786	1830	1837
3	1786	1822	1830
3	1786	1784	1822
3	1785	1761	1786
3	1742	1784	1786
3	1761	1742	1786
3	1762	1761	1785
3	1741	1759	1742
3	1738	1742	1761
3	1710	1741	1742
3	1710	1697	1741
3	1710	1742	1738
3	1710	1681	1697
3	1602	1592	1608
3	1578	1608	1618
3	1578	1602	1608
3	1578	1581	1602
3	1602	1581	1592
3	1581	1579	1592
3	1578	1554	1581
3	1578	1503	1554
3	1554	1579	1581
3	1554	1533	1579
3	1554	1518	1533
3	1503	1518	1554
3	1484	1533	1518
3	1518	1471	1484
3	1503	1471	1518
3	1503	1441	1471
3	1441	1416	1471
3	1442	1484	1471
3	1416	1442	1471
3	1366	1318	1367
3	1318	1319	1367
3	1300	1318	1366
3	1300	1276	1318
3	1276	1319	1318
3	1276	1285	1319
3	1224	1276	1300
3	745	714	796
3	745	693	714
3	715	685	745
3	685	693	745
3	666	693	685
3	659	627	693
3	664	693	666
3	570	484	588
3	471	588	484
3	493	484	570
3	451	471	484
3	423	451	484
3	471	438	457
3	423	404	451
3	451	438	471
3	404	438	451
3	392	416	438
3	404	392	438
3	389	380	404
3	380	360	404
3	360	392	404
3	372	360	380
3	353	372	380
3	245	257	288
3	245	249	257
3	200	249	245
3	223	200	245
3	1884	1899	1900
3	1884	1878	1899
3	1864	1884	1900
3	1856	1884	1864
3	1856	1860	1884
3	1860	1878	1884
3	1812	1837	1878
3	1860	1812	1878
3	1819	1860	1856
3	1827	1819	1856
3	1819	1812	1860
3	1785	1786	1812
3	1738	1761	1762
3	1699	1738	1726
3	1699	1710	1738
3	1681	1710	1699
3	1676	1681	1699
3	1677	1676	1699
3	1676	1649	1681
3	1643	1676	1677
3	1650	1643	1677
3	1643	1629	1676
3	1629	1649	1676
3	1628	1649	1629
3	1370	1373	1384
3	1373	1353	1384
3	1319	1370	1392
3	1319	1373	1370
3	1373	1319	1353
3	1319	1285	1353
3	714	663	730
3	663	714	693
3	627	663	693
3	628	637	663
3	627	628	663
3	628	592	637
3	627	592	628
3	587	592	627
3	329	319	343
3	311	288	329
3	288	319	329
3	274	255	311
3	255	288	311
3	257	283	288
3	274	250	255
3	255	245	288
3	223	245	255
3	223	255	250
3	230	206	250
3	206	223	250
3	206	182	223
3	182	200	223
3	182	164	200
3	173	182	206
3	153	182	173
3	153	164	182
3	153	119	164
3	153	143	119
3	1864	1865	1856
3	1864	1858	1865
3	1851	1865	1858
3	1851	1847	1865
3	1835	1851	1858
3	1810	1847	1851
3	1847	1845	1865
3	1627	1650	1655
3	1627	1643	1650
3	1624	1627	1636
3	1627	1629	1643
3	1615	1624	1636
3	1627	1620	1629
3	1620	1628	1629
3	1624	1620	1627
3	1570	1595	1584
3	1557	1584	1603
3	1528	1570	1584
3	1557	1528	1584
3	1527	1570	1528
3	1514	1528	1557
3	1528	1497	1527
3	1500	1497	1528
3	1474	1497	1500
3	1425	1457	1474
3	1443	1425	1474
3	1443	1384	1425
3	1384	1381	1425
3	577	602	592
3	543	592	587
3	543	577	592
3	572	543	587
3	577	516	547
3	543	516	577
3	480	516	543
3	433	486	516
3	480	433	516
3	430	473	486
3	433	430	486
3	452	433	480
3	440	433	452
3	436	430	433
3	401	433	440
3	436	395	430
3	391	436	433
3	401	391	433
3	391	375	436
3	375	395	436
3	377	391	401
3	351	368	375
3	351	375	391
3	377	351	391
3	368	381	375
3	339	351	377
3	324	332	351
3	339	324	351
3	332	368	351
3	368	332	329
3	332	303	329
3	324	303	332
3	1617	1630	1621
3	303	274	329
3	305	298	324
3	298	303	324
3	286	303	298
3	286	274	303
3	231	286	252
3	231	209	230
3	209	231	234
3	163	209	195
3	209	173	230
3	173	206	230
3	195	152	163
3	163	173	209
3	152	195	214
3	162	152	214
3	163	153	173
3	152	153	163
3	152	143	153
3	1823	1810	1851
3	1835	1823	1851
3	1815	1823	1835
3	1815	1753	1823
3	1791	1810	1823
3	1753	1791	1823
3	1744	1753	1815
3	1622	1636	1658
3	1615	1636	1622
3	1584	1622	1603
3	1584	1615	1622
3	1584	1595	1615
3	1570	1568	1595
3	1527	1568	1570
3	1497	1502	1527
3	1453	1502	1497
3	1453	1464	1502
3	1474	1457	1497
3	1457	1453	1497
3	1425	1400	1457
3	1400	1453	1457
3	516	486	547
3	420	460	473
3	430	420	473
3	293	305	317
3	281	305	293
3	281	298	305
3	298	281	286
3	281	252	286
3	241	281	293
3	267	241	293
3	241	252	281
3	252	234	231
3	226	241	267
3	195	241	226
3	241	234	252
3	195	234	241
3	226	214	195
3	195	209	234
3	1753	1725	1791
3	1711	1725	1753
3	1711	1753	1744
3	1711	1673	1725
3	1692	1711	1744
3	1692	1683	1711
3	1683	1673	1711
3	1692	1645	1683
3	1645	1673	1683
3	1648	1645	1692
3	1598	1638	1673
3	1645	1598	1673
3	1565	1645	1648
3	1630	1565	1648
3	1565	1598	1645
3	1598	1606	1638
3	1566	1606	1598
3	1566	1598	1565
3	1512	1566	1565
3	1560	1512	1565
3	1519	1512	1560
3	1472	1421	1519
3	384	363	413
3	371	363	384
3	363	344	382
3	363	326	344
3	371	326	363
3	344	326	325
3	307	326	371
3	326	313	325
3	307	299	326
3	299	313	326
3	293	313	299
3	313	293	317
3	267	299	307
3	267	293	299
3	282	267	307
3	233	267	282
3	233	226	267
3	1566	1572	1606
3	1566	1564	1572
3	1566	1516	1564
3	1516	1520	1564
3	1512	1516	1566
3	1485	1516	1512
3	1512	1421	1485
3	1421	1512	1519
3	1485	1480	1516
3	1445	1485	1421
3	1445	1480	1485
3	1445	1403	1480
3	1445	1414	1403
3	1347	1421	1472
3	1421	1414	1445
3	1421	1356	1414
3	535	487	522
3	487	511	522
3	481	487	535
3	481	448	487
3	448	454	487
3	459	448	481
3	454	475	487
3	448	413	454
3	429	448	459
3	429	413	448
3	409	413	429
3	413	414	454
3	378	409	429
3	413	363	414
3	363	382	414
3	409	384	413
3	1414	1327	1358
3	1356	1368	1414
3	1358	1352	1371
3	1368	1327	1414
3	1314	1352	1358
3	1336	1371	1352
3	1327	1314	1358
3	1314	1336	1352
3	1295	1327	1368
3	1314	1323	1336
3	1327	1265	1314
3	1295	1265	1327
3	1265	1323	1314
3	1295	1267	1265
3	559	658	571
3	550	658	559
3	565	481	571
3	534	552	550
3	535	550	559
3	481	559	571
3	481	535	559
3	501	481	565
3	535	534	550
3	522	514	535
3	535	514	534
3	1336	1360	1371
3	1336	1297	1360
3	1297	1274	1360
3	1336	1323	1297
3	1323	1238	1297
3	1265	1238	1323
3	1238	1274	1297
3	1265	1247	1238
3	1259	1274	1238
3	1247	1265	1267
3	1221	1259	1238
3	1202	1118	1247
3	1118	1238	1247
3	1118	1221	1238
3	677	662	737
3	672	622	755
3	662	658	672
3	658	662	677
3	658	622	672
3	565	658	677
3	550	622	658
3	550	597	622
3	1221	1107	1259
3	1107	1190	1259
3	1118	1079	1221
3	1079	1107	1221
3	1118	1053	1079
3	989	1107	1079
3	989	953	1107
3	1053	989	1079
3	953	952	1107
3	949	989	1053
3	989	960	953
3	949	960	989
3	941	953	960
3	960	916	941
3	941	873	953
3	949	893	960
3	893	916	960
3	916	873	941
3	836	873	916
3	893	843	916
3	843	836	916
3	815	843	893
3	813	873	836
3	843	790	836
3	817	790	843
3	790	747	836
3	815	790	817
3	836	775	813
3	747	775	836
3	747	755	775
3	737	790	815
3	734	747	790
3	737	734	790
3	734	672	747
3	662	734	737
3	662	672	734
3	672	755	747
3	304	269	292
3	269	238	292
3	238	265	292
3	190	238	224
3	190	211	238
3	178	211	190
3	183	134	190
3	134	178	190
3	131	134	183
3	134	132	178
3	128	134	131
3	118	132	134
3	128	118	134
3	100	118	128
3	77	128	131
3	77	100	128
3	59	79	100
3	77	59	100
3	51	36	77
3	32	59	77
3	51	31	36
3	36	32	77
3	14	32	36
3	31	14	36
3	11	14	31
3	11	2	14
3	2	11	21
3	1954	1932	1964
3	1532	1552	1591
3	1456	1513	1532
3	1513	1489	1532
3	1456	1478	1513
3	1478	1489	1513
3	1478	1369	1489
3	1365	1369	1478
3	1369	1437	1489
3	1294	1369	1365
3	1272	1187	1365
3	1187	1294	1365
3	1187	1163	1294
3	1010	1005	1080
3	942	1005	1010
3	945	1005	942
3	811	794	945
3	497	472	527
3	497	432	472
3	340	337	402
3	337	340	289
3	304	289	340
3	304	292	289
3	289	315	337
3	289	297	315
3	265	289	292
3	289	222	297
3	222	289	265
3	238	211	265
3	211	222	265
3	222	216	297
3	177	222	211
3	196	216	222
3	177	196	222
3	178	177	211
3	156	186	196
3	177	156	196
3	178	132	177
3	156	144	179
3	156	179	186
3	132	156	177
3	156	122	144
3	132	122	156
3	118	122	132
3	118	104	122
3	104	108	122
3	100	104	118
3	92	108	104
3	100	79	104
3	79	92	104
3	92	94	108
3	92	96	94
3	92	83	96
3	83	75	96
3	74	83	92
3	17	2	20
3	7	6	17
3	7	17	20
3	2	21	20
3	1962	1959	1982
3	1642	1671	1708
3	1671	1695	1708
3	1642	1607	1671
3	1616	1607	1642
3	1591	1616	1642
3	1591	1552	1616
3	1552	1607	1616
3	1552	1577	1607
3	1552	1547	1577
3	1547	1543	1577
3	1552	1489	1547
3	1489	1552	1532
3	1547	1504	1543
3	1489	1504	1547
3	1437	1504	1489
3	1437	1448	1504
3	1448	1540	1504
3	1437	1350	1448
3	1369	1350	1437
3	1294	1350	1369
3	1350	1278	1348
3	1294	1242	1350
3	1242	1278	1350
3	1242	1198	1278
3	1163	1242	1294
3	1129	1198	1242
3	1163	1129	1242
3	1129	1131	1198
3	1080	1163	1187
3	1129	1030	1131
3	1080	1129	1163
3	1080	1030	1129
3	1030	979	1131
3	1005	1030	1080
3	948	979	1030
3	948	1030	1005
3	945	948	1005
3	943	979	948
3	948	899	943
3	945	899	948
3	857	933	943
3	899	857	943
3	794	899	945
3	845	857	899
3	794	845	899
3	794	750	845
3	750	784	845
3	727	750	794
3	727	631	750
3	750	733	784
3	750	682	733
3	631	682	750
3	631	605	682
3	529	631	636
3	529	605	631
3	472	529	636
3	568	472	636
3	568	527	472
3	470	504	529
3	470	529	472
3	449	504	470
3	427	470	472
3	432	427	472
3	427	449	470
3	410	432	468
3	410	427	432
3	410	403	427
3	403	349	427
3	402	403	410
3	355	403	402
3	355	349	403
3	337	355	402
3	315	349	355
3	337	315	355
3	315	302	349
3	315	263	302
3	297	263	315
3	260	302	263
3	260	295	302
3	260	242	295
3	297	216	263
3	216	260	263
3	216	242	260
3	216	221	242
3	216	212	221
3	212	181	221
3	196	212	216
3	196	186	212
3	186	181	212
3	85	94	96
3	75	85	96
3	75	73	85
3	73	60	85
3	49	60	73
3	16	9	4
3	10	16	4
3	10	17	6
3	4	0	17
3	10	4	17
3	1	10	6
3	1	5	25
3	1881	1894	1893
3	1881	1825	1894
3	1830	1857	1881
3	1825	1849	1894
3	1857	1825	1881
3	1842	1876	1849
3	1806	1849	1825
3	1857	1820	1825
3	1788	1825	1820
3	1825	1788	1806
3	1820	1796	1788
3	1779	1800	1807
3	1790	1788	1796
3	1806	1788	1807
3	1759	1788	1790
3	1788	1779	1807
3	1772	1788	1759
3	1742	1759	1790
3	1772	1779	1788
3	1708	1695	1740
3	1664	1694	1695
3	1664	1695	1671
3	1607	1664	1671
3	1607	1625	1664
3	1604	1625	1607
3	1604	1618	1625
3	1543	1604	1607
3	1577	1543	1607
3	1558	1618	1604
3	1544	1558	1604
3	1543	1544	1604
3	1544	1540	1558
3	1540	1510	1558
3	1543	1540	1544
3	1504	1540	1543
3	1540	1448	1462
3	1386	1462	1448
3	1278	1224	1317
3	1198	1224	1278
3	1175	1194	1224
3	1198	1175	1224
3	1131	1175	1198
3	1131	1071	1175
3	1071	1115	1175
3	1071	1041	1115
3	930	1041	1071
3	979	1071	1131
3	933	930	1071
3	951	1041	930
3	979	933	1071
3	951	1019	1041
3	943	933	979
3	909	930	933
3	854	930	909
3	857	909	933
3	857	854	909
3	837	854	857
3	845	784	857
3	784	837	857
3	784	796	837
3	763	796	784
3	784	733	763
3	763	745	796
3	605	570	661
3	605	493	570
3	504	605	529
3	504	493	605
3	441	484	493
3	441	493	504
3	449	441	504
3	449	408	441
3	408	423	441
3	427	408	449
3	349	408	427
3	408	389	423
3	349	374	408
3	374	389	408
3	353	380	389
3	374	353	389
3	331	353	374
3	349	331	374
3	302	331	349
3	300	372	353
3	300	353	331
3	302	295	331
3	295	300	331
3	275	270	300
3	270	372	300
3	295	275	300
3	242	275	295
3	275	236	270
3	242	236	275
3	242	221	236
3	60	67	85
3	1999	67	60
3	1999	25	67
3	49	1999	60
3	1999	23	25
3	16	23	33
3	10	1	23
3	23	1	25
3	10	23	16
3	1905	1933	1911
3	1905	1926	1933
3	1926	1905	1927
3	1905	1893	1927
3	1913	1925	1942
3	1888	1905	1911
3	1905	1881	1893
3	1888	1881	1905
3	1888	1830	1881
3	1832	1872	1874
3	1872	1832	1869
3	1800	1832	1839
3	1800	1821	1832
3	1779	1787	1800
3	1800	1787	1821
3	1779	1754	1787
3	1772	1754	1779
3	1759	1754	1772
3	1754	1734	1787
3	1741	1754	1759
3	1697	1754	1741
3	1697	1688	1754
3	1276	1240	1285
3	1194	1276	1224
3	1209	1240	1276
3	1194	1209	1276
3	1083	1209	1194
3	1115	1083	1194
3	1083	1076	1209
3	1175	1115	1194
3	1115	1019	1083
3	1083	1049	1076
3	1041	1019	1115
3	964	1049	1083
3	1019	964	1083
3	1019	951	964
3	951	907	964
3	907	884	964
3	854	866	951
3	930	854	951
3	866	907	951
3	816	884	907
3	866	816	907
3	837	866	854
3	837	816	866
3	816	787	835
3	796	714	837
3	714	816	837
3	730	787	816
3	714	730	816
3	423	484	441
3	389	404	423
3	257	259	284
3	280	284	259
3	257	225	259
3	257	249	225
3	225	232	259
3	228	232	225
3	225	185	228
3	185	199	228
3	219	225	249
3	219	185	225
3	200	219	249
3	219	194	185
3	194	160	185
3	200	194	219
3	150	194	200
3	145	160	194
3	150	145	194
3	160	138	185
3	145	125	160
3	125	138	160
3	97	125	145
3	97	84	125
3	47	84	97
3	1942	1925	1933
3	1925	1912	1933
3	1933	1920	1911
3	1912	1920	1933
3	1899	1911	1920
3	1912	1889	1920
3	1889	1895	1920
3	1895	1899	1920
3	1925	1889	1912
3	1913	1869	1925
3	1895	1900	1899
3	1866	1889	1925
3	1869	1866	1925
3	1895	1864	1900
3	1872	1869	1913
3	1831	1866	1869
3	1889	1862	1895
3	1889	1866	1862
3	1862	1864	1895
3	1866	1846	1862
3	1832	1831	1869
3	1846	1866	1831
3	1821	1831	1832
3	1831	1803	1846
3	1778	1803	1831
3	1821	1778	1831
3	1780	1803	1778
3	1787	1778	1821
3	1750	1780	1778
3	1787	1750	1778
3	1734	1750	1787
3	1709	1780	1750
3	1734	1698	1750
3	1698	1709	1750
3	1754	1698	1734
3	1688	1698	1754
3	1669	1709	1698
3	1681	1688	1697
3	1688	1654	1698
3	1660	1654	1688
3	1654	1669	1698
3	1681	1649	1688
3	1649	1660	1688
3	1628	1654	1660
3	1649	1628	1660
3	1628	1635	1654
3	1353	1335	1384
3	1273	1304	1335
3	1273	1335	1353
3	1285	1273	1353
3	1228	1304	1273
3	1228	1253	1304
3	1285	1240	1273
3	1240	1228	1273
3	1127	1228	1240
3	1209	1127	1240
3	1076	1127	1209
3	1127	1034	1228
3	1076	1034	1127
3	1076	1049	1034
3	964	925	1049
3	925	1034	1049
3	964	884	925
3	884	888	925
3	884	799	888
3	835	799	884
3	816	835	884
3	766	829	799
3	787	799	835
3	787	730	799
3	730	766	799
3	652	660	766
3	730	652	766
3	637	652	730
3	663	637	730
3	637	602	652
3	319	327	343
3	319	280	327
3	319	284	280
3	283	284	319
3	288	283	319
3	283	257	284
3	164	150	200
3	119	150	164
3	145	150	119
3	97	145	119
3	143	124	119
3	107	101	124
3	101	119	124
3	101	97	119
3	47	97	101
3	1862	1846	1864
3	1864	1846	1858
3	1846	1840	1858
3	1840	1835	1858
3	1840	1826	1835
3	1803	1840	1846
3	1803	1811	1840
3	1811	1826	1840
3	1780	1811	1803
3	1780	1757	1811
3	1732	1729	1780
3	1709	1702	1780
3	1780	1702	1732
3	1702	1684	1732
3	1709	1685	1702
3	1685	1684	1702
3	1709	1669	1685
3	1667	1684	1685
3	1669	1667	1685
3	1640	1656	1667
3	1635	1667	1669
3	1654	1635	1669
3	1635	1640	1667
3	1635	1626	1640
3	1626	1633	1640
3	1626	1623	1633
3	1628	1626	1635
3	1620	1626	1628
3	1626	1620	1615
3	1620	1624	1615
3	1381	1400	1425
3	1335	1381	1384
3	1335	1345	1381
3	1335	1304	1345
3	1304	1271	1345
3	1253	1271	1304
3	926	1018	1034
3	925	926	1034
3	926	889	1018
3	925	888	926
3	799	829	888
3	660	584	618
3	602	584	660
3	652	602	660
3	592	602	637
3	547	584	602
3	577	547	602
3	395	420	430
3	381	370	383
3	381	383	395
3	375	381	395
3	383	358	396
3	358	383	370
3	358	350	396
3	368	370	381
3	368	358	370
3	368	354	358
3	354	350	358
3	327	335	354
3	354	335	350
3	343	327	354
3	368	343	354
3	368	329	343
3	137	152	162
3	137	143	152
3	107	137	136
3	137	124	143
3	107	124	137
3	1826	1815	1835
3	1811	1789	1826
3	1826	1789	1815
3	1789	1744	1815
3	1757	1789	1811
3	1701	1744	1789
3	1757	1701	1789
3	1780	1729	1757
3	1729	1690	1757
3	1757	1690	1701
3	1684	1729	1732
3	1680	1701	1690
3	1684	1690	1729
3	1667	1690	1684
3	1690	1656	1680
3	1646	1680	1656
3	1667	1656	1690
3	1656	1633	1646
3	1640	1633	1656
3	1633	1621	1646
3	1621	1630	1646
3	1623	1621	1633
3	367	402	415
3	1623	1626	1615
3	1585	1621	1623
3	1585	1617	1621
3	1615	1595	1623
3	1595	1585	1623
3	1585	1569	1617
3	1568	1585	1595
3	1568	1545	1585
3	1535	1569	1585
3	1545	1535	1585
3	1535	1562	1569
3	1545	1502	1535
3	1527	1502	1545
3	1502	1464	1535
3	1464	1506	1535
3	1453	1400	1464
3	1381	1345	1400
3	1355	1390	1400
3	1345	1355	1400
3	1345	1302	1355
3	1302	1296	1355
3	1271	1302	1345
3	1213	1296	1302
3	1072	1028	1116
3	946	970	1028
3	973	946	1028
3	889	946	973
3	849	970	946
3	889	849	946
3	847	742	849
3	632	618	599
3	584	599	618
3	563	545	599
3	1484	1461	1515
3	1440	1397	1456
3	274	311	329
3	1527	1545	1568
3	1391	1272	1397
3	1397	1272	1401
3	1461	1442	1433
