0.78687	-0.27494	0.12811
0.78633	-0.20807	0.051303
0.78728	-0.34152	0.12211
0.78111	-0.2621	0.15398
0.78482	-0.23876	0.11656
0.78605	-0.25365	0.017561
0.78437	-0.25051	0.050122
0.78042	-0.31947	0.026383
0.78623	-0.4003	-0.057317
0.78019	-0.20802	0.1536
0.78196	-0.21743	0.082007
0.78252	-0.39899	0.048402
0.78446	-0.31793	-0.014354
0.77351	-0.2213	0.16515
0.7827	-0.34073	0.14684
0.7792	-0.36038	-0.061719
0.77829	-0.20919	0.11363
0.78305	-0.27638	0.094991
0.77956	-0.29404	-0.0080742
0.78274	-0.43328	-0.02913
0.7812	-0.32884	0.067937
0.78461	-0.36511	0.067504
0.78068	-0.36094	-0.00034188
0.76605	-0.18446	0.090935
0.77382	-0.39964	-0.079501
0.77454	-0.20264	0.040182
0.77276	-0.25289	0.15979
0.76174	-0.31357	0.17972
0.75407	-0.23578	0.016997
0.77647	-0.43425	0.011614
0.76822	-0.28028	0.19022
0.76829	-0.39746	0.074101
0.76141	-0.35785	0.13639
0.76395	-0.20071	0.1203
0.75966	-0.25772	0.16273
0.75956	-0.45818	-0.01459
0.75227	-0.39493	0.081774
0.75682	-0.21422	0.1699
0.7607	-0.40688	-0.084436
0.75666	-0.28151	-0.0046482
0.76578	-0.44059	-0.077024
0.76298	-0.45285	-0.065726
0.73909	-0.20127	0.16283
0.76068	-0.43617	0.026931
0.7437	-0.36833	-0.071904
0.75135	-0.33425	-0.047765
0.74124	-0.035817	0.16703
0.72012	-0.026836	0.1072
0.75291	-0.46098	-0.039503
0.7475	-0.2064	0.11858
0.74521	-0.33195	0.16661
0.70716	-0.42626	0.048378
0.73516	-0.30881	0.17858
0.73582	-0.42552	-0.078654
0.73916	-0.014426	0.17412
0.70149	-0.31214	-0.024056
0.73773	-0.24111	0.15597
0.73049	-0.27114	0.1482
0.71689	-0.0040072	0.13528
0.71944	-0.36366	0.11547
0.73262	-0.19558	0.085393
0.72373	-0.057987	0.12163
0.73479	-0.28956	0.17566
0.72911	-0.068189	0.17524
0.75882	-0.27417	0.18834
0.71752	-0.09345	0.22934
0.72141	-0.44268	-0.057606
0.72979	-0.21883	0.036368
0.72039	-0.25348	0.019596
0.69888	-0.37922	-0.05643
0.71994	-0.053807	0.19111
0.69716	0.0035825	0.16325
0.71901	-0.083194	0.14175
0.72374	-0.22599	0.11581
0.70544	-0.30896	0.14205
0.71659	-0.24676	0.13353
0.7188	-0.45368	-0.029485
0.70113	-0.39713	0.077028
0.71463	-0.45266	-0.0072658
0.70411	-0.34707	0.11687
0.69785	-0.11409	0.18366
0.69684	-0.41518	-0.051946
0.68853	-0.43472	-0.031038
0.7026	-0.28681	0.12378
0.70541	-0.071863	0.10629
0.70483	-0.23405	0.060476
0.69252	-0.262	0.040225
0.70116	-0.33726	-0.040815
0.69152	-0.023756	0.18003
0.68242	-0.057889	0.19762
0.68981	-0.11021	0.20661
0.68775	-0.28708	0.011249
0.69114	-0.31367	0.1072
0.65952	0.027866	0.1134
0.68975	-0.26471	0.057041
0.6741	-0.41596	0.050284
0.69251	-0.28201	0.10265
0.69445	-0.052538	0.088326
0.68789	-0.12223	0.17042
0.68528	0.011874	0.10263
0.68244	-0.36898	0.087652
0.68166	-0.0088231	0.078656
0.67644	-0.36775	-0.054783
0.68229	-0.13523	0.19901
0.67861	-0.32837	0.08763
0.68391	-0.43745	-0.0040054
0.67624	-0.43253	0.02165
0.66587	0.025616	0.098193
0.67538	-0.29769	0.059181
0.67517	-0.28682	0.032559
0.66955	-0.3	-0.01015
0.6666	0.015255	0.14615
0.67443	-0.31933	-0.03706
0.66049	-0.13623	0.14551
0.65235	-0.070718	0.19053
0.66634	-0.40305	-0.051127
0.68002	-0.10424	0.20957
0.65239	-0.11385	0.21357
0.6643	-0.34119	0.084794
0.65504	-0.014715	0.055634
0.66839	-0.13855	0.23425
0.66076	-0.15116	0.19745
0.66557	-0.31757	0.074182
0.66094	-0.30261	-0.047598
0.66473	0.0068697	0.071114
0.66372	-0.10192	0.10456
0.64267	-0.037469	0.17358
0.64648	-0.42656	-0.031192
0.66315	-0.37696	0.082176
0.65878	-0.33714	-0.063046
0.65313	-0.28445	0.024072
0.65182	-0.39423	0.077304
0.64055	-0.32588	0.091617
0.6464	-0.43627	0.0048993
0.64601	-0.36841	0.091438
0.6357	-0.34885	-0.072241
0.64947	0.071166	0.079159
0.64672	0.067298	0.053862
0.63526	-0.12905	0.11712
0.64664	-0.2863	-0.024796
0.64518	0.03244	0.13233
0.61986	-0.37123	-0.069309
0.63507	-0.28908	-0.061697
0.65153	0.0083731	0.034793
0.65812	-0.29348	0.050178
0.63795	-0.064564	0.067192
0.63751	-0.15706	0.19376
0.63716	0.011325	0.14882
0.64515	-0.26593	-0.029663
0.63532	-0.13693	0.21038
0.62171	-0.048086	0.052281
0.61928	0.078306	0.1448
0.631	0.037926	0.0006401
0.63296	-0.0081552	0.018537
0.61678	-0.16348	0.16222
0.60667	-0.013174	0.15453
0.61829	-0.29995	0.084674
0.62873	-0.27272	0.0028856
0.61707	-0.2761	0.035893
0.6133	0.1093	0.11743
0.61103	-0.096812	0.080021
0.6249	-0.25127	0.0023527
0.60703	0.10968	0.019768
0.627	0.031024	-0.013219
0.61079	-0.043158	0.028071
0.60921	-0.13695	0.20912
0.60781	0.12538	0.098623
0.61068	0.122	0.062405
0.62017	0.032841	0.14405
0.60896	-0.17642	0.1968
0.61111	-0.17038	0.20989
0.62523	-0.43123	0.033999
0.61659	-0.2477	-0.041384
0.61151	-0.0012749	-0.018965
0.62438	-0.071357	0.18377
0.61344	0.065292	0.15201
0.59959	0.10993	0.13088
0.6107	-0.31116	0.095643
0.62348	-0.35247	0.096043
0.60661	-0.2718	0.055804
0.60485	-0.30382	-0.080413
0.61193	-0.24459	0.027313
0.58626	-0.031289	-0.010427
0.58745	-0.40981	0.05873
0.60417	-0.43221	0.0044426
0.58545	-0.12564	0.10066
0.59686	-0.26506	0.069094
0.5685	-0.037961	0.1517
0.58522	0.10788	0.13771
0.58174	0.062545	0.13887
0.5793	-0.38361	0.082408
0.59213	-0.34018	-0.081215
0.57749	-0.15844	0.14798
0.62394	-0.3979	-0.055377
0.59804	-0.069127	0.063965
0.57024	0.10035	-0.031434
0.59267	-0.28523	0.09135
0.56977	0.092981	0.12961
0.59465	-0.12789	0.19886
0.58596	-0.14826	0.1275
0.58062	-0.064405	0.033734
0.57811	0.15003	0.035485
0.57127	-0.40616	-0.038539
0.57174	-0.27707	-0.08681
0.59357	-0.2606	-0.069764
0.57921	-0.21114	0.028304
0.58797	-0.0035474	-0.028472
0.56993	0.15919	0.088671
0.55467	-0.41645	-0.0071692
0.57468	0.059707	-0.048101
0.55286	-0.3733	-0.069056
0.56809	-0.33738	0.10194
0.582	-0.25398	0.086863
0.57241	-0.12791	0.17753
0.5854	0.12847	0.006303
0.57447	-0.15148	0.16053
0.55643	-0.24518	0.093272
0.56085	0.027708	0.14467
0.56551	-0.41875	0.031638
0.57085	-0.076628	0.071167
0.55917	-0.061337	0.15224
0.56271	-0.20807	0.062037
0.52778	-0.30666	0.1086
0.55501	-0.045829	-0.0051519
0.54178	-0.38642	0.07954
0.55203	-0.079311	0.092368
0.54643	0.15857	-0.00052541
0.54167	0.15659	0.11412
0.55946	-0.11398	0.13327
0.54639	-0.2172	-0.058693
0.55385	0.022421	-0.050945
0.53615	0.057128	-0.057565
0.5432	-0.069285	0.12416
0.54536	0.17258	0.028107
0.55268	0.084426	-0.049019
0.54091	-0.41471	0.022341
0.52635	-0.17809	0.057336
0.54941	0.12796	0.13041
0.5308	-0.36216	0.098141
0.51919	-0.27929	-0.09762
0.54063	-0.05338	0.14337
0.54364	0.12803	-0.025453
0.52386	-0.20004	0.085274
0.53379	-0.17861	0.023578
0.53025	-0.022889	0.14144
0.53911	-0.060033	0.024635
0.54477	-0.20087	-0.027105
0.52642	-0.40128	0.059829
0.51382	-0.28725	-0.096823
0.54625	-0.076497	0.066659
0.53427	-0.024445	-0.028377
0.52091	-0.2492	-0.089945
0.51422	0.10882	-0.038197
0.52891	0.11028	0.12314
0.49655	-0.37505	-0.044503
0.51296	-0.035187	-0.016211
0.50785	-0.17776	-0.016716
0.50897	-0.065991	0.055685
0.50248	-0.33892	-0.076781
0.52601	-0.066821	0.11985
0.50298	-0.21463	0.10184
0.50884	0.032335	0.13516
0.49978	-0.21105	-0.06379
0.4816	-0.23061	0.11032
0.52337	0.1859	0.046539
0.50244	-0.33249	0.10642
0.47134	-0.15151	0.026888
0.51115	0.1726	-0.008679
0.51228	-0.040153	0.14648
0.49215	-0.37718	0.081593
0.48926	-0.15902	0.051069
0.51546	0.18323	0.081798
0.47383	-0.23726	-0.075349
0.52617	0.14761	0.12745
0.48795	0.0016134	-0.039317
0.4934	-0.17489	0.076571
0.47634	-0.20242	-0.049955
0.46784	0.17964	0.10529
0.48503	0.003387	0.13822
0.47534	-0.0096817	0.13151
0.48782	-0.043533	0.11706
0.48966	0.1233	-0.036345
0.47327	0.20292	0.0092727
0.47494	-0.039842	0.058667
0.47552	-0.041162	0.083976
0.49407	0.13501	0.12847
0.50711	0.046051	-0.052752
0.47971	-0.39039	0.049613
0.48394	-0.04037	0.03481
0.45608	-0.30694	0.10547
0.47456	-0.33041	-0.066677
0.47734	0.03572	0.12558
0.46665	-0.34025	0.095837
0.47591	0.1637	-0.035227
0.4604	-0.16117	-0.00052052
0.48139	-0.1866	0.092918
0.46071	-0.37538	0.0014959
0.49028	-0.26713	0.10864
0.46341	0.069794	-0.029091
0.46664	0.1877	-0.030056
0.44814	-0.14383	0.093532
0.45385	0.070217	0.12328
0.45446	-0.20669	0.10494
0.46673	0.037365	-0.031344
0.4514	-0.35084	0.076123
0.4744	0.11177	-0.040049
0.47253	0.20092	0.055872
0.47355	0.19665	-0.0063383
0.45458	0.1535	0.11738
0.4627	-0.35983	-0.037017
0.45423	-0.28813	-0.068149
0.45453	0.0012687	0.011763
0.46153	-0.17914	-0.022042
0.46299	0.17653	-0.056023
0.4454	0.033915	0.12556
0.44753	-0.24127	0.10654
0.44098	-0.24487	-0.057264
0.45881	0.14864	-0.068921
0.43212	-0.3478	-0.0014121
0.44473	-0.0081042	0.064356
0.44447	0.10273	0.12606
0.43602	0.17352	0.092616
0.44295	0.20256	0.04938
0.44595	-0.20914	-0.048422
0.45042	0.0604	-0.023394
0.43272	0.17966	-0.072235
0.44595	0.20715	-0.032848
0.42833	0.034212	0.10548
0.43308	0.10666	-0.07077
0.42994	0.023557	0.020885
0.42428	-0.30382	-0.039055
0.42452	-0.15502	0.10821
0.43482	0.050814	0.0016695
0.44052	-0.3558	0.048652
0.43254	-0.28021	-0.05313
0.42883	0.068474	0.11383
0.42199	-0.21054	-0.054136
0.43186	-0.2726	0.09252
0.42776	0.19392	0.065838
0.41257	0.066212	-0.062315
0.41869	-0.29509	0.071169
0.41464	-0.1491	-0.015195
0.4185	-0.31307	-0.017278
0.42547	0.025192	0.04122
0.40899	0.20541	-0.070789
0.41819	0.14949	-0.086643
0.42314	-0.33137	0.040708
0.41646	-0.17203	-0.038637
0.42547	0.14587	0.10171
0.37964	-0.18207	0.10535
0.4121	0.10233	0.090481
0.41299	0.05841	-0.017202
0.41139	0.12345	0.094173
0.39659	-0.12497	0.079329
0.41679	0.068371	0.070176
0.40493	-0.23179	0.098098
0.39583	0.089053	-0.081002
0.40771	-0.26924	-0.054645
0.41212	0.08453	0.078678
0.41682	-0.31994	0.022861
0.39642	-0.12475	0.011666
0.40269	-0.2522	-0.064499
0.40671	0.16513	0.080518
0.40223	0.23001	-0.029089
0.39582	-0.29132	-0.045472
0.37853	0.13727	-0.11272
0.39903	-0.30914	-0.024821
0.38735	-0.28415	0.059573
0.41995	0.055645	0.037147
0.37097	0.16429	0.073242
0.39124	0.074808	0.067344
0.42841	0.2204	0.01174
0.43637	-0.13401	0.062901
0.35447	0.19122	0.056535
0.37682	-0.15052	0.097855
0.37815	0.084558	0.023493
0.37801	-0.31086	0.0062612
0.3897	0.075171	-0.05082
0.35323	0.2314	0.027871
0.39742	0.18895	-0.09408
0.3786	-0.11865	0.054647
0.39981	0.071593	0.047572
0.37727	0.23201	-0.067339
0.36559	0.10239	0.074561
0.38352	0.23594	0.0033979
0.3612	0.17373	-0.12629
0.38153	-0.16843	-0.066138
0.39018	-0.30243	0.035727
0.37362	0.10101	-0.10036
0.37124	-0.13143	0.080492
0.37663	-0.31624	-0.022929
0.3722	0.081386	-0.011132
0.37204	-0.11147	-0.0041503
0.37588	-0.13502	-0.04618
0.37202	-0.20286	-0.08263
0.36562	0.09658	0.056017
0.37272	0.12559	0.077955
0.37246	-0.24185	-0.081356
0.37042	-0.29985	-0.058905
0.37292	0.089522	-0.066775
0.36448	0.22607	-0.092711
0.36959	0.08115	-0.037446
0.38378	-0.26044	0.081376
0.37529	-0.2184	0.10261
0.34368	-0.10358	0.04807
0.31741	0.22937	0.034262
0.34355	0.11055	-0.12263
0.33817	-0.121	-0.062252
0.34175	-0.15002	0.10431
0.32988	0.25129	-0.0090882
0.35054	-0.24692	0.097749
0.35741	-0.3068	0.024599
0.36133	0.20585	-0.112
0.32715	0.25629	-0.031352
0.34143	0.25024	-0.053555
0.34508	-0.28258	0.061501
0.33425	-0.10106	-0.027192
0.34339	0.078624	-0.06436
0.3138	0.18878	0.055017
0.34419	-0.2833	-0.081162
0.34275	0.11563	0.074207
0.34555	0.10527	-0.11258
0.34299	-0.15607	-0.089113
0.33732	-0.12122	0.081083
0.32503	-0.3268	0.0068893
0.33142	0.13292	-0.13662
0.34341	-0.32313	-0.027199
0.34076	-0.21095	0.11165
0.32318	0.076653	-0.086939
0.31839	0.25109	0.0077758
0.30857	0.086851	0.026681
0.32891	-0.3065	-0.070013
0.31084	-0.25694	0.10115
0.3095	0.074006	-0.0034255
0.32252	-0.2879	-0.096965
0.32802	-0.19619	-0.10964
0.33981	0.08154	0.0084944
0.31123	-0.24166	-0.12048
0.31334	-0.092116	0.0045262
0.31116	0.17039	-0.1432
0.32063	0.067427	-0.048689
0.30572	-0.13915	0.098738
0.30556	-0.15223	-0.11019
0.27988	-0.33739	-0.046753
0.28907	0.15198	0.060065
0.29727	0.12092	-0.1354
0.30524	-0.11926	-0.081598
0.30386	0.215	-0.12967
0.30269	0.27451	-0.022923
0.29548	-0.17907	0.11141
0.29384	-0.28934	-0.11137
0.30174	-0.092285	0.02766
0.29551	0.068443	-0.038276
0.29962	-0.19254	-0.12833
0.29528	0.2676	-0.051754
0.30867	0.24967	-0.085533
0.2791	0.17829	0.061213
0.29109	-0.09605	-0.048882
0.29557	-0.31907	-0.077958
0.30481	0.28107	-0.0015738
0.30457	0.11871	0.061178
0.28028	-0.24535	-0.13411
0.28151	-0.33779	-0.0077064
0.29194	0.23986	-0.11244
0.28786	0.20334	0.05821
0.28978	0.27854	0.03228
0.2941	0.23727	0.048198
0.28604	0.082802	-0.10434
0.27102	-0.29718	0.063723
0.28142	0.20327	-0.15158
0.27622	-0.21849	0.11269
0.24866	-0.089226	-0.0013808
0.26717	-0.25569	0.10443
0.28576	0.10896	0.044072
0.25327	-0.16273	-0.13455
0.27645	0.25862	-0.099935
0.27541	0.22551	0.065838
0.2692	-0.12658	-0.10222
0.2675	-0.33656	0.0074144
0.26752	0.15698	-0.16639
0.25584	0.075823	-0.036363
0.27315	0.31026	-0.010903
0.27086	0.073545	-0.078076
0.25932	-0.099482	-0.039703
0.26149	-0.10549	0.057965
0.27571	0.27608	-0.12689
0.25433	0.10535	0.025452
0.26631	0.28968	-0.054984
0.27465	0.2492	-0.13062
0.27232	0.201	-0.16602
0.2577	0.27665	0.052105
0.26361	0.12147	-0.15021
0.26751	0.10131	-0.13266
0.23058	-0.13939	0.085261
0.26836	0.19533	-0.18904
0.26044	0.1993	0.079554
0.25774	0.30325	-0.12183
0.24579	-0.29307	0.085342
0.24927	0.0764	-0.11903
0.24541	0.059083	-0.085737
0.26297	0.15759	-0.19875
0.24164	0.31552	0.029895
0.25385	-0.34644	-0.030883
0.25726	0.15553	0.062523
0.2383	-0.17337	0.10326
0.2601	0.25878	-0.18277
0.24835	0.24661	0.067567
0.25583	0.12484	0.046977
0.21248	-0.34172	-0.073569
0.25207	-0.23349	-0.14717
0.23396	-0.32184	-0.10008
0.25985	0.2967	-0.079929
0.25907	0.22215	-0.21497
0.23719	-0.19503	-0.14877
0.25465	0.335	-0.069809
0.26724	0.28852	-0.13267
0.24658	0.089168	-0.0019995
0.25063	0.28417	-0.17467
0.24244	0.08481	-0.1888
0.2338	-0.28293	-0.13326
0.24575	-0.12158	-0.071597
0.25064	0.33699	-0.10014
0.24817	0.31814	-0.055439
0.23377	0.049396	-0.055795
0.24988	0.24057	-0.22622
0.24336	0.27143	-0.21309
0.24959	0.16377	-0.24462
0.21962	-0.29401	0.08475
0.24867	0.13035	-0.23212
0.21093	-0.20605	0.10363
0.1975	0.59553	0.16833
0.20068	0.60019	0.15677
0.23549	0.19902	0.084063
0.22923	0.30854	-0.19878
0.24328	0.35582	-0.060164
0.23833	0.34068	-0.042323
0.23574	0.34265	-0.11232
0.20539	0.56596	0.13946
0.22636	-0.099908	-0.038259
0.23285	-0.16809	-0.12952
0.22894	0.31473	-0.15673
0.22846	0.19905	-0.27326
0.22167	0.013498	-0.13039
0.23237	0.061704	-0.016398
0.20363	0.23438	0.071101
0.23041	0.17694	0.08875
0.20998	-0.32632	0.037046
0.22799	0.11631	0.057045
0.22838	0.30222	0.056799
0.22133	0.21548	-0.27227
0.21922	0.37618	-0.048538
0.22315	0.29827	-0.21876
0.21312	0.37818	-0.080818
0.21376	0.1592	-0.29177
0.2218	0.13303	-0.27357
0.22529	0.024273	-0.14643
0.21761	-0.13758	-0.084903
0.18326	-0.28744	-0.13708
0.20746	-0.33918	0.013147
0.21268	0.36272	-0.025142
0.22195	0.29262	-0.23834
0.20639	0.56839	0.15405
0.21356	-0.20057	-0.15754
0.22533	0.1501	0.080203
0.22999	-0.34852	0.00068328
0.20497	0.35368	0.027959
0.21338	0.2496	-0.2743
0.23013	0.09535	-0.23926
0.20824	-0.27145	0.090713
0.20861	-0.24213	-0.15185
0.2002	-0.13124	0.060167
0.21316	0.35884	-0.0052234
0.21575	0.023751	-0.05609
0.21345	0.028013	-0.1985
0.2055	0.39788	-0.18572
0.20384	0.52902	0.13503
0.21457	0.2842	0.072398
0.21852	0.0611	0.021089
0.20072	0.29151	-0.27035
0.17198	-0.3548	-0.034097
0.19835	-0.099433	-0.049771
0.21923	0.3602	-0.13407
0.19378	0.25194	0.067454
0.18393	0.1924	0.10669
0.19593	0.09157	0.09599
0.19597	0.09046	-0.27745
0.19241	0.20065	-0.31009
0.17734	-0.025075	-0.028363
0.18437	-0.10629	-0.011483
0.18505	0.11213	-0.31147
0.1937	-0.0092391	-0.18399
0.16536	0.58722	0.11758
0.20166	0.032654	0.033559
0.19574	-0.0019761	-0.079663
0.1991	0.0081803	-0.19595
0.18378	0.33812	0.08282
0.17464	0.55827	0.17566
0.18274	0.40058	-0.086533
0.19832	0.3739	-0.12473
0.19282	0.1617	0.10801
0.17366	0.60125	0.13929
0.1967	-0.21936	-0.16394
0.19822	0.059194	0.077952
0.19447	0.05247	-0.2562
0.20463	-0.30193	0.069815
0.17204	-0.18012	0.087124
0.17874	-0.13321	-0.046289
0.187	0.31211	0.08011
0.18758	-0.11265	-0.047985
0.19826	0.32827	-0.24068
0.16255	-0.34898	-0.0094578
0.16944	0.23772	-0.32021
0.18221	0.3826	-0.2243
0.16898	0.33049	-0.28056
0.17312	-0.019868	-0.21025
0.14172	0.20087	0.10055
0.17244	-0.13056	0.033092
0.18634	0.40534	-0.1895
0.16966	0.11136	0.13071
0.11976	-0.33989	-0.070854
0.18458	-0.16875	-0.12081
0.19222	0.35029	0.058256
0.15687	0.43853	-0.076563
0.1744	0.53031	0.15174
0.18113	-0.011163	-0.14094
0.15647	-0.27941	0.081967
0.15982	-0.19898	-0.15001
0.16879	-0.030378	-5.149e-05
0.17944	-0.0046159	0.034934
0.1439	0.27439	0.08724
0.16919	-0.28571	0.069451
0.14761	-0.22791	0.092731
0.15557	0.14677	0.13504
0.17074	0.10227	-0.31604
0.17132	0.014326	-0.25163
0.16866	0.17104	-0.33472
0.18032	-0.2411	0.094997
0.1687	0.01018	0.069202
0.18464	-0.14466	-0.076186
0.16104	0.27534	-0.31855
0.15279	0.49532	0.10455
0.17011	-0.14025	-0.036062
0.16855	0.34299	0.10259
0.15368	-0.021408	-0.17788
0.15563	0.42889	-0.14214
0.16573	0.40088	0.042649
0.14773	0.055711	-0.3168
0.15756	0.56635	0.10391
0.14243	0.22442	0.082106
0.16837	0.4811	0.13078
0.16234	0.12813	-0.33288
0.15488	0.43009	-0.10097
0.1452	0.021026	0.10934
0.17048	-0.13778	-0.079894
0.16187	-0.13931	0.029271
0.16872	-0.027874	-0.096175
0.16764	0.38238	0.095976
0.1528	0.59733	0.14191
0.18301	0.41593	-0.033829
0.16478	-0.057334	-0.02507
0.1532	0.061686	0.12755
0.148	-0.1695	0.074476
0.14662	0.46027	-0.019882
0.15388	-0.0096789	0.049659
0.16381	-0.094791	-0.019606
0.15772	-0.048676	-0.089013
0.15459	-0.12608	-0.0036591
0.15094	0.32673	0.10544
0.14981	0.55055	0.18833
0.15573	-0.15774	-0.11888
0.13554	0.24363	-0.34179
0.15443	0.4163	0.094802
0.14748	0.46317	-0.0363
0.15724	0.36654	0.15087
0.16181	-0.11427	-0.050152
0.14588	-0.22889	-0.16321
0.16238	-0.133	-0.093256
0.13806	0.44442	0.0066323
0.16296	-0.32743	0.024285
0.14694	0.43936	-0.21998
0.15196	0.49123	0.14111
0.1344	0.52651	0.08828
0.13708	-0.19871	0.089369
0.16053	-0.089959	-0.07232
0.16504	0.42614	-0.19604
0.15182	-0.13099	0.022386
0.14842	0.43171	0.051067
0.11799	-0.2733	-0.15617
0.15322	-0.0084982	-0.2448
0.13939	-0.04227	-0.15355
0.15532	-0.07583	-0.096103
0.14088	0.43506	0.14549
0.15373	0.3408	0.12783
0.14821	-0.06805	0.0076536
0.15072	-0.11681	-0.11442
0.1855	0.60287	0.16202
0.14477	0.33451	0.17392
0.13368	-0.055527	-0.15537
0.1194	-0.2903	-0.14608
0.14641	0.35054	0.18129
0.13548	0.33301	-0.30909
0.14495	0.53104	0.18681
0.14403	0.51624	0.15222
0.14488	0.44541	-0.15786
0.14509	0.38436	0.1744
0.14614	-0.17752	-0.13526
0.13187	0.50705	0.086326
0.13012	-0.14759	-0.14706
0.13715	-0.35075	-0.031182
0.13733	-0.026317	-0.24523
0.11392	0.099415	0.15372
0.13571	0.44331	0.027518
0.1296	0.14359	-0.35656
0.12739	0.20419	-0.35771
0.12191	-0.062509	0.0585
0.13712	-0.14101	0.05522
0.13062	-0.095268	-0.15147
0.12925	0.38721	-0.27615
0.14128	0.45462	0.13859
0.13916	0.45194	0.12227
0.11189	0.16062	0.14144
0.1325	0.45332	0.076988
0.11042	0.5529	0.11029
0.10909	-0.32064	-0.10788
0.13183	0.10807	-0.34912
0.12694	0.47503	0.082306
0.11694	0.21553	0.083966
0.14101	-0.26156	0.092275
0.11072	0.47699	0.055392
0.12012	0.0083847	-0.2966
0.12125	-0.015151	0.084582
0.12616	0.48135	0.15174
0.12556	-0.029004	-0.20637
0.12336	-0.16617	0.08064
0.13029	0.48827	-0.035936
0.12846	0.50183	0.18758
0.11127	-0.32818	0.0035322
0.12019	0.47293	0.0061786
0.12994	0.063204	-0.33402
0.12711	-0.034815	-0.18702
0.09724	-0.24642	-0.15905
0.12147	0.27927	-0.34381
0.11399	0.18634	0.11958
0.13353	0.45407	-0.11953
0.12453	-0.20725	-0.15411
0.12675	-0.099146	0.057954
0.13041	0.32363	0.17737
0.12296	0.48991	-0.040661
0.12896	0.33152	0.21277
0.1054	-0.021677	-0.27271
0.10937	-0.21659	0.10007
0.10796	0.48072	-0.12767
0.11333	0.25992	0.097197
0.12006	0.47097	0.1767
0.10691	-0.34337	-0.043758
0.13704	0.46432	-0.089
0.10116	0.51971	0.077824
0.11635	0.3911	0.21958
0.1157	0.4427	0.18714
0.09809	0.47045	-0.21762
0.096954	0.072942	-0.35079
0.1151	0.24029	-0.35769
0.10473	0.52273	0.1813
0.11155	-0.14768	0.094095
0.10871	-0.13767	-0.17229
0.10899	0.41348	0.22267
0.10889	0.029601	0.13216
0.11605	0.4701	-0.18103
0.12665	0.57753	0.15066
0.073579	0.37674	-0.3189
0.11	0.47177	0.030107
0.10078	-0.29689	0.068145
0.093519	0.2912	0.16072
0.094349	-0.078036	-0.20474
0.10184	0.28387	0.12543
0.099542	0.5021	-0.080298
0.088976	0.0069513	-0.31229
0.10376	0.48476	0.18161
0.096671	0.4085	0.25352
0.095534	0.45268	-0.24634
0.10471	0.30631	0.31024
0.10066	-0.049621	-0.20112
0.091191	-0.18715	-0.16717
0.11007	0.32208	0.23889
0.098584	-0.17403	0.10147
0.10734	0.29916	0.22187
0.094364	-0.32809	-0.090693
0.10826	-0.012361	0.096741
0.06193	-0.035065	-0.2549
0.095824	0.35863	-0.3221
0.10141	0.51295	-0.028793
0.091889	0.27549	0.25146
0.099186	0.45466	0.19161
0.1018	0.35708	0.24465
0.053419	-0.24781	0.11664
0.087046	0.34894	0.25557
0.097612	-0.10419	0.096432
0.093539	0.19068	-0.37365
0.083091	0.14061	-0.37255
0.085209	0.0087004	0.11286
0.095691	0.042372	-0.33616
0.082875	0.29421	-0.36424
0.086132	0.27117	0.32849
0.094048	0.20201	0.088474
0.095202	0.31053	0.35232
0.093666	-0.20141	-0.16439
0.082709	0.52831	0.12157
0.092556	0.33253	0.27935
0.075268	0.24022	-0.37813
0.095409	-0.094727	-0.19385
0.07483	0.23314	0.10983
0.048634	-0.26968	0.10447
0.077812	-0.2694	-0.15411
0.074488	0.51177	-0.094045
0.087987	0.5226	0.15966
0.080179	0.50738	0.019558
0.07402	-0.048213	0.11735
0.089437	0.51321	0.002394
0.088523	0.48325	0.17657
0.079851	0.26736	0.14264
0.089439	0.50225	0.052246
0.07689	0.52203	0.10407
0.074527	0.20695	-0.37722
0.061484	-0.049101	-0.23095
0.072555	-0.33025	-0.013776
0.07787	-0.12949	-0.19803
0.06618	0.12012	0.15407
0.085772	0.39339	0.26422
0.076628	0.41962	0.2341
0.080483	0.042362	0.13678
0.076979	0.5098	0.15054
0.0735	0.082716	0.15513
0.062153	-0.29954	-0.12559
0.06355	0.33532	0.34211
0.072771	0.25662	0.29553
0.076614	-0.024683	0.12277
0.076274	0.52221	-0.047984
0.084599	-0.085898	0.10208
0.071584	0.51538	0.070639
0.054604	0.099924	-0.36652
0.07816	0.47536	-0.22778
0.070828	0.28632	0.37454
0.077795	-0.019949	-0.28532
0.073192	0.52645	-0.026111
0.069119	0.25105	0.22202
0.073917	-0.20678	0.11553
0.061909	0.45828	0.19837
0.072304	0.16055	0.13597
0.078269	0.49213	-0.176
0.048733	0.17976	0.1098
0.052909	-0.22732	-0.16797
0.071673	0.33942	0.28937
0.041595	0.2264	0.13005
0.068584	0.19912	0.099227
0.055694	-0.1002	0.12986
0.07356	-0.29434	0.061849
0.061673	0.26635	0.35723
0.057442	-0.15969	0.1263
0.069628	0.44394	0.21643
0.070093	0.50031	-0.13895
0.068314	0.48744	0.16293
0.055061	0.012928	-0.32516
0.031774	0.50444	-0.18009
0.056309	0.50591	0.13822
0.053913	0.51735	0.088779
0.057516	0.40411	0.25304
0.065999	-0.071598	0.1283
0.048725	0.23932	0.19595
0.06616	0.35814	0.27629
0.044848	0.24839	0.31573
0.058706	0.22866	0.25402
0.05847	0.24854	0.16971
0.049402	0.37907	0.27353
0.044932	0.52026	-0.067092
0.048748	0.51915	0.048092
0.047456	0.35627	0.30133
0.051246	-0.085818	-0.23006
0.054692	0.32437	0.37806
0.041328	-0.18316	-0.19112
0.048255	0.12306	-0.37703
0.053989	0.25303	0.30385
0.048866	0.46158	-0.25706
0.045279	0.0025005	-0.3112
0.12297	-0.31487	0.030567
0.051682	-0.01827	0.13777
0.041868	0.2816	-0.38267
0.041023	0.20257	-0.38553
0.031836	0.069982	-0.36298
0.036139	0.053897	0.13179
0.024159	0.14278	0.12865
0.026565	-0.011776	-0.30204
0.028122	-0.29496	0.039393
0.045622	0.35726	-0.34791
0.044706	0.52986	-0.0051054
0.035184	0.52123	0.015783
0.037851	0.40663	-0.30615
0.054019	-0.32268	-0.071098
0.041977	-0.32025	-0.030661
0.037158	0.17106	-0.38876
0.044424	-0.20712	0.13908
0.049566	-0.24724	-0.16496
0.043735	-0.10341	-0.22194
0.016226	0.4645	0.19358
0.050715	0.33202	-0.36123
0.050837	0.23982	-0.38602
0.034546	0.48176	0.16424
0.035482	0.22324	0.27316
0.038099	-0.042485	0.13792
0.0040407	0.43835	0.22418
0.047539	-0.13775	0.13946
0.02404	0.51509	-0.11229
0.04034	0.23372	0.2204
0.042359	0.22081	0.26553
0.018806	0.51092	0.107
0.032336	0.26567	0.36633
0.021974	-0.28562	-0.14196
0.03927	0.53329	-0.037815
0.024643	0.21067	0.12387
0.041054	0.31348	0.38348
0.043737	-0.28123	0.088231
0.02303	0.41084	0.23981
0.028834	-0.050181	-0.24461
0.018324	-0.30853	-0.063446
0.030666	-0.29963	-0.12215
0.029539	0.23551	0.1731
0.014204	0.0094046	0.14538
0.024621	0.095027	0.13758
0.029679	-0.30742	-0.088718
0.029384	0.35018	0.3222
0.018197	0.42346	-0.29608
0.0030345	-0.11979	0.15393
0.022722	0.5164	0.068799
0.0060314	-0.059293	-0.24836
0.023649	-0.15346	0.14724
0.014043	0.49642	-0.20418
0.01995	0.31816	-0.37484
-0.0015322	-0.21635	-0.17815
0.022662	0.50679	-0.14245
0.0056022	0.39092	0.26335
-0.013799	0.48759	0.15437
0.041355	0.28822	0.38291
0.016517	0.5288	-0.047457
0.010881	-0.27313	0.11903
0.024529	-0.18768	0.14991
0.021979	0.33477	0.36121
0.020572	-0.25535	0.13412
0.011082	0.16313	0.1201
0.017917	0.22774	0.1425
0.012105	-0.20105	0.15183
0.015965	0.51969	0.012786
-0.01411	0.070094	-0.36319
0.0030446	-0.088275	0.14625
-0.0043384	0.52031	-0.082236
-0.012291	0.52507	-0.048482
0.011167	0.47716	-0.24588
-0.016375	0.13056	-0.38373
0.0063038	0.23918	0.18216
0.0059786	0.2301	0.27313
-0.020544	0.46623	-0.25827
0.029603	-0.16964	-0.20183
0.0012616	0.53375	-0.027503
0.0086012	-0.28378	0.095921
0.0054709	0.23581	-0.39388
0.0078767	-0.034514	-0.2616
-0.01595	-0.036117	0.1459
0.0083588	-0.31778	-0.1235
-0.016829	0.50586	0.092451
0.0086031	-0.2635	-0.15778
0.008365	0.24917	0.31188
-0.013304	0.0073797	-0.31577
-0.0016424	0.21451	0.12612
-0.018376	-0.29111	0.044362
-0.00058111	0.027568	-0.34092
0.00077832	0.14566	0.13281
0.0027209	0.3606	0.29304
0.0069892	-0.11298	-0.22728
0.006592	-0.31618	-0.15243
-0.010935	0.27959	0.3711
-0.001651	0.23104	0.25178
0.0012109	-0.18693	0.14856
-0.011471	0.29828	-0.38398
0.008239	-0.3734	-0.19157
-0.013614	-0.28859	0.0074804
0.0039935	0.38458	-0.33255
0.00083295	0.5007	-0.17713
0.0023698	-0.39983	-0.23304
-0.011425	-0.17697	-0.20045
-0.0036799	-0.28827	-0.16848
3.0056e-06	-0.32883	-0.17858
-0.009628	0.52829	-0.014459
-0.017605	0.49821	-0.19193
-0.0064403	0.2544	0.29071
-0.005584	-0.02468	-0.26816
0.0033613	-0.29891	-0.032311
-0.017929	0.29881	0.37419
0.00060033	-0.3724	-0.22353
0.001515	-0.3177	-0.1052
-0.0017271	0.34374	0.31791
-0.0048169	-0.41457	-0.2226
-0.014754	0.5075	-0.14162
-0.022273	-0.24916	-0.16854
-0.021832	0.27132	0.30131
-0.013943	0.36888	0.27421
-0.013679	-0.38306	-0.15016
0.0067427	-0.35522	-0.15711
-0.02161	-0.23875	0.1342
-0.032414	-0.32385	-0.083183
-0.0029893	-0.40021	-0.27371
-0.022582	0.35387	-0.35739
-0.0065501	-0.42884	-0.29322
-0.030127	-0.26758	0.10558
-0.016549	0.47696	0.17774
-0.028251	0.26338	0.15958
-0.020362	-0.40569	-0.32373
-0.01606	-0.28516	0.073181
-0.011074	0.248	0.20574
-0.020044	-0.37149	-0.25861
-0.014979	-0.43822	-0.24861
-0.0051502	0.090444	0.14371
-0.041952	-0.070535	0.14639
-0.02693	0.4224	0.2242
-0.022287	0.0020946	-0.28736
-0.026004	0.11296	-0.37579
-0.024322	0.17021	-0.38961
-0.01643	0.26646	0.34462
-0.023549	-0.3478	-0.11214
-0.024116	-0.41171	-0.18042
-0.031659	-0.4446	-0.34014
-0.028992	0.18983	0.11886
-0.017336	0.50157	0.12765
-0.038109	-0.20979	0.14387
-0.036099	0.34139	0.26533
-0.0248	-0.065491	-0.24307
-0.038147	0.39844	0.25965
-0.025644	0.05506	0.14289
-0.026857	0.13154	0.15535
-0.026371	0.25416	0.13642
-0.027653	-0.14381	-0.21446
-0.021519	-0.33215	-0.2021
-0.026765	-0.45478	-0.30372
-0.019039	0.44283	0.21526
-0.02858	-0.094181	0.14827
-0.020176	0.26628	0.26922
-0.019791	0.246	0.25211
-0.024657	-0.35675	-0.22922
-0.03131	0.46549	0.18469
-0.034692	-0.36363	-0.12537
-0.016559	-0.094864	-0.23982
-0.029519	-0.43232	-0.21316
-0.035032	-0.016599	0.14967
-0.02391	-0.31472	-0.056965
-0.034089	-0.2932	-0.18426
-0.025061	0.23839	0.12166
-0.025033	0.50377	0.012191
-0.03748	0.30077	0.35135
-0.044287	0.024858	-0.33531
-0.036101	-0.45146	-0.2561
-0.037036	0.30962	0.34522
-0.032207	0.50201	0.14086
-0.044498	0.47913	-0.22578
-0.036598	-0.39092	-0.14267
-0.03258	0.27614	0.26726
-0.039673	0.50257	0.082104
-0.044779	-0.29832	0.074185
-0.055737	0.45759	-0.25741
-0.035186	-0.45114	-0.27818
-0.033272	0.24218	-0.39302
-0.034619	0.1853	-0.38833
-0.054938	0.45544	0.195
-0.043185	-0.070441	-0.23449
-0.031814	0.093704	0.16091
-0.037664	-0.13481	0.15353
-0.035056	0.17018	0.14008
-0.053773	-0.21024	-0.17759
-0.051385	-0.45345	-0.32059
-0.040649	0.50175	-0.12516
-0.067345	-0.008509	0.14419
-0.022313	0.50141	0.053456
-0.038856	-0.032562	-0.25805
-0.055708	0.51038	-0.013077
-0.046914	-0.24943	0.11533
-0.049635	-0.14479	-0.2131
-0.047942	0.22451	0.11151
-0.060195	-0.047876	0.1408
-0.038942	0.28973	0.32114
-0.050269	-0.24644	-0.16611
-0.043564	0.28015	0.21989
-0.041406	-0.34472	-0.21455
-0.040714	-0.40919	-0.32566
-0.047134	-0.37497	-0.26947
-0.038307	0.28314	0.19593
-0.047389	-0.33561	-0.098592
-0.041738	0.28098	0.15534
-0.057128	0.25506	0.10705
-0.063915	0.26693	-0.38277
-0.04653	0.37364	0.24567
-0.049792	0.50959	0.17236
-0.062498	0.025064	-0.33024
-0.05582	-0.32068	-0.023477
-0.047344	0.31304	0.30334
-0.055614	0.022601	-0.29258
-0.035833	0.47905	0.18039
-0.052033	-0.4282	-0.2041
-0.033572	0.51127	0.10864
-0.056011	0.48275	0.050724
-0.038108	-0.31145	-0.042789
-0.070939	-0.17971	-0.19033
-0.061861	0.50848	-0.033611
-0.053683	0.50524	-0.090959
-0.041895	-0.31045	0.0025112
-0.033526	-0.30274	0.040644
-0.050766	0.14184	0.15883
-0.037089	0.40446	-0.31119
-0.052629	-0.12226	-0.21401
-0.073323	0.48771	-0.17627
-0.063279	-0.096435	0.13746
-0.074602	0.19139	0.13619
-0.052591	0.41667	0.21366
-0.072267	0.4713	0.016664
-0.059628	-0.22842	-0.17004
-0.046743	0.27868	0.13041
-0.057765	-0.31663	-0.072521
-0.05371	-0.44921	-0.25782
-0.062125	-0.40301	-0.17845
-0.057094	0.31225	0.1979
-0.062445	0.50445	0.08135
-0.057523	-0.36856	-0.13699
-0.071183	0.023837	0.13834
-0.051263	0.33269	0.24864
-0.060451	-0.21332	0.1306
-0.084846	0.56588	0.15202
-0.056485	-0.16621	0.13994
-0.054852	0.30451	0.27961
-0.061712	-0.38233	-0.26761
-0.046835	0.29801	0.24298
-0.062189	0.21176	0.10084
-0.060301	0.12811	-0.37853
-0.071787	0.10211	-0.36375
-0.057874	0.40183	0.21929
-0.06683	0.37432	-0.32926
-0.051719	0.16309	-0.3853
-0.079726	0.30489	-0.37026
-0.069883	-0.38927	-0.15928
-0.085594	0.56052	0.13288
-0.057128	0.092346	0.16536
-0.070204	0.49121	-0.14139
-0.066988	0.078524	-0.35966
-0.068451	0.43283	0.18649
-0.067176	-0.4135	-0.29597
-0.071282	-0.32075	0.059906
-0.072337	0.22991	-0.38628
-0.095412	-0.19242	-0.17405
-0.069444	-0.15407	-0.20144
-0.070827	-0.32071	-0.10277
-0.06912	0.35509	0.21215
-0.092423	0.55126	0.11641
-0.070087	-0.43568	-0.28572
-0.065069	0.50468	0.19843
-0.07469	-0.3545	-0.20138
-0.075689	-0.087439	-0.22092
-0.093697	-0.33559	-0.025488
-0.088718	0.55255	0.19105
-0.069415	-0.33043	-0.00023397
-0.078851	-0.23221	0.12382
-0.064493	0.32067	0.15511
-0.078129	0.52092	0.19554
-0.08055	0.34625	-0.34682
-0.057698	0.32034	0.22909
-0.07623	-0.29497	-0.15053
-0.084469	-0.25539	-0.14283
-0.070004	0.46215	0.18173
-0.057346	-0.44506	-0.32865
-0.065375	-0.30106	-0.1728
-0.069978	-0.41672	-0.20374
-0.097405	0.25166	0.091133
-0.071791	-0.10886	0.12921
-0.077869	-0.11583	-0.21883
-0.078724	-0.27651	0.10443
-0.07486	-0.42649	-0.25026
-0.072505	0.47594	0.1641
-0.080011	0.29945	0.097064
-0.086181	0.33128	0.17943
-0.078573	-0.31209	-0.091533
-0.092016	0.37649	0.17075
-0.076758	-0.35322	-0.14703
-0.083792	0.2249	0.097031
-0.078872	0.38299	-0.31167
-0.11817	-0.25984	0.12193
-0.092599	0.34897	0.12444
-0.079146	0.34007	0.13665
-0.082699	0.4883	-0.073513
-0.077222	0.043828	-0.33933
-0.079765	-0.39995	-0.25465
-0.091416	0.33985	0.1879
-0.10004	-0.060399	0.10525
-0.085127	0.12792	0.16286
-0.085011	-0.39686	-0.21359
-0.095132	-0.020027	-0.25006
-0.09943	-0.16394	0.12438
-0.077958	-0.31991	-0.14355
-0.088552	-0.37893	-0.19899
-0.085565	-0.30323	-0.11181
-0.079947	0.45749	0.034363
-0.086436	-0.35839	-0.17524
-0.085659	0.16116	-0.37854
-0.080385	0.060222	0.15992
-0.082882	0.2848	0.089399
-0.091747	0.42688	0.14542
-0.087573	-0.28336	-0.12967
-0.091905	-0.02034	0.13137
-0.086761	0.48007	0.091855
-0.093694	0.45528	0.14616
-0.081578	0.50184	0.16318
-0.09314	0.1773	0.14654
-0.090378	-0.33444	0.019415
-0.088241	0.35261	0.19273
-0.086087	0.0072493	-0.29429
-0.076766	0.46798	0.069732
-0.10311	0.21279	-0.37224
-0.10349	-0.11245	-0.21285
-0.094905	0.44024	0.096149
-0.085384	0.49152	-0.014603
-0.11473	0.41909	-0.25998
-0.10067	0.46229	-0.21341
-0.10349	-0.11857	0.11477
-0.099419	0.54459	0.17838
-0.092787	0.47494	-0.10066
-0.099496	0.35125	0.14998
-0.1034	0.034206	0.14952
-0.10622	0.47247	-0.14515
-0.10492	0.42559	0.063426
-0.098467	-0.059869	-0.22219
-0.10864	0.48705	0.14772
-0.093707	0.45133	0.11126
-0.11356	0.27925	-0.35862
-0.09485	0.010269	-0.30221
-0.12032	0.12633	-0.35788
-0.1251	-0.11262	-0.20245
-0.12944	0.4439	-0.0079808
-0.11156	-0.087853	-0.22396
-0.10748	-0.0074771	0.12008
-0.12304	-0.24117	-0.12889
-0.10729	-0.19335	0.12614
-0.11815	-0.16228	-0.18425
-0.11101	0.47185	0.13391
-0.11738	0.26724	0.081169
-0.10862	0.40164	0.11451
-0.10368	0.44268	0.011008
-0.11065	0.38311	-0.29309
-0.12203	-0.28678	-0.11589
-0.10662	0.34676	-0.33149
-0.11376	0.36957	0.11753
-0.13316	0.32772	0.081828
-0.11464	0.093668	0.15788
-0.11615	-0.33949	-0.036234
-0.11803	0.57964	0.15779
-0.10731	0.55375	0.11916
-0.13784	-0.3229	-0.087395
-0.12078	0.45103	-0.21022
-0.11304	0.46606	-0.041783
-0.11095	0.57108	0.17369
-0.10986	-0.30733	-0.10114
-0.12319	-0.0090955	-0.26923
-0.10794	0.18257	-0.37239
-0.12445	0.49628	0.12389
-0.1251	0.40829	0.0060512
-0.12933	-0.31483	0.081128
-0.1144	0.41657	0.023413
-0.12916	0.55492	0.1597
-0.12457	0.39081	0.084856
-0.12633	0.45561	-0.1353
-0.13863	0.12747	0.14846
-0.17619	-0.29491	0.11055
-0.13646	0.017643	0.1295
-0.12817	0.44489	-0.050724
-0.11582	0.45442	-0.10507
-0.13167	-0.059945	0.08208
-0.12455	0.031504	-0.30826
-0.12981	-0.16327	0.11608
-0.1315	0.25089	-0.35946
-0.14328	0.30068	0.071533
-0.1295	0.31628	-0.34041
-0.13897	-0.18412	-0.15084
-0.13993	0.21069	-0.35295
-0.12953	-0.33888	0.011405
-0.13461	-0.01653	0.094706
-0.13921	0.50932	0.13442
-0.13135	-0.05268	-0.21106
-0.13279	0.43268	-0.080236
-0.13028	0.53175	0.12916
-0.13834	-0.21632	-0.12922
-0.1379	0.41645	-0.23965
-0.14191	-0.33546	0.036851
-0.14124	0.13222	-0.34783
-0.14291	-0.23978	0.12928
-0.1362	0.38709	0.043261
-0.15171	0.21509	0.11329
-0.14721	0.42756	-0.020851
-0.15151	0.25627	0.078152
-0.13838	0.0077676	-0.27338
-0.14105	-0.088543	0.076821
-0.14957	0.18385	-0.35121
-0.14533	0.16078	0.13937
-0.14667	0.44138	-0.17364
-0.13721	0.04874	0.14312
-0.16701	0.2823	-0.32378
-0.10928	0.071091	-0.34135
-0.14215	0.35492	0.093143
-0.13841	-0.087819	-0.20717
-0.14522	-0.039315	-0.2159
-0.16744	0.077235	-0.30941
-0.16748	-0.098692	-0.16472
-0.15268	0.43022	-0.20205
-0.15321	0.40791	-0.22672
-0.16114	0.3697	-0.0084592
-0.14123	0.36189	-0.29499
-0.16238	-0.080882	-0.18389
-0.16067	-0.13326	0.087958
-0.15099	-0.070433	0.058961
-0.15739	-0.026351	0.065352
-0.13239	0.56465	0.15218
-0.16184	-0.33004	-0.069829
-0.14359	-0.14876	-0.17439
-0.1401	0.41591	-0.0033002
-0.17577	0.24094	-0.3272
-0.16707	-0.00161	-0.24775
-0.15533	-0.26612	-0.1136
-0.16467	0.36381	0.0057784
-0.16666	0.36601	-0.26508
-0.16617	-0.22806	-0.11395
-0.1631	-0.34142	-0.0074131
-0.17722	-0.05711	-0.16125
-0.15731	0.33267	-0.30862
-0.15459	0.42525	-0.13162
-0.15583	0.35843	0.071835
-0.16051	0.036431	0.12051
-0.16521	0.40989	-0.021256
-0.18868	0.24632	0.078019
-0.15607	0.092614	-0.32406
-0.16045	0.032243	-0.28218
-0.16867	0.31348	0.079021
-0.17603	-0.1694	-0.10777
-0.16747	0.41853	-0.18309
-0.18623	0.12989	-0.31687
-0.16879	-0.14211	-0.14588
-0.18206	0.10671	0.11941
-0.16002	-0.32758	0.078753
-0.19133	0.2701	0.069018
-0.16716	-0.17078	0.10826
-0.18496	-0.14739	0.081081
-0.18856	-0.198	0.12253
-0.16825	-0.045283	-0.17827
-0.17807	0.38387	-0.017559
-0.16793	0.014426	0.089135
-0.17084	0.39378	-0.09965
-0.17423	0.20003	0.10601
-0.17458	0.33297	0.068636
-0.18454	-0.21019	-0.10519
-0.19086	0.34237	-0.022059
-0.18316	0.34133	-0.27263
-0.17066	0.39663	-0.05039
-0.19007	0.36953	-0.2225
-0.18299	0.40824	-0.17831
-0.18632	-0.27805	-0.10385
-0.18932	-0.12905	0.062694
-0.1976	-0.27649	0.12115
-0.1761	-0.098153	0.037899
-0.18344	-0.061686	0.01453
-0.18331	0.34891	0.023439
-0.20994	-0.24262	0.12773
-0.20017	-0.0092136	0.011837
-0.19307	0.37471	-0.038638
-0.18	-0.027378	-0.20744
-0.17788	-0.0037917	0.051833
-0.18795	-0.11359	-0.11447
-0.20463	-0.34008	0.050671
-0.19282	0.2952	-0.2945
-0.1829	-0.29973	-0.096859
-0.18755	0.38441	-0.12351
-0.19906	0.37355	-0.074977
-0.2092	-0.33803	-0.010821
-0.20151	0.10356	0.095796
-0.20779	0.25094	-0.28945
-0.20206	0.011594	-0.21986
-0.20457	0.027967	0.045535
-0.20266	0.091962	-0.277
-0.18984	-0.16953	0.10727
-0.19403	-0.10567	0.00033856
-0.20234	0.22513	-0.30373
-0.1956	-0.32825	-0.047698
-0.19387	0.21857	0.088398
-0.19589	-0.31689	0.1112
-0.19924	-0.037023	-0.010697
-0.18956	0.16002	-0.31716
-0.20128	-0.032487	-0.14306
-0.20138	0.045414	-0.254
-0.1936	-0.15109	-0.088621
-0.20683	-0.30011	0.12608
-0.20235	-0.18581	-0.076396
-0.19574	0.39464	-0.15373
-0.20482	0.16524	0.083447
-0.21897	-0.28721	0.12581
-0.20856	-0.042479	-0.1108
-0.2212	0.32014	-0.037614
-0.20312	-0.096606	-0.069006
-0.2023	0.35495	-0.11948
-0.24487	-0.33606	0.020239
-0.20601	-0.06935	-0.032587
-0.19902	-0.074776	-0.11916
-0.20822	-0.238	-0.090637
-0.20523	-0.12612	-0.041968
-0.20471	-0.12837	-0.013051
-0.21218	0.34849	-0.16126
-0.21178	0.36025	-0.045569
-0.21038	0.33085	0.0063101
-0.21115	0.32987	-0.23274
-0.20839	-0.10985	0.047361
-0.21498	0.34492	-0.077601
-0.21016	-0.15996	-0.03571
-0.20688	-0.32307	0.090267
-0.21439	-0.27274	-0.096077
-0.22037	0.29266	0.038898
-0.22352	-0.21825	-0.068876
-0.22661	0.31185	-0.20499
-0.21664	-0.028216	-0.08192
-0.22128	0.11349	0.063858
-0.21014	-0.037683	-0.044306
-0.21706	0.28702	-0.26221
-0.21785	0.15114	-0.28391
-0.22165	-0.18308	-0.040601
-0.22271	0.22119	0.080205
-0.22897	0.010851	-0.16706
-0.21271	-0.14829	-0.0084241
-0.21529	-0.14133	0.005068
-0.21772	-0.023658	-0.16409
-0.2259	-0.015175	-0.11139
-0.22529	0.013603	-0.036942
-0.23578	-0.21791	0.13162
-0.23703	0.31329	-0.17766
-0.22212	0.33676	-0.048898
-0.26871	-0.29255	0.13196
-0.23038	-0.10962	0.073504
-0.22009	-0.11123	0.027315
-0.22475	0.064279	0.022216
-0.23488	-0.28948	-0.091215
-0.23039	0.30638	0.018925
-0.22475	0.038822	-0.21619
-0.2396	0.12774	-0.24705
-0.23716	-0.17973	0.12953
-0.23082	0.33026	-0.12497
-0.22647	0.088049	-0.24797
-0.23842	0.028989	-0.17418
-0.24719	0.017754	-0.099543
-0.23582	0.15178	0.072135
-0.24117	-0.23335	-0.085075
-0.23066	-0.31035	-0.073033
-0.25514	-0.27988	0.14343
-0.2372	0.12847	0.060502
-0.23521	-0.2642	-0.097496
-0.23758	0.2097	-0.25696
-0.23357	-0.011912	-0.1435
-0.24503	-0.12129	0.012885
-0.23138	-0.1448	0.11263
-0.24368	0.27013	-0.22281
-0.25087	0.18226	0.075818
-0.2518	0.31084	-0.056748
-0.23614	-0.19674	-0.044425
-0.24429	0.049597	-0.043308
-0.2875	-0.3179	-0.025784
-0.24263	0.31233	-0.14772
-0.24381	-0.33398	0.047508
-0.25489	-0.09309	0.054433
-0.22947	0.25323	0.065926
-0.24034	0.085092	-0.22296
-0.24745	0.10109	0.028392
-0.25305	0.27429	-0.1768
-0.25114	0.25208	-0.20542
-0.25149	0.17175	-0.22911
-0.26206	-0.26059	0.13004
-0.25734	0.082283	-0.029888
-0.24602	0.3045	-0.016522
-0.25586	-0.32053	0.083459
-0.24335	0.2361	-0.23054
-0.26738	-0.23075	-0.10799
-0.26497	-0.094945	0.037199
-0.26779	0.2921	0.031236
-0.2502	0.047648	-0.1407
-0.25858	0.21074	-0.1873
-0.25382	0.20293	-0.22159
-0.27807	-0.23086	0.141
-0.25655	0.30557	-0.093079
-0.25323	0.10873	-0.17855
-0.25483	0.13074	-0.20569
-0.2578	0.075004	-0.072057
-0.26859	-0.20793	-0.10541
-0.25533	-0.19955	-0.048736
-0.30505	-0.3205	-0.0031753
-0.2682	0.12262	0.053882
-0.26159	0.29054	-0.11508
-0.25778	0.096868	-0.12154
-0.2717	0.09935	0.0069789
-0.26132	0.17295	-0.18898
-0.27691	0.14956	0.082172
-0.28362	-0.091756	0.08389
-0.27115	-0.18697	0.1451
-0.26838	-0.19586	-0.053941
-0.27503	0.20772	0.080657
-0.26497	0.15125	-0.14615
-0.26365	0.25105	-0.1591
-0.28255	0.12076	-0.10281
-0.25869	-0.11411	0.10073
-0.27231	0.19528	-0.15595
-0.29735	0.27295	0.045078
-0.28541	-0.25294	0.14621
-0.27814	0.095481	-0.02103
-0.263	-0.15173	0.0027805
-0.27869	0.29017	0.0089414
-0.2889	-0.16722	-0.084732
-0.29304	-0.081103	0.060445
-0.2775	0.24722	0.06899
-0.28065	0.29242	-0.040385
-0.27746	0.099066	-0.072165
-0.29302	0.28349	-0.077577
-0.28257	-0.16405	-0.031479
-0.30452	-0.31686	0.0556
-0.28046	0.23739	-0.13741
-0.28313	-0.19959	-0.11147
-0.30111	0.13348	0.083962
-0.31326	0.11067	0.043627
-0.33873	-0.28801	-0.054741
-0.31273	-0.28318	-0.071642
-0.31041	-0.29262	0.10755
-0.30194	-0.26219	0.14742
-0.30906	-0.086426	0.034175
-0.29776	-0.11038	0.010648
-0.30801	0.17657	0.09473
-0.28998	0.14253	-0.11807
-0.32098	0.108	-0.059363
-0.28787	0.18969	-0.1361
-0.29586	0.096505	-0.027453
-0.27297	-0.14344	0.13548
-0.28231	-0.25303	-0.10273
-0.32713	0.12039	-0.078129
-0.33202	-0.14335	0.15102
-0.321	-0.12728	0.13949
-0.30804	0.15251	0.095858
-0.30651	0.24462	-0.10925
-0.31818	-0.18471	0.15419
-0.31068	-0.15262	-0.089243
-0.30736	-0.13458	-0.067545
-0.30798	-0.10906	-0.026023
-0.33101	-0.22615	-0.096982
-0.34401	-0.21367	0.1562
-0.31506	-0.31466	0.03607
-0.31838	-0.079508	0.071909
-0.32638	-0.26379	-0.083042
-0.33245	0.26475	-0.073502
-0.32992	0.10559	0.0091301
-0.33876	-0.10322	0.1238
-0.3198	-0.083186	0.0061094
-0.31834	0.24534	0.067096
-0.32394	-0.10354	-0.041361
-0.31939	0.20284	0.085099
-0.33653	0.15399	-0.098504
-0.31364	0.28558	-0.035852
-0.37175	0.23828	0.079395
-0.32961	0.27623	0.023858
-0.34597	-0.18259	-0.091658
-0.35284	0.14225	0.098424
-0.34948	0.18155	0.095131
-0.34855	0.12042	0.068405
-0.34207	0.24602	-0.086777
-0.35357	0.27085	-0.026339
-0.33906	0.21579	-0.10472
-0.40001	-0.26332	-0.042698
-0.34975	-0.11039	-0.046306
-0.35932	-0.30174	-0.018243
-0.35486	-0.17201	0.15701
-0.35897	-0.083967	0.097158
-0.33938	-0.07198	0.013628
-0.35238	0.12738	-0.055654
-0.33682	-0.072209	0.052249
-0.37024	-0.26206	0.11864
-0.35549	0.16732	-0.082057
-0.37259	0.11733	0.046825
-0.38026	0.15976	0.11157
-0.35829	0.20298	-0.085558
-0.37113	-0.21902	-0.078838
-0.36413	-0.12858	-0.056445
-0.37206	0.13951	-0.04617
-0.32328	-0.31858	0.0195
-0.37877	-0.23381	0.13992
-0.38481	-0.076861	0.032746
-0.37742	0.23003	-0.063552
-0.39179	0.2428	-0.040013
-0.37914	0.14932	0.10864
-0.36748	-0.28927	0.075404
-0.35141	0.11136	-0.011226
-0.38479	0.25619	0.032416
-0.39692	-0.29045	0.04298
-0.38388	-0.24854	-0.06109
-0.38138	-0.29108	-0.020958
-0.37653	-0.073146	0.049039
-0.39217	0.11563	0.0099139
-0.37816	-0.12302	0.14531
-0.40698	-0.1416	-0.03745
-0.38266	0.25835	-0.00088866
-0.40432	-0.14622	0.15234
-0.41198	-0.084731	0.072686
-0.37961	-0.30274	0.02053
-0.39362	-0.094145	0.0056162
-0.39139	-0.17572	-0.063145
-0.39137	0.18404	-0.065537
-0.40952	0.15265	-0.048887
-0.38633	0.15854	-0.057184
-0.39456	0.13813	0.095599
-0.3855	-0.18389	0.15531
-0.38676	0.19167	0.10394
-0.38204	-0.090794	0.10843
-0.39278	0.2061	-0.064633
-0.38891	0.10079	0.11406
-0.40331	0.18711	0.11886
-0.40829	0.12948	0.043976
-0.39412	0.14702	0.11716
-0.39417	0.11663	0.095145
-0.39254	-0.10561	0.12961
-0.39457	0.11678	0.13503
-0.39686	0.093897	0.051544
-0.39848	0.07325	0.12427
-0.40122	0.065906	0.081713
-0.40303	0.22866	0.093458
-0.41609	-0.27916	0.073425
-0.42691	-0.28149	-0.0027026
-0.40701	0.16217	0.1411
-0.42696	-0.11172	0.0064131
-0.41353	0.099092	0.15812
-0.41633	0.12052	0.036508
-0.42455	-0.16394	-0.036294
-0.42385	0.24884	-0.010627
-0.4381	0.21923	-0.031831
-0.41373	0.1365	0.15503
-0.43733	-0.10926	0.11102
-0.43421	-0.20568	0.14446
-0.42129	0.050097	0.0483
-0.41984	0.13864	-0.0069589
-0.42844	0.25632	0.04822
-0.42525	0.21106	0.12629
-0.40494	-0.20799	-0.060381
-0.42863	0.23469	0.10068
-0.42967	0.024707	0.099727
-0.4262	0.071333	0.017639
-0.4312	-0.24327	-0.04203
-0.4392	0.14976	-0.011111
-0.44411	-0.105	0.085572
-0.43584	0.05566	0.16109
-0.42218	0.10048	0.012428
-0.43869	0.16744	0.15595
-0.43502	-0.26332	0.097859
-0.43422	0.132	0.0039128
-0.42946	-0.2703	-0.022495
-0.43333	0.030945	0.13948
-0.43401	-0.28665	0.051372
-0.42859	-0.23732	0.12657
-0.44635	-0.17335	-0.028317
-0.43177	-0.13155	0.13882
-0.45163	0.1732	-0.018112
-0.42518	-0.28651	0.017306
-0.43075	0.12596	0.15937
-0.45964	-0.11209	0.075784
-0.4425	0.071765	0.16438
-0.451	0.092814	-0.021829
-0.44657	-0.16932	0.14584
-0.45205	-0.29476	0.0043216
-0.45153	0.25559	0.015878
-0.44853	-0.14265	0.0012623
-0.43978	-0.21875	-0.044582
-0.44609	0.014524	0.069599
-0.45965	0.026239	0.02609
-0.45617	0.2174	-0.014227
-0.45707	0.04425	-0.0026729
-0.46139	0.19647	0.14433
-0.45681	-0.0025006	0.10868
-0.45893	-0.12452	0.038374
-0.45312	0.25473	0.05039
-0.459	0.13508	0.14526
-0.45152	0.087559	0.15246
-0.46591	-0.25892	-0.044229
-0.46258	-0.27304	0.091432
-0.46578	0.0031005	0.1569
-0.45714	-0.29507	0.045296
-0.4864	0.18709	0.14542
-0.47594	0.11778	-0.034317
-0.45633	0.24974	0.078939
-0.50169	-0.21719	0.12931
-0.46212	-0.11419	0.13255
-0.47834	-0.13906	0.14926
-0.45692	-0.28401	-0.026095
-0.48546	-0.022022	0.12992
-0.47728	0.01937	0.17913
-0.46811	-0.0042239	0.062733
-0.47777	0.0459	-0.019605
-0.50703	0.20486	0.13129
-0.47221	0.10397	0.14791
-0.47271	-0.24039	-0.047104
-0.46687	-0.18599	-0.030612
-0.47857	0.2204	0.11463
-0.46469	0.15907	-0.012275
-0.48427	-0.10795	0.10016
-0.49492	-0.15596	0.14632
-0.48683	0.051749	0.16068
-0.48797	-0.026001	0.086123
-0.49814	0.2322	0.045247
-0.48819	-0.33705	0.011818
-0.48968	0.18544	-0.0084517
-0.48484	-0.21519	-0.04485
-0.49935	-0.11896	0.11747
-0.50234	-0.15699	0.0055842
-0.49852	-0.33944	-0.019195
-0.49888	-0.32621	-0.04162
-0.49901	-0.17911	-0.024586
-0.4742	-0.29005	0.080893
-0.49506	-0.25174	-0.068726
-0.50472	-0.33625	0.072019
-0.48814	0.13968	-0.031987
-0.52205	-0.14704	0.03771
-0.50894	0.21543	0.015158
-0.49736	-0.0050125	0.031304
-0.48399	-0.24011	0.11922
-0.51146	0.19001	0.002267
-0.50364	0.16867	0.13733
-0.4939	-0.29733	-0.061072
-0.50876	-0.35439	0.042794
-0.49715	0.13231	0.14143
-0.51385	0.063492	-0.035554
-0.51816	-0.001038	0.16379
-0.50499	0.001381	0.0093386
-0.52276	-0.13966	0.072872
-0.50835	-0.271	0.11278
-0.51398	-0.026346	0.059503
-0.51255	0.032543	-0.020675
-0.50759	-0.14348	0.13056
-0.51547	-0.036666	0.13494
-0.52839	-0.043751	0.10007
-0.51401	-0.17836	-0.037059
-0.53723	0.20471	0.10293
-0.52515	-0.23917	0.12681
-0.51736	-0.32536	0.089337
-0.53076	-0.19678	-0.067825
-0.52502	-0.18548	0.12589
-0.52571	-0.28775	-0.084309
-0.51593	0.023704	0.16554
-0.53279	0.14671	-0.027479
-0.52453	-0.36631	0.0084944
-0.54082	0.20777	0.057165
-0.51471	-0.02175	0.15206
-0.53418	-0.21745	0.12654
-0.54002	-0.14582	0.038327
-0.53079	0.18195	0.14261
-0.53995	-0.15873	0.0067192
-0.52822	-0.067751	0.1455
-0.53554	-0.25884	-0.090503
-0.537	-0.03558	0.073568
-0.53845	-0.0038019	0.028609
-0.53584	0.10624	-0.03768
-0.52567	-0.22486	-0.082084
-0.53451	-0.29873	0.10762
-0.53188	-0.32332	-0.073728
-0.53407	-0.16266	0.1101
-0.54044	-0.36114	-0.041459
-0.5479	-0.16438	-0.021817
-0.54414	-0.15256	0.074403
-0.53991	0.034862	-0.018761
-0.53647	-0.075257	0.1732
-0.54191	-0.37522	0.020731
-0.52673	-0.35653	0.064045
-0.55684	-0.19639	0.11168
-0.56192	-0.2374	0.11973
-0.57082	-0.25392	-0.099417
-0.54874	0.031432	0.16087
-0.55286	-0.086296	0.19553
-0.57069	0.10202	0.14923
-0.55384	0.12892	-0.022158
-0.55456	-0.33064	0.092348
-0.56476	0.1471	0.0083166
-0.55135	-0.062697	0.10048
-0.55405	-0.0095344	0.042373
-0.55391	-0.033213	0.072389
-0.54085	-0.016174	0.1673
-0.57126	-0.12592	0.19551
-0.56314	0.16785	0.14588
-0.55518	-0.097685	0.14126
-0.5511	0.18853	0.031173
-0.56336	0.072812	-0.025205
-0.57233	-0.18632	-0.056279
-0.55932	-0.21026	-0.082609
-0.57431	-0.35737	0.069128
-0.57035	-0.099543	0.12624
-0.56443	0.10176	-0.030868
-0.5786	-0.38397	-0.020988
-0.57913	-0.17351	-0.022029
-0.57377	-0.073043	0.20524
-0.59321	-0.18221	0.070055
-0.59951	-0.34486	-0.091248
-0.59512	0.074242	0.15183
-0.58474	-0.35174	-0.07899
-0.57557	-0.16366	0.054148
-0.58127	-0.1254	0.20584
-0.57837	-0.1125	0.2117
-0.56753	-0.2036	0.11271
-0.58312	-0.29731	-0.098708
-0.59093	0.1463	0.04675
-0.57436	0.14163	0.15276
-0.5873	-0.011666	0.068241
-0.5914	-0.38319	0.030757
-0.59182	0.044696	0.014236
-0.57442	0.17554	0.10541
-0.57979	-0.27245	0.10351
-0.57963	-0.31366	0.096022
-0.58498	0.092624	-0.012784
-0.59817	0.014724	0.057794
-0.59007	-0.10962	0.14469
-0.58294	0.0015899	0.17557
-0.57906	-0.0774	0.10516
-0.58396	0.16648	0.071234
-0.60042	-0.17866	0.037033
-0.61115	-0.11232	0.17429
-0.58301	0.14717	0.14504
-0.59179	0.01543	0.039413
-0.60276	-0.39186	0.0015769
-0.59841	-0.27261	0.090632
-0.61432	-0.08304	0.11862
-0.61077	0.048978	0.16276
-0.62172	-0.010399	0.1934
-0.59965	-0.18285	0.015751
-0.60715	-0.38075	-0.062944
-0.6011	0.14478	0.11448
-0.61251	-0.30587	0.077621
-0.61279	-0.024532	0.083746
-0.58713	-0.22472	-0.08652
-0.61634	-0.070135	0.21611
-0.60259	0.12029	0.14694
-0.6232	-0.19751	0.040646
-0.61202	-0.09646	0.21356
-0.60954	-0.24456	-0.09142
-0.59518	-0.34896	0.07057
-0.60286	0.068438	0.018009
-0.61786	0.075468	0.1399
-0.61718	0.099623	0.05025
-0.6005	-0.22766	0.099523
-0.62557	-0.10459	0.19923
-0.63114	-0.40036	-0.0247
-0.61279	0.13166	0.08682
-0.6059	-0.28394	-0.1013
-0.62037	-0.22063	0.070242
-0.62411	-0.21349	-0.058733
-0.63889	-0.3905	0.015804
-0.63261	0.053281	0.085394
-0.62351	-0.092315	0.14272
-0.61929	0.11576	0.1205
-0.62117	-0.19475	-0.024609
-0.6241	0.026672	0.077195
-0.63639	-0.37179	0.04127
-0.62497	0.073348	0.13111
-0.62573	-0.36113	0.05639
-0.63156	0.07021	0.11336
-0.6276	0.084195	0.068165
-0.65118	0.046688	0.16932
-0.64178	-0.36255	-0.09874
-0.64075	-0.33006	0.058377
-0.6588	0.019821	0.1885
-0.63564	-0.24651	0.054747
-0.644	-0.040373	0.10875
-0.65317	-0.016228	0.20828
-0.65058	-0.23802	0.035898
-0.65583	-0.05011	0.21889
-0.68647	-0.28979	-0.090133
-0.65247	-0.089178	0.23829
-0.66599	-0.39913	-0.064056
-0.6531	-0.0032875	0.095436
-0.667	-0.22479	-0.03253
-0.66301	-0.33874	-0.10917
-0.6554	-0.086014	0.1683
-0.65356	-0.21903	0.0081423
-0.67182	-0.32492	-0.10776
-0.66721	0.031742	0.099372
-0.66735	-0.27335	0.040845
-0.67564	-0.37125	0.029344
-0.6752	-0.33676	0.043539
-0.67496	-0.041105	0.1307
-0.68347	0.04875	0.15874
-0.67739	-0.40678	-0.031633
-0.70349	-0.26751	-0.06175
-0.66839	-0.064008	0.21651
-0.67477	-0.069188	0.19303
-0.65696	-0.091497	0.20388
-0.68147	0.048377	0.14243
-0.68616	-0.38549	-0.08589
-0.67109	-0.39786	0.00024206
-0.70229	-0.28137	-0.072187
-0.69054	0.017215	0.11781
-0.6859	0.032597	0.1179
-0.68973	-0.36703	0.038868
-0.69125	-0.38939	0.021009
-0.68758	-0.2473	0.004183
-0.69419	-0.40773	-0.002739
-0.70308	-0.041364	0.18455
-0.68867	-0.32298	0.049504
-0.70558	-0.27505	0.018175
-0.70269	-0.042294	0.23399
-0.68865	-0.2947	0.038587
-0.69767	-0.34592	-0.094337
-0.71774	-0.0045275	0.16706
-0.71202	0.028558	0.17746
-0.69478	-0.007604	0.20933
-0.71243	-0.40445	-0.077611
-0.7022	-0.41391	-0.060854
-0.69836	-0.41983	-0.037039
-0.70363	-0.35307	0.063426
-0.70615	-0.32504	0.086973
-0.71494	-0.267	-0.0036301
-0.70983	0.022975	0.14906
-0.70579	-0.41787	0.006952
-0.70707	-0.29761	0.12056
-0.70333	-0.30357	0.072888
-0.7153	-0.27859	0.051852
-0.70479	0.02806	0.19347
-0.71035	-0.022769	0.20124
-0.70878	-0.045543	0.2235
-0.71621	-0.27069	-0.039057
-0.72472	-0.26206	0.086126
-0.71014	-0.3073	0.13125
-0.73309	-0.36867	0.083329
-0.75665	-0.26555	0.17078
-0.72474	0.00013862	0.1856
-0.73566	-0.4509	-0.064683
-0.73528	-0.33715	-0.074276
-0.74435	-0.42845	-0.085125
-0.72661	-0.381	-0.085204
-0.7301	-0.27044	0.0055002
-0.72715	-0.44821	-0.022514
-0.73669	-0.35127	0.11374
-0.74742	-0.44414	0.012657
-0.71766	0.0012901	0.20828
-0.73974	-0.4108	0.048259
-0.74426	-0.28679	-0.030927
-0.72548	-0.32047	0.14799
-0.73964	-0.2443	0.063849
-0.74517	-0.31545	-0.056931
-0.73531	-0.26094	0.030697
-0.7399	-0.25717	0.11624
-0.7503	-0.23553	0.10929
-0.75968	-0.23344	0.03716
-0.76126	-0.41348	-0.089155
-0.75972	-0.2649	-0.0018869
-0.75473	-0.30233	0.16768
-0.75956	-0.34205	0.14201
-0.75028	-0.33467	-0.070289
-0.7631	-0.39167	0.077289
-0.77858	-0.28583	-0.022341
-0.77907	-0.20395	0.13605
-0.76398	-0.41868	0.046832
-0.76815	-0.45686	-0.069795
-0.77304	-0.24598	0.15309
-0.75741	-0.46802	-0.039047
-0.77368	-0.2793	0.17202
-0.7742	-0.22049	0.096319
-0.79487	-0.30614	-0.028766
-0.77976	-0.21859	0.071916
-0.77099	-0.31772	0.15391
-0.77711	-0.38844	0.068647
-0.77837	-0.45896	-0.04133
-0.77833	-0.34187	0.12942
-0.7998	-0.19671	0.061275
-0.79188	-0.21681	0.028431
-0.80219	-0.21736	0.0915
-0.77807	-0.23771	0.01448
-0.77318	-0.44469	0.0076042
-0.79982	-0.4025	-0.073387
-0.79133	-0.27794	0.149
-0.80024	-0.20596	0.12822
-0.8097	-0.40393	-0.056122
-0.79656	-0.42727	-0.078008
-0.79771	-0.22042	0.15285
-0.79475	-0.31198	0.10506
-0.81554	-0.34687	-0.034508
-0.81067	-0.24936	0.12805
-0.81671	-0.23862	0.015565
-0.81828	-0.22998	0.10456
-0.82869	-0.28685	-0.0023378
-0.83258	-0.29767	0.0028341
-0.80905	-0.21384	0.14024
-0.82014	-0.34581	-0.027305
-0.83295	-0.19699	0.079351
-0.83457	-0.25409	0.046872
-0.82456	-0.22254	0.088881
-0.82158	-0.19215	0.059644
-0.83847	-0.26163	0.012006
-0.83524	-0.22078	0.051095
-0.027879	-0.41853	-0.33414
0.75801	-0.17982	0.090794
