-0.54849	0.58106	-0.17825
-0.57098	0.57088	-0.17378
-0.49851	0.57215	-0.12476
-0.50094	0.57367	-0.15742
-0.55523	0.57855	-0.15833
-0.51809	0.56374	-0.11471
-0.50463	0.56415	-0.17873
-0.56305	0.5428	-0.1184
-0.46069	0.55102	-0.14229
-0.46326	0.54523	-0.1568
-0.53756	0.56272	-0.19135
-0.57361	0.55374	-0.15998
-0.56942	0.54469	-0.17402
-0.45934	0.53973	-0.10335
-0.49502	0.54659	-0.095534
-0.58804	0.54118	-0.14299
-0.44244	0.53542	-0.11581
-0.47806	0.53036	-0.17317
-0.55293	0.52752	-0.18012
-0.39234	0.53796	-0.10268
-0.50994	0.53165	-0.18017
-0.39286	0.53732	-0.048817
-0.43832	0.52983	-0.14304
-0.47086	0.53141	-0.089273
-0.40781	0.53726	-0.062627
-0.38685	0.52973	-0.12984
-0.34971	0.52738	-0.024507
-0.44086	0.51089	-0.16528
-0.34059	0.52392	-0.10314
-0.50327	0.50765	-0.17141
-0.54006	0.52802	-0.092913
-0.39026	0.53291	-0.0207
-0.41607	0.52126	-0.15671
-0.44062	0.52923	-0.089774
-0.42667	0.5204	-0.03058
-0.59768	0.51502	-0.13097
-0.60042	0.52392	-0.17415
-0.37861	0.51454	-0.15265
-0.32568	0.512	-0.10826
-0.33455	0.50514	-0.13639
-0.41185	0.51316	0.0025691
-0.45415	0.51183	-0.067784
-0.38079	0.5143	0.0097445
-0.36096	0.5224	-0.0031582
-0.50089	0.51042	-0.073495
-0.29747	0.50582	-0.059802
-0.61693	0.49153	-0.12961
-0.38974	0.4982	-0.17719
-0.58206	0.48698	-0.091831
-0.28255	0.49152	-0.095317
-0.30818	0.50895	-0.04657
-0.59213	0.49476	-0.16144
-0.32149	0.49953	0.0077284
-0.5615	0.50403	-0.17099
-0.62011	0.48606	-0.14759
-0.44776	0.49532	-0.16744
-0.47167	0.49722	-0.067618
-0.45034	0.48662	-0.019483
-0.40163	0.48073	-0.18444
-0.62332	0.47363	-0.15098
-0.27267	0.48442	-0.043186
-0.31104	0.48181	-0.14302
-0.28273	0.47425	-0.12651
-0.35047	0.48447	0.029579
-0.41775	0.47464	0.028067
-0.39116	0.49415	0.026583
-0.2605	0.47345	-0.083571
-0.54604	0.46581	-0.062928
-0.55414	0.46448	-0.15341
-0.46063	0.47414	-0.16199
-0.38169	0.47458	-0.18217
-0.52984	0.47655	-0.157
-0.29414	0.46577	0.0085692
-0.26859	0.4668	-0.017849
-0.60367	0.4434	-0.094204
-0.3465	0.46483	-0.17105
-0.29755	0.4465	-0.15112
-0.57905	0.4776	-0.080652
-0.46017	0.45477	-0.012155
-0.37078	0.45434	0.043741
-0.51331	0.44474	-0.14377
-0.47459	0.47575	-0.058995
-0.61402	0.45287	-0.13103
-0.23613	0.43262	-0.066888
-0.48158	0.44581	-0.055533
-0.40343	0.45553	0.039571
-0.24847	0.44463	-0.035088
-0.32732	0.45691	0.036465
-0.61398	0.43846	-0.10374
-0.52336	0.44594	-0.056241
-0.42118	0.4493	-0.15319
-0.43912	0.46308	0.018759
-0.59132	0.43217	-0.12988
-0.24876	0.4343	-0.1066
-0.33352	0.44753	-0.15353
-0.26571	0.42875	0.0064694
-0.45616	0.44199	-0.14632
-0.27619	0.42369	-0.13857
-0.45071	0.44061	-0.0021488
-0.2518	0.43606	-0.013783
-0.5576	0.43065	-0.067291
-0.4164	0.43691	0.02994
-0.32835	0.43212	-0.13781
-0.28861	0.41957	0.020998
-0.23855	0.43568	-0.050467
-0.61568	0.43028	-0.12158
-0.46975	0.42508	-0.028564
-0.36249	0.42688	0.043364
-0.58979	0.4197	-0.0899
-0.51561	0.43115	-0.05985
-0.23992	0.41254	-0.092828
-0.50399	0.4167	-0.12443
-0.34165	0.40663	-0.11922
-0.21392	0.41233	-0.070544
-0.42423	0.42246	0.010352
-0.38766	0.41324	0.026631
-0.29364	0.41475	-0.14085
-0.56548	0.4079	-0.10747
-0.4862	0.42764	-0.057406
-0.46533	0.40613	-0.12624
-0.51941	0.416	-0.07357
-0.32166	0.40385	0.031933
-0.25663	0.40071	-0.11277
-0.19369	0.39843	-0.012541
-0.5643	0.41106	-0.086573
-0.28813	0.38294	-0.12611
-0.25102	0.39349	0.037968
-0.49142	0.40505	-0.083704
-0.49096	0.40431	-0.10981
-0.24744	0.40199	-0.096389
-0.45348	0.39587	-0.024275
-0.32932	0.34786	-0.097011
-0.37491	0.36823	-0.09872
-0.3488	0.38707	0.025327
-0.16034	0.37583	-0.024308
-0.1873	0.39358	0.022158
-0.2225	0.39931	0.018421
-0.20388	0.38845	0.04119
-0.45538	0.38108	-0.11573
-0.39836	0.37696	0.0013489
-0.2662	0.37972	-0.10117
-0.46325	0.38139	-0.057292
-0.4301	0.38923	-0.11496
-0.21214	0.36546	-0.095042
-0.28359	0.38513	0.045455
-0.30432	0.39258	0.034232
-0.16691	0.36309	-0.059005
-0.23596	0.38219	0.063306
-0.25811	0.37584	0.061932
-0.18777	0.36218	-0.087146
-0.30876	0.36334	-0.11527
-0.47165	0.37806	-0.10225
-0.43389	0.37132	-0.031694
-0.24562	0.37229	-0.088836
-0.16233	0.37097	0.010784
-0.2263	0.3667	0.059845
-0.39051	0.34692	-0.097385
-0.44278	0.36313	-0.074651
-0.28416	0.35745	-0.090282
-0.34532	0.3582	0.010982
-0.29738	0.36285	0.050114
-0.32635	0.36608	0.028199
-0.4285	0.35707	-0.097305
-0.25665	0.34885	0.068703
-0.16725	0.34476	0.046265
-0.4112	0.35636	-0.044989
-0.36237	0.34596	-0.093256
-0.18988	0.35423	0.051836
-0.2143	0.33119	-0.085292
-0.35738	0.34869	-0.0094891
-0.15118	0.32947	-0.052443
-0.26203	0.34512	-0.080857
-0.39246	0.34473	-0.059345
-0.2907	0.33352	-0.070627
-0.32186	0.33883	-0.063627
-0.34421	0.33915	-0.037956
-0.3942	0.34317	-0.086537
-0.18668	0.33279	0.067897
-0.33125	0.33304	-0.014406
-0.35971	0.3371	-0.084119
-0.17875	0.31468	-0.085755
-0.14443	0.33545	0.0158
-0.1468	0.33755	-0.016385
-0.25393	0.32126	0.079637
-0.31762	0.33046	0.023935
-0.1325	0.32032	0.03549
-0.15256	0.33125	0.062433
-0.22994	0.33089	0.075758
-0.30919	0.32331	-0.051829
-0.18283	0.32561	0.087184
-0.16235	0.31474	-0.073716
-0.12864	0.30666	-0.005975
-0.21966	0.31345	0.099607
-0.15508	0.31532	0.084263
-0.13169	0.30784	0.063267
-0.31354	0.31395	-0.012273
0.80893	0.29252	-0.15957
0.8065	0.29118	-0.12009
0.80315	0.27704	-0.21606
-0.30253	0.3075	0.042087
0.78832	0.29412	-0.16507
-0.2911	0.29824	-0.059064
-0.28428	0.31216	0.061918
-0.27732	0.27366	-0.062894
0.78564	0.27386	-0.21097
-0.23433	0.27487	-0.077715
-0.13207	0.2728	-0.036913
0.77388	0.28067	-0.098809
-0.30977	0.30589	0.012924
-0.11627	0.29443	0.021961
0.7669	0.28029	-0.15456
0.82391	0.26905	-0.16775
0.80964	0.28323	-0.089657
0.76058	0.26259	-0.17984
0.81396	0.28346	-0.11757
0.80415	0.27949	-0.059233
-0.22283	0.29653	0.10764
-0.25147	0.30211	0.092799
-0.29898	0.28086	-0.034404
-0.29385	0.26433	0.057757
0.6752	0.28221	-0.046949
0.62001	0.28477	-0.019967
0.80146	0.27971	-0.010471
0.56611	0.2832	-0.028238
-0.27595	0.28391	0.078577
0.57684	0.28431	0.0017051
0.7583	0.2736	-0.11865
0.69119	0.28327	0.00031723
0.77389	0.27951	-0.015776
0.79528	0.28072	0.030905
0.53706	0.28083	-0.023388
-0.2034	0.27995	-0.07899
0.60684	0.28103	0.010454
-0.1323	0.27862	0.07271
0.72972	0.267	-0.077602
0.74882	0.26981	-0.0052739
0.81568	0.26779	-0.20639
0.79018	0.24662	-0.20543
-0.17953	0.30336	0.10171
0.55964	0.27329	0.023297
0.63637	0.27461	0.017847
0.71163	0.27482	-0.010387
0.72593	0.27221	-0.040322
0.6997	0.27707	-0.036237
0.5596	0.26684	-0.064181
0.51051	0.27046	-0.010466
0.52517	0.27118	0.01418
0.77511	0.26848	0.030214
0.82499	0.24996	-0.19156
0.62686	0.27769	-0.057827
0.75554	0.23189	-0.17634
-0.15922	0.2413	-0.064808
-0.11541	0.28238	0.0070325
0.74674	0.26024	-0.14328
-0.30125	0.2546	0.011511
0.7263	0.26331	0.0019879
0.6709	0.26538	-0.086598
0.69341	0.26239	-0.084241
0.7247	0.24394	-0.11476
0.70768	0.26415	0.019311
0.81277	0.26185	0.002332
0.64943	0.25983	0.0346
0.59939	0.25344	0.04887
-0.24716	0.28187	0.10932
0.79481	0.248	0.045576
0.60703	0.25124	-0.088659
0.55153	0.25368	0.050032
0.81272	0.25766	0.032374
-0.2059	0.24308	-0.072993
0.81337	0.24534	-0.0063326
-0.17537	0.26406	0.11515
0.63567	0.24644	-0.11106
-0.21212	0.26524	0.12576
0.82485	0.23653	-0.15477
-0.30558	0.27639	-0.015365
0.81987	0.23368	-0.20729
-0.11713	0.267	0.022762
0.8146	0.2303	-0.063467
-0.14631	0.26167	0.095038
0.4979	0.25165	-0.052331
0.2881	0.26097	0.042723
-0.25868	0.26085	0.12286
0.29845	0.25873	0.009435
0.47896	0.2422	0.0076329
0.56448	0.23231	-0.092751
0.80779	0.24116	0.044521
0.27624	0.25821	-0.0042023
-0.29354	0.23769	-0.03133
0.65969	0.24995	-0.10415
0.34045	0.24853	0.027284
0.22249	0.25082	0.0081856
0.23753	0.25276	0.071985
0.54561	0.244	-0.080541
0.74697	0.2487	0.016041
0.70272	0.24398	-0.10692
0.72983	0.23985	0.021937
0.51033	0.23611	0.050089
0.60611	0.23	-0.11747
0.82991	0.22103	-0.18672
0.49747	0.23851	-0.065225
0.46299	0.23348	-0.015905
-0.26048	0.24161	-0.070163
0.75706	0.23095	0.022828
-0.1441	0.23139	-0.05298
0.80713	0.23734	-0.21311
0.23009	0.25192	0.035594
0.72815	0.22314	-0.12989
0.33382	0.2409	0.061563
0.25444	0.26192	0.042141
0.65238	0.238	0.049805
0.64184	0.2286	-0.11981
0.5454	0.22964	0.066727
0.22611	0.23648	-0.044629
-0.23438	0.2365	-0.080776
0.27208	0.24425	-0.042457
-0.11672	0.24776	-0.0026133
0.28487	0.24083	0.089253
0.76724	0.22736	-0.19403
0.66972	0.22671	-0.12438
-0.3011	0.25671	0.039766
-0.12187	0.24928	0.069097
0.34007	0.2455	-0.017311
0.82609	0.21261	-0.22216
-0.12108	0.23215	-0.030201
0.382	0.23355	0.0075801
0.23557	0.24212	0.089064
0.58327	0.22435	-0.11146
0.70204	0.21525	-0.12198
-0.29887	0.24929	0.095932
0.34467	0.22378	-0.061688
0.20854	0.23743	-0.016199
0.19474	0.23178	0.016894
-0.21159	0.24921	0.14715
0.59018	0.22603	0.069223
0.4707	0.21538	-0.057107
0.72894	0.20932	0.025552
-0.28346	0.23173	-0.048209
0.73257	0.20797	-0.13801
-0.10754	0.23761	0.013607
0.46281	0.23324	0.022791
0.4401	0.22516	-0.015438
0.42103	0.23276	0.029089
0.39478	0.23078	0.032971
0.39927	0.2232	-0.0095522
-0.26719	0.24744	0.14139
0.3044	0.21727	-0.079582
0.48698	0.23282	0.042317
0.81917	0.22004	-0.099493
0.7155	0.2281	0.032838
0.80187	0.21296	-0.23079
-0.12624	0.238	0.1019
0.19474	0.20216	-0.055501
-0.16592	0.24171	0.13199
-0.19518	0.23968	0.16855
0.66332	0.21299	0.053551
-0.30732	0.23404	0.012662
0.33843	0.22987	0.076618
0.50594	0.20399	-0.085204
0.20408	0.23102	0.047037
-0.31968	0.23278	0.042656
0.82435	0.20771	0.014446
0.60695	0.21696	-0.12494
0.64129	0.21122	-0.13567
0.8078	0.20299	0.027377
0.47794	0.22396	0.05732
0.33377	0.20759	0.096639
0.18199	0.22301	-0.012574
0.39385	0.22201	0.060911
-0.24329	0.23605	0.17792
0.2266	0.23871	0.063591
0.33669	0.21235	-0.07851
0.26599	0.22371	0.1074
0.25704	0.22318	-0.068488
-0.26791	0.23826	0.17285
0.7543	0.20305	0.013815
-0.11357	0.22691	0.12225
-0.22561	0.23396	0.20091
-0.094505	0.22953	0.054755
0.82174	0.2035	-0.01407
0.80643	0.17444	-0.21543
-0.30378	0.2282	0.17056
-0.32314	0.23206	0.12238
-0.17645	0.23234	0.19967
0.223	0.21436	0.095855
-0.34005	0.21888	0.045229
-0.14413	0.19877	-0.068753
0.24226	0.19583	-0.082332
-0.072297	0.20513	0.011126
0.55279	0.20631	-0.095413
-0.14478	0.22974	0.1516
-0.13155	0.22512	0.17948
-0.054545	0.21839	0.083675
0.82024	0.17564	-0.21594
0.66676	0.20457	-0.13273
0.76653	0.20082	-0.19636
0.4315	0.19675	0.084023
0.44284	0.20463	-0.048863
-0.095081	0.20516	-0.027324
0.6178	0.20855	-0.14148
-0.07298	0.22009	0.11981
-0.10259	0.22213	0.15001
-0.20531	0.22476	0.21868
0.73778	0.18792	0.0080176
0.71892	0.1876	-0.11892
-0.29928	0.20984	-0.037299
-0.20188	0.21198	-0.073308
0.36641	0.19471	-0.083202
-0.044773	0.21564	0.11671
-0.29668	0.22697	0.19028
0.177	0.21568	0.0084392
-0.32798	0.20726	0.02236
-0.057943	0.2114	0.052358
0.68691	0.17803	-0.12096
0.16844	0.20733	-0.019346
0.40714	0.20119	-0.043224
0.57555	0.18223	-0.12786
0.39146	0.20705	0.080046
0.19574	0.2133	0.063302
-0.26842	0.19989	-0.064662
-0.16293	0.19942	-0.070499
-0.14211	0.21469	0.21679
-0.063582	0.20302	0.16189
0.50358	0.20708	0.069706
0.22037	0.18998	0.10665
-0.35355	0.20765	0.14733
0.39129	0.19005	-0.070243
0.13827	0.19788	0.0050557
0.8328	0.17474	-0.17111
0.62599	0.19916	0.068817
0.77478	0.19464	0.016315
-0.12715	0.20527	-0.055411
0.83102	0.16455	-0.093618
0.23114	0.20887	0.11781
-0.10845	0.21248	0.1967
0.64136	0.17677	-0.14681
0.56684	0.19957	0.078736
-0.34604	0.19572	0.020167
-0.31472	0.21352	-0.010233
0.50938	0.17827	0.076482
0.48341	0.18883	-0.090564
0.14889	0.18541	-0.031907
0.78741	0.18071	-0.20516
-0.36414	0.20517	0.030069
0.75123	0.18713	-0.1638
-0.26226	0.2163	0.22392
0.82453	0.18264	-0.062585
0.18431	0.19828	0.0817
0.27246	0.18294	-0.095986
0.83062	0.1803	-0.20074
-0.037847	0.20378	0.076301
-0.15506	0.20503	0.24267
-0.29254	0.22284	0.20984
-0.36095	0.19149	0.20394
-0.059067	0.19176	-0.021899
0.61549	0.18319	-0.14688
-0.33564	0.20613	0.20301
-0.3244	0.19795	-0.04012
-0.17257	0.21829	0.22975
0.44347	0.17994	-0.071717
-0.030763	0.20091	0.14415
0.7369	0.17677	-0.12812
0.1571	0.19973	0.051828
0.33743	0.16834	-0.1072
0.78934	0.17615	-0.0012066
-0.366	0.1974	0.093499
-0.24091	0.21296	0.24185
0.46495	0.18393	0.08364
0.11691	0.19495	0.010825
0.35614	0.17135	0.10574
0.53836	0.18664	-0.1026
0.14375	0.19274	0.080189
0.75315	0.17219	-0.014219
0.81795	0.18029	-0.0089677
-0.10727	0.182	-0.089472
0.81911	0.1731	-0.048796
-0.080213	0.18066	-0.067417
-0.22678	0.17859	-0.08722
0.67247	0.18797	0.048115
-0.2882	0.20311	0.23901
0.72838	0.16776	-0.097679
0.70925	0.15926	-0.085634
-0.37615	0.1914	0.020321
-0.065275	0.1908	0.18821
0.56727	0.17241	0.079009
0.10586	0.18449	-0.012987
-0.12243	0.19935	0.23656
-0.0034058	0.1875	0.072079
-0.55218	0.16454	-0.165
0.16567	0.18098	0.10689
0.40246	0.17985	-0.066786
-0.40707	0.18661	0.13441
0.69679	0.17494	0.031875
0.79253	0.15193	-0.20927
0.25663	0.15902	-0.097623
0.83577	0.14819	-0.14087
-0.30335	0.18025	-0.076788
0.72946	0.16982	0.0018923
-0.27878	0.18774	-0.068265
0.4782	0.16256	-0.096018
0.39797	0.18722	0.089303
-0.32637	0.17999	-0.069743
0.74908	0.15863	-0.12547
0.65524	0.16197	-0.13593
-0.19266	0.18434	0.27481
-0.35321	0.18104	-0.02433
0.76192	0.1592	-0.16892
-0.35427	0.17698	-0.0021027
-0.014563	0.17352	-0.0014021
-0.0022092	0.18256	0.037882
-0.021588	0.18844	0.12377
-0.031569	0.1777	-0.034442
0.054264	0.18177	0.053835
0.087088	0.17923	0.063664
0.25724	0.16952	0.12888
0.54756	0.16122	-0.11052
0.080249	0.1804	0.02976
-0.12395	0.17353	-0.1046
0.51352	0.16031	-0.10294
0.19686	0.17049	-0.071185
0.03266	0.18079	0.084327
-0.3905	0.16991	-0.0013641
0.80504	0.16924	-0.02633
-0.25983	0.19215	0.26846
-0.30527	0.19338	0.25272
-0.56968	0.14169	-0.15313
0.2175	0.17135	0.11863
0.062309	0.17421	0.019205
0.68278	0.15676	-0.09868
0.0095752	0.17439	0.018883
0.38171	0.15597	-0.098891
0.61143	0.15487	0.068414
0.58222	0.15302	-0.12737
0.65125	0.15791	0.053108
-0.3823	0.1888	0.098819
0.6207	0.15587	-0.14612
0.78123	0.15516	-0.058124
0.061151	0.1595	-0.011965
-0.35961	0.15613	-0.078224
0.094898	0.17024	0.091855
-0.09352	0.16843	0.24873
0.82675	0.15219	-0.095186
0.15709	0.16461	-0.048331
-0.0013389	0.17848	0.11818
0.03281	0.16944	0.12298
0.44743	0.15594	-0.088687
0.40444	0.15243	-0.087313
0.17333	0.16573	0.12246
-0.041342	0.16743	-0.051516
-0.063216	0.14723	-0.106
0.73548	0.15946	-0.037221
-0.12197	0.18537	0.24775
0.83266	0.14735	-0.12897
0.7407	0.15747	-0.068263
-0.568	0.15345	-0.18515
0.39929	0.15201	0.091086
0.76929	0.14269	-0.16458
-0.52683	0.15877	-0.15324
0.76874	0.14942	-0.10693
0.72072	0.15453	-0.062077
-0.24937	0.17348	0.28804
-0.16891	0.1631	-0.11322
-0.41891	0.1655	0.17367
0.10722	0.16226	-0.048588
-0.0018356	0.16129	-0.0082726
-0.40928	0.16619	0.001919
-0.21107	0.16049	-0.10496
-0.38925	0.15737	0.22592
0.66661	0.13671	-0.093392
0.18663	0.1461	-0.068887
-0.31051	0.16542	-0.081653
0.65894	0.13378	0.030268
-0.0092125	0.14903	0.16838
-0.27423	0.16444	-0.068833
0.68936	0.1463	-0.086793
0.043089	0.16284	0.12744
-0.32023	0.1748	0.26677
-0.0301	0.15178	0.20672
-0.15101	0.17931	0.26875
0.46126	0.15399	0.080135
-0.027217	0.15683	-0.041134
0.53373	0.13942	0.068297
0.58481	0.13187	0.067611
0.19973	0.1415	0.13587
-0.02298	0.17214	0.17654
-0.51666	0.15166	-0.16171
0.80545	0.13395	-0.13871
-0.36731	0.16075	-0.044316
0.62373	0.13264	-0.10446
0.23257	0.14637	-0.089354
0.67434	0.12799	-0.068123
-0.34983	0.14367	-0.099594
0.12508	0.14317	-0.067791
0.8026	0.138	-0.20689
0.81895	0.14393	-0.22512
0.3956	0.12022	-0.095203
0.59435	0.13613	-0.11825
0.036625	0.15069	-0.014595
-0.042242	0.14853	-0.088863
-0.49405	0.15242	-0.14145
-0.29221	0.14453	0.3024
-0.11893	0.16085	0.2752
0.074411	0.12789	-0.05918
-0.0027521	0.14375	-0.044805
-0.48867	0.15028	-0.15048
-0.38631	0.14732	-0.013065
0.77976	0.132	-0.15873
0.82085	0.13434	-0.18512
0.28448	0.13768	-0.10339
0.23807	0.15359	0.13454
-0.36375	0.16654	0.24567
-0.5409	0.13174	-0.13374
0.34458	0.13592	-0.10945
0.50349	0.13068	0.05861
0.10739	0.15464	0.11435
-0.021878	0.14442	-0.062227
-0.45458	0.14032	0.13608
0.055653	0.11849	-0.061753
0.54617	0.13799	-0.10179
-0.42673	0.14516	0.057048
0.65522	0.14453	-0.10721
-0.19952	0.13387	-0.1209
0.21936	0.143	0.13225
0.02658	0.14294	0.17286
0.60862	0.12466	0.056838
-0.53524	0.14141	-0.18337
0.46164	0.13897	-0.094165
-0.54242	0.12809	-0.21012
0.31911	0.13966	0.11984
-0.24086	0.15855	-0.089958
-0.38352	0.14264	-0.0728
0.2462	0.13563	0.12915
-0.38337	0.14657	-0.030144
0.27904	0.14206	0.12536
0.67598	0.12795	-0.0091823
0.42664	0.13152	-0.10368
-0.11017	0.13508	-0.12942
0.46336	0.11372	0.057621
0.079777	0.14933	0.14576
-0.25296	0.147	0.30752
-0.16645	0.14463	0.30766
-0.14373	0.13246	0.30445
-0.41363	0.14939	-0.010865
0.54833	0.11326	-0.083457
-0.56865	0.11738	-0.19035
0.17826	0.1227	-0.059627
-0.44534	0.12986	0.070334
0.15789	0.11257	-0.07463
-0.22396	0.14462	-0.10616
-0.44279	0.14834	0.16855
0.64109	0.11634	-0.063849
0.14522	0.12116	-0.080687
-0.57125	0.12611	-0.16007
0.35981	0.13036	0.10271
-0.043897	0.12099	-0.11425
-0.21613	0.15118	0.30874
-0.052629	0.12961	0.24703
-0.41702	0.12889	-0.022142
0.12338	0.13423	0.13269
-0.43303	0.14745	0.0055866
0.53268	0.12582	-0.093405
-0.46101	0.12918	-0.13979
0.17074	0.11041	-0.060357
0.40554	0.12054	0.077433
0.47484	0.11519	-0.084815
-0.33904	0.14784	0.28518
-0.55156	0.11733	-0.20968
-0.45045	0.13183	-0.0057919
0.00011402	0.13104	0.1828
-0.40776	0.14385	0.21478
0.025535	0.1175	-0.063303
0.53569	0.11323	0.053781
0.6046	0.09962	0.023462
0.043267	0.13173	0.17781
0.33291	0.12016	0.10905
0.42914	0.10678	-0.10368
0.19319	0.080569	-0.057495
-0.26367	0.13059	-0.079868
-0.4535	0.11435	-0.12235
-0.44211	0.13265	-0.015953
0.64554	0.10922	-0.041707
-0.1512	0.13213	-0.13402
-0.37093	0.12333	-0.12041
-0.45809	0.1344	0.11569
-0.39558	0.1234	-0.10566
-0.33747	0.12387	0.30405
0.089687	0.12025	0.17589
-0.38225	0.12499	0.26854
0.26596	0.12144	0.11448
-0.073415	0.1223	-0.12927
-0.35761	0.1162	-0.11921
-0.44293	0.11138	-0.15509
0.028809	0.11999	0.19948
0.40227	0.10543	-0.093754
-0.015899	0.10652	-0.091537
-0.41195	0.12332	-0.064689
-0.46002	0.12638	0.17084
-0.22808	0.099361	-0.1023
-0.4724	0.11455	0.14367
0.46343	0.10416	-0.083425
0.53451	0.10077	-0.071713
-0.020111	0.11492	0.21847
0.24156	0.093867	0.12742
0.50269	0.10175	-0.080028
-0.1984	0.10139	-0.12876
0.50404	0.10897	0.040016
0.62275	0.10311	-0.0030929
-0.43113	0.10852	-0.14563
0.33683	0.10197	-0.10202
-0.29691	0.14351	-0.071882
-0.11218	0.12354	0.29758
-0.43472	0.12537	0.20993
-0.4148	0.10785	-0.14546
0.61605	0.10516	-0.042906
0.59148	0.10674	0.047378
-0.27319	0.10394	-0.088558
-0.53137	0.10251	-0.12689
0.4746	0.097537	-0.067972
-0.45678	0.12663	0.03818
0.57388	0.10011	-0.039414
-0.47851	0.10874	-0.11113
-0.1215	0.095708	-0.14664
0.31036	0.11082	0.10546
-0.3447	0.10776	-0.16984
0.16999	0.096513	0.14919
-0.084657	0.1125	0.28551
-0.47985	0.095771	-0.18355
0.43404	0.10101	0.052656
-0.43107	0.10843	-0.062008
-0.41598	0.12082	-0.041251
0.37166	0.10555	-0.099176
0.26798	0.10684	-0.09095
-0.50943	0.10326	-0.22258
-0.24069	0.083111	-0.093961
0.11872	0.11629	0.159
-0.0036341	0.10141	0.20917
-0.33219	0.10269	-0.16644
-0.46598	0.11348	0.075151
-0.064466	0.098142	-0.13387
-0.431	0.10795	-0.11635
-0.46389	0.095737	-0.16793
0.42408	0.086809	-0.082198
0.049045	0.10103	0.20241
0.54018	0.10174	0.040416
0.14724	0.11799	0.14315
0.47247	0.10131	0.033726
-0.16267	0.08946	0.3312
-0.48638	0.099482	-0.010101
0.18223	0.080858	-0.058964
0.11724	0.089672	0.17828
-0.22458	0.12226	0.32613
-0.48547	0.094804	-0.21378
0.21494	0.11444	0.14025
-0.38793	0.091283	-0.19425
0.56843	0.087429	-0.0064217
-0.46313	0.10072	-0.098738
0.17489	0.07942	-0.085326
0.56342	0.090091	0.020492
-0.15555	0.085385	-0.14741
0.48068	0.088534	-0.044264
-0.48625	0.095406	0.086968
0.51729	0.086501	-0.036077
-0.043548	0.095113	0.25883
-0.27946	0.11449	0.32697
0.36222	0.090718	0.070835
-0.51243	0.09367	-0.21528
-0.34247	0.096586	-0.12614
-0.45399	0.095179	-0.078158
-0.32921	0.074704	-0.22993
0.5178	0.086763	-0.0018813
-0.29988	0.10695	-0.091518
0.38905	0.08856	-0.082808
0.48634	0.091351	0.0080277
-0.30904	0.072156	-0.22342
0.27011	0.071371	-0.073984
-0.4959	0.085756	-0.10328
0.1148	0.066533	-0.099222
0.055503	0.052304	-0.11205
-0.0074404	0.065715	-0.11906
-0.31746	0.077959	-0.16232
-0.45774	0.096229	-0.037826
-0.43663	0.091504	-0.18821
0.41067	0.077526	-0.06017
0.48805	0.086563	-0.026562
-0.37434	0.0751	-0.22431
0.030597	0.08598	0.22085
-0.41624	0.082919	-0.19686
0.34787	0.077555	-0.086941
0.44612	0.079476	-0.0083729
-0.25204	0.091923	0.33674
0.079764	0.095726	-0.082958
-0.44522	0.082019	-0.19826
-0.36851	0.087027	0.3033
-0.53981	0.085242	-0.17101
-0.30923	0.072414	-0.18922
0.3632	0.076748	0.052475
0.28072	0.076463	0.078173
0.24185	0.071047	-0.061256
0.42677	0.073953	-0.040646
-0.47023	0.10183	0.18435
0.42609	0.074104	0.0059183
0.1542	0.052709	-0.095538
0.021321	0.059577	-0.11175
-0.33575	0.090775	0.32004
0.40702	0.064554	-0.017944
0.30298	0.075751	0.061648
-0.39814	0.079472	-0.21428
-0.1287	0.093322	0.31931
-0.30773	0.075091	-0.12139
-0.52695	0.08219	-0.14061
0.094751	0.072006	-0.097707
-0.17114	0.067226	-0.14457
-0.22668	0.069734	-0.0971
-0.27818	0.07697	-0.10248
-0.50427	0.071039	-0.1744
-0.452	0.071213	-0.1969
0.37589	0.056816	0.017111
-0.20849	0.090593	0.3372
-0.47091	0.077226	-0.059233
-0.033784	0.073646	0.23968
-0.29929	0.070568	-0.26143
-0.4786	0.076992	-0.078718
0.36342	0.072365	-0.077464
-0.3892	0.069584	-0.24024
0.20897	0.0483	-0.066961
-0.075637	0.06556	-0.13855
0.35733	0.052601	-0.036572
-0.32025	0.066681	-0.26622
-0.49375	0.064675	-0.10303
-0.29477	0.06192	-0.16146
-0.090688	0.05374	0.31403
-0.30262	0.10553	0.32334
-0.39783	0.098011	0.26871
-0.49482	0.080924	0.096904
-0.47401	0.068892	-0.19004
0.32029	0.064918	0.028766
-0.51339	0.065376	0.0027675
-0.2845	0.062228	-0.29861
-0.034351	0.076864	-0.11436
0.30209	0.054136	-0.053155
-0.49831	0.076806	0.1252
0.066559	0.064617	0.21017
0.21118	0.05241	-0.040928
0.26341	0.065437	0.087112
-0.10768	0.055334	-0.14938
-0.23996	0.039069	-0.1177
-0.28382	0.061561	-0.25561
-0.33976	0.05587	-0.2538
-0.50682	0.075522	-0.0077913
-0.30013	0.060588	-0.32037
-0.43706	0.065564	-0.20345
-0.27683	0.050767	-0.34114
0.18609	0.047875	-0.084295
-0.26864	0.050361	-0.22068
-0.26427	0.061028	-0.11217
0.0018074	0.075615	0.21741
-0.40972	0.043052	-0.23159
0.20464	0.073707	0.1485
0.23049	0.059564	0.13504
0.32088	0.05182	-0.013192
-0.47784	0.056688	0.21124
-0.38089	0.057097	-0.25993
-0.28857	0.062208	-0.12959
-0.26814	0.048676	-0.2951
0.2423	0.050221	-0.031971
-0.29136	0.039417	-0.36361
-0.49705	0.059133	-0.1222
-0.48865	0.052961	-0.14697
-0.21561	0.043343	-0.11346
-0.048593	0.06525	0.25595
-0.12487	0.053489	0.33058
-0.49597	0.051082	-0.035278
0.32029	0.049373	-0.034205
0.35655	0.055646	0.022616
0.28311	0.039741	0.0052658
0.20372	0.053322	0.16308
-0.49178	0.0512	-0.079489
-0.27481	0.062155	0.34541
-0.43064	0.070594	0.2519
-0.50454	0.072565	0.021716
-0.20389	0.048913	-0.11763
-0.30851	0.038704	-0.34479
0.13938	0.030184	-0.11289
-0.33357	0.037143	-0.28212
0.24039	0.047609	0.11736
-0.13238	0.039307	-0.14789
-0.47364	0.057884	-0.17989
0.23896	0.039957	-0.023388
-0.25971	0.043504	-0.2398
-0.26525	0.042264	-0.31157
-0.35759	0.035609	-0.2708
-0.506	0.058029	0.080233
-0.26128	0.03542	-0.27621
-0.25376	0.036018	-0.31863
0.24829	0.036	0.092862
-0.49442	0.064787	0.16385
0.17664	0.033322	0.17648
-0.077263	0.027567	-0.12568
0.028997	0.0551	0.21812
-0.17081	0.034725	-0.137
-0.32851	0.057879	0.33508
0.26445	0.036134	-0.0023231
0.26972	0.041002	0.031978
0.24732	0.049674	0.15568
-0.46375	0.037952	-0.18845
-0.075734	0.037153	0.27451
-0.10198	0.031416	-0.14086
-0.432	0.018977	-0.22097
-0.076526	0.044764	0.29986
0.28695	0.050883	0.2241
-0.043157	0.030753	-0.13007
-0.26026	0.03604	-0.14131
-0.47233	0.039738	-0.16879
0.26774	0.048265	0.21363
0.09064	0.013763	-0.12796
0.22653	0.046846	0.17733
0.14985	0.066926	0.1718
0.015116	0.035942	-0.12308
0.26493	0.042289	0.15932
-0.40062	0.066175	0.28462
0.29983	0.052647	0.28492
0.29863	0.04347	0.20587
-0.056796	0.078501	0.27724
-0.27903	0.030102	-0.36797
-0.24402	0.01212	-0.14036
0.16656	0.03434	-0.10486
0.27853	0.04534	0.34919
0.23612	0.016957	-0.035207
0.26554	0.037752	0.3813
-0.49767	0.033667	-0.10747
0.29674	0.045592	0.31356
0.32202	0.032341	0.30368
0.079582	0.027892	0.21267
-0.39595	0.02809	-0.24526
-0.2409	0.015808	-0.21487
0.27491	0.043714	0.2895
0.26333	0.037834	0.25596
-0.25949	0.030957	-0.17684
0.32955	0.028247	0.24683
0.24428	0.039201	0.20298
0.26011	0.031913	0.13357
0.25498	0.024148	0.010676
-0.25027	0.020556	-0.30418
0.1385	0.030147	0.18624
0.062299	0.02567	-0.12106
0.26035	0.038206	0.35837
-0.52943	0.020799	-0.011514
-0.30859	0.0053401	-0.37412
-0.34727	0.020343	-0.28818
-0.52741	0.024527	0.010086
-0.33079	0.021752	-0.31619
-0.51328	0.032189	0.09484
-0.18091	0.014177	-0.11904
-0.19247	0.045655	0.34869
0.29083	0.039653	0.34568
-0.2396	0.0055458	-0.27258
-0.50982	0.008286	-0.066102
0.25368	0.024164	0.23717
-0.20497	0.014378	-0.11825
0.19842	-0.009038	-0.098271
-0.02217	0.020531	-0.13137
0.25818	0.023375	0.27077
-0.028941	0.025435	0.24812
-0.24087	0.007814	-0.28615
0.27873	0.020551	0.15738
0.0070591	0.013608	0.23175
-0.40485	0.039942	0.28963
-0.23751	0.012767	-0.12957
0.057063	0.032279	0.21364
0.26431	0.033137	0.31067
-0.25397	0.016329	-0.33451
-0.49239	0.026701	-0.14106
-0.153	-0.005978	-0.12321
-0.12502	0.0036112	-0.12972
0.24532	0.023887	0.10207
0.32381	0.014149	0.22625
-0.24892	0.014684	-0.16883
0.32922	0.020355	0.27425
0.24738	0.018793	0.063664
-0.29627	-0.0022479	-0.38529
0.30752	0.026798	0.19668
-0.45463	-0.0096656	-0.20318
0.20844	0.031162	0.18672
0.29987	0.015642	0.35067
-0.33716	0.0013672	-0.31823
-0.52258	0.022139	0.032644
-0.25923	0.028767	0.35213
0.24008	0.0099976	0.22043
-0.076932	0.0099546	0.30422
0.0014473	-0.0011428	-0.1249
0.25554	0.014965	0.30292
-0.51441	0.013205	-0.038388
-0.50804	0.028848	0.14703
0.27282	0.0058062	0.14719
-0.35832	0.037832	0.32654
0.13668	-0.014297	-0.11844
-0.32891	0.01759	0.3414
-0.12005	0.012093	0.33174
-0.37583	0.015619	-0.26704
-0.49449	0.031292	0.18941
0.25696	0.0076441	0.34798
0.25899	-0.0037295	0.27353
-0.24437	-0.0086782	-0.16786
0.1729	-0.0055141	-0.11195
-0.50875	0.0088864	-0.097353
-0.4858	-0.0025218	-0.16367
0.30008	-0.0037539	0.18486
0.22444	0.0027224	0.2066
-0.32277	-0.018603	-0.35049
0.23423	-0.016618	-0.037659
0.045954	-0.006618	-0.12197
0.13671	-0.018385	0.18873
0.24448	-0.0049946	0.10622
0.25229	-0.0036772	0.24639
-0.51036	0.0095081	0.13882
0.22607	-0.0018066	-0.066387
-0.47419	-0.021157	-0.17605
-0.45532	0.0117	0.24166
-0.22846	0.01459	0.35274
0.27695	0.012591	0.36681
0.026636	-0.0049135	0.23452
-0.5012	0.00068407	-0.13184
-0.51176	0.005708	0.10979
0.23669	-0.020258	0.027034
-0.34991	-0.011421	-0.29353
-0.51105	-0.025349	-0.1057
0.32445	0.014114	0.30566
0.084452	-0.02473	-0.12279
-0.22969	-0.025447	-0.24455
0.20599	-0.0069358	0.19379
-0.035048	-0.012625	-0.13013
-0.092826	-0.011383	0.31983
-0.044155	-0.0051224	0.26446
0.26894	0.00047158	0.35566
-0.36862	-0.020998	-0.27259
-0.49348	-0.030083	0.19409
0.12813	-0.035294	-0.11522
0.3127	-0.0013883	0.31546
0.22966	-0.02851	0.08698
-0.29838	-0.0024199	0.34806
-0.26158	0.0066223	0.35439
0.31781	-0.0076887	0.22614
-0.25808	-0.031055	-0.33536
-0.066316	-0.011534	-0.12622
0.32506	-0.0075244	0.26017
-0.23193	-0.0090428	-0.12823
0.044233	-0.014113	0.22352
0.27256	-0.008924	0.15705
0.29501	-0.0015938	0.35083
-0.33142	-0.023344	-0.32116
0.23498	-0.033321	-0.0098491
-0.18659	-0.015993	-0.11201
-0.022573	-0.045941	-0.12224
0.23996	0.0056164	-0.00038245
0.092838	-0.039411	0.20228
0.17403	-0.010468	0.18132
-0.51951	0.0028511	0.078528
-0.26643	-0.016088	-0.35636
0.037679	-0.04735	-0.11496
-0.51299	-0.027722	-0.054237
-0.51324	-0.013615	-0.080805
0.1559	-0.025632	-0.11808
-0.153	-0.011717	0.34013
-0.011012	-0.015478	0.2386
-0.24666	-0.023207	-0.29116
-0.50836	-0.037426	-0.14056
-0.28646	-0.05361	-0.34602
0.21352	-0.025038	-0.082272
-0.050494	-0.016895	0.2807
0.20694	-0.042136	-0.046212
-0.12322	-0.01716	-0.12823
0.18289	-0.037062	-0.10055
-0.53104	-0.021042	0.0037323
-0.39982	-0.0096603	0.29763
0.23653	-0.024884	0.12099
-0.47306	-0.043494	-0.18936
-0.51516	-0.022256	0.11497
-0.52162	-0.018023	0.046877
0.27752	-0.011053	0.33011
-0.52607	-0.018006	-0.027098
0.22557	-0.035849	-0.024023
-0.24243	-0.024612	-0.20307
-0.50928	-0.0015277	0.15875
0.29698	-0.018669	0.1955
-0.30129	-0.057062	-0.34429
0.2984	-0.019469	0.294
0.25442	-0.021338	0.2308
-0.25112	-0.029697	-0.16015
0.23903	-0.025336	0.20122
0.275	-0.0171	0.29438
0.00336	-0.038923	-0.11834
0.21297	-0.032023	-0.069991
-0.18301	-0.027966	0.34713
0.14059	-0.047285	0.18213
-0.32953	-0.06624	-0.26492
-0.092401	-0.020156	-0.12336
-0.031077	-0.028018	0.25047
-0.13785	-0.042514	-0.14212
-0.25618	-0.044229	-0.287
-0.34744	-0.036467	-0.27393
0.30896	-0.023221	0.24533
-0.072196	-0.015521	0.30087
0.23859	-0.033176	0.03295
0.29562	-0.044423	0.0042283
-0.3647	-0.0082104	0.32408
0.28297	-0.030928	0.20243
0.23879	-0.033318	0.14944
-0.42484	-0.044018	-0.23003
0.26133	-0.037523	0.00017179
0.080508	-0.044343	-0.11565
-0.044363	-0.071707	-0.10412
-0.3948	-0.049273	-0.25972
-0.2428	-0.030891	-0.12772
-0.23725	-0.039573	-0.24937
0.27706	-0.042415	0.021464
0.21652	-0.033397	0.17368
0.26265	-0.036028	0.19336
-0.52081	-0.031642	0.024807
-0.49432	-0.04099	-0.1689
0.28805	-0.029852	0.24792
-0.46626	-0.046659	0.22303
0.24416	-0.060939	0.083237
-0.20524	-0.045015	-0.10525
-0.51	-0.038041	0.14262
-0.31753	-0.056111	-0.32383
0.18899	-0.038319	0.17149
0.2447	-0.034546	0.17833
-0.26125	-0.049499	-0.2042
0.2225	-0.043734	0.12603
-0.25299	-0.042112	0.34529
0.25137	-0.062243	0.039361
0.2174	-0.054338	-0.036568
-0.26953	-0.057872	-0.31572
-0.27999	-0.064927	-0.26394
-0.51539	-0.040831	0.075279
-0.052687	-0.042887	0.28121
-0.10588	-0.063439	-0.14512
-0.16927	-0.047277	-0.13473
0.2104	-0.052165	0.14865
-0.52713	-0.04856	0.0039655
0.16835	-0.076213	0.17469
-0.45501	-0.073337	-0.20047
0.2954	-0.05415	-0.024761
0.013394	-0.059909	0.22067
0.22549	-0.054983	0.11778
-0.51524	-0.045236	-0.1241
0.3106	-0.067569	0.012481
-0.26602	-0.052739	-0.13812
-0.34534	-0.067273	-0.25133
0.33421	-0.052835	-0.0086462
-0.3948	-0.04664	0.29342
-0.36874	-0.042517	0.31596
-0.13255	-0.043946	0.33339
-0.14805	-0.071057	-0.14665
-0.2917	-0.048771	0.3424
-0.22605	-0.042078	0.34889
0.17673	-0.067222	-0.060463
0.15997	-0.075978	-0.078086
-0.49973	-0.054935	-0.059836
-0.27558	-0.055289	-0.16141
0.25432	-0.059722	-0.033813
0.28605	-0.068838	-0.046937
0.35512	-0.064239	-0.011754
-0.51217	-0.051627	-0.10365
-0.024799	-0.055605	0.23137
-0.39133	-0.063281	-0.25499
-0.18283	-0.064119	0.33982
0.11444	-0.095977	-0.08132
0.26797	-0.070936	0.026421
-0.22104	-0.045062	-0.10612
-0.33633	-0.032926	0.33567
-0.28833	-0.067881	-0.31871
-0.30219	-0.079665	-0.2207
-0.30263	-0.079398	-0.2731
-0.22131	-0.074435	-0.091201
-0.50776	-0.052957	0.11491
-0.49363	-0.069826	-0.080401
-0.16897	-0.072454	0.33224
-0.54655	-0.072553	-0.18345
-0.42499	-0.066517	-0.21945
-0.0020272	-0.069905	-0.10162
-0.19377	-0.05819	-0.12036
-0.30722	-0.070934	-0.3106
0.36279	-0.067211	0.010583
-0.48409	-0.062207	-0.19138
-0.5183	-0.051925	0.039489
-0.11589	-0.07268	-0.14735
0.3855	-0.069118	0.0062056
0.2398	-0.084799	-0.055231
0.19985	-0.078676	-0.051787
-0.52041	-0.066054	-0.11123
-0.47956	-0.078757	-0.2004
-0.32849	-0.067698	0.3244
-0.28984	-0.074933	-0.13112
0.34912	-0.086859	-0.056239
-0.06866	-0.063644	-0.12277
-0.32052	-0.0697	-0.28938
0.057205	-0.055289	0.20773
-0.41513	-0.053901	0.26992
-0.51497	-0.05859	-0.032253
-0.011505	-0.068153	0.21701
-0.26089	-0.080256	0.33389
-0.31571	-0.081057	-0.2355
-0.32732	-0.088427	-0.15583
-0.55873	-0.081463	-0.16893
-0.52806	-0.077142	-0.21032
0.36452	-0.076142	0.052156
-0.29036	-0.067866	-0.1923
-0.18	-0.10075	-0.13942
0.31055	-0.079041	0.023056
0.14202	-0.080642	0.17294
-0.51729	-0.068887	-0.00012104
-0.026858	-0.090671	-0.092047
-0.24378	-0.10413	-0.090149
-0.37681	-0.1121	-0.18875
0.21993	-0.095616	0.1491
-0.26153	-0.076137	-0.10724
-0.49765	-0.066503	-0.038038
0.38583	-0.085235	-0.034756
-0.49032	-0.075431	0.17347
0.25025	-0.079351	0.10994
0.41314	-0.086283	0.013927
0.28746	-0.096968	-0.072151
-0.047134	-0.084853	0.26582
-0.075364	-0.055808	0.30293
-0.51218	-0.068344	0.040478
-0.23299	-0.09826	-0.091145
0.051783	-0.065874	-0.10059
0.16164	-0.10576	-0.062342
0.14051	-0.12956	-0.057711
-0.50136	-0.076461	0.070764
-0.4947	-0.091027	-0.10606
0.0051746	-0.093902	0.19949
0.5518	-0.090902	-0.01118
-0.47512	-0.074385	0.2005
0.34125	-0.088131	0.088125
-0.050927	-0.090304	-0.11083
0.55854	-0.090928	0.030543
-0.41123	-0.08642	-0.20732
-0.31594	-0.088195	-0.18465
0.52575	-0.091828	-0.0031425
0.37596	-0.10151	0.084759
-0.47366	-0.08182	-0.066392
0.30641	-0.083829	0.12064
0.5914	-0.09346	0.0035476
-0.097738	-0.096866	0.30696
-0.53371	-0.090045	-0.11867
0.025607	-0.09213	-0.077915
0.20004	-0.081432	0.15533
0.28526	-0.085872	0.045551
0.58598	-0.098827	0.04576
0.26759	-0.083555	0.10858
-0.44283	-0.093041	-0.18209
0.094308	-0.087126	0.18309
-0.47842	-0.086115	-0.19442
-0.48054	-0.078357	-0.044658
-0.53027	-0.10538	-0.22134
0.31869	-0.088256	0.083797
0.42246	-0.098246	-0.019822
0.30405	-0.09132	0.061399
-0.57369	-0.10473	-0.14932
0.43101	-0.10549	0.044607
-0.1272	-0.07765	0.32169
0.57	-0.10032	-0.027734
0.62834	-0.10735	0.0083989
-0.50478	-0.078629	-0.10016
-0.09785	-0.10104	-0.13819
-0.065171	-0.11488	-0.11485
0.41232	-0.10695	-0.050228
-0.3457	-0.11196	-0.19345
0.34513	-0.09745	0.11961
0.20936	-0.10854	-0.056533
-0.22181	-0.071794	0.33993
0.49796	-0.10461	-0.032298
0.50493	-0.1029	0.026751
0.3668	-0.11685	-0.081144
0.23535	-0.09665	0.14544
0.029281	-0.089265	0.19452
-0.57632	-0.11904	-0.20514
0.27147	-0.098842	0.15238
0.61583	-0.10875	-0.029796
-0.50128	-0.067597	0.10045
-0.4587	-0.095167	-0.099825
-0.39286	-0.08783	0.27556
-0.35862	-0.082023	0.3028
-0.48549	-0.095148	-0.16751
-0.33824	-0.10947	-0.10884
-0.20934	-0.094602	-0.11695
-0.49545	-0.098275	0.0022046
-0.54449	-0.10736	-0.22071
0.45872	-0.10563	-0.015274
0.49591	-0.11235	-0.053676
0.52756	-0.11765	0.064794
0.067634	-0.12758	-0.05106
0.4476	-0.10378	0.013425
0.54681	-0.12343	-0.059677
-0.43881	-0.10368	-0.16239
-0.48453	-0.09244	0.079852
0.15106	-0.12407	0.16455
0.48939	-0.10432	0.0079696
-0.022687	-0.11467	-0.07144
0.10934	-0.11345	0.16187
0.59935	-0.11941	-0.049263
0.64988	-0.11648	-0.0094078
0.46369	-0.12036	-0.059121
-0.48235	-0.097493	-0.025354
-0.44731	-0.097326	0.21591
-0.48613	-0.095607	0.13222
-0.46575	-0.1011	-0.12317
0.58305	-0.10617	0.059169
-0.57266	-0.11513	-0.14703
0.52096	-0.11181	-0.04539
-0.29471	-0.099682	-0.10367
-0.29697	-0.097709	0.31952
0.42908	-0.12316	-0.080513
0.17587	-0.104	0.16666
-0.52936	-0.11978	-0.18584
-0.128	-0.10925	0.31657
0.37229	-0.1132	0.11264
-0.45782	-0.10607	-0.15695
-0.04746	-0.1223	0.24238
-0.3262	-0.098819	0.30755
-0.4622	-0.10471	-0.13352
-0.45314	-0.10934	-0.030671
0.64735	-0.13451	-0.060643
-0.34407	-0.11593	-0.13354
0.35803	-0.13181	-0.08943
-0.033615	-0.087331	0.22063
0.48889	-0.1115	0.030764
0.62072	-0.12088	0.054488
-0.43631	-0.111	-0.11883
0.27264	-0.10676	0.1565
-0.13322	-0.11041	-0.14397
-0.07329	-0.10493	0.2846
-0.20633	-0.15001	-0.11772
0.39709	-0.1273	-0.073981
0.20002	-0.13323	-0.053188
-0.4669	-0.10922	0.08481
0.63922	-0.11869	0.033497
0.032764	-0.11995	0.16554
0.4698	-0.13824	-0.07895
-0.35092	-0.12416	-0.15015
0.45222	-0.1194	0.059118
0.34339	-0.13584	0.13543
-0.55218	-0.11802	-0.13716
-0.18171	-0.089838	0.33251
0.68589	-0.13428	-0.034102
0.80522	-0.13864	-0.19362
-0.22107	-0.14635	-0.10929
-0.49009	-0.11906	-0.13083
0.79146	-0.15501	-0.20234
-0.28469	-0.10979	0.31283
-0.40696	-0.13137	-0.098247
0.81043	-0.15464	-0.21048
0.019775	-0.11786	-0.049277
-0.4768	-0.11169	-0.0050294
-0.58184	-0.12002	-0.17977
0.80011	-0.13576	-0.12703
-0.50552	-0.11871	-0.16772
0.42825	-0.12978	0.091412
0.090735	-0.133	-0.054606
0.81358	-0.14474	-0.12626
-0.36785	-0.12756	0.26078
0.29288	-0.14026	-0.083986
-0.51603	-0.13399	-0.13945
-0.27966	-0.12087	-0.089808
0.8166	-0.14332	-0.17343
0.13285	-0.1187	0.16418
-0.32682	-0.12684	-0.093673
-0.39793	-0.09423	0.25951
-0.1035	-0.1411	-0.12325
0.50136	-0.13735	0.063914
-0.038302	-0.12003	0.19217
-0.42788	-0.12256	-0.067979
0.69587	-0.13671	-0.0077408
0.086309	-0.11683	0.1651
0.42255	-0.1356	-0.09192
-0.46277	-0.12145	-0.012889
0.50775	-0.13218	-0.078565
0.42349	-0.13402	0.10673
-0.38009	-0.14497	-0.092359
0.77518	-0.14116	-0.1625
0.25699	-0.15131	-0.076471
0.21602	-0.12525	0.16074
-0.17732	-0.11555	0.32366
0.82016	-0.1516	-0.19904
-0.021212	-0.11289	0.17738
0.76033	-0.14651	-0.12266
-0.56968	-0.14063	-0.20547
0.79075	-0.14838	-0.079241
0.47959	-0.13103	0.061857
0.80973	-0.15256	-0.071943
-0.45215	-0.1393	0.15213
0.55627	-0.15199	-0.085028
-0.46291	-0.12064	0.043498
0.68183	-0.15021	-0.070514
0.75724	-0.16121	-0.15658
-0.45524	-0.13227	0.17303
-0.58168	-0.1445	-0.18211
0.58329	-0.12895	0.073112
0.45815	-0.15509	-0.08911
0.41185	-0.15071	-0.096144
-0.37335	-0.13248	-0.13499
-0.064532	-0.14248	-0.095067
-0.52197	-0.15888	-0.16107
-0.47047	-0.11564	0.17113
0.65218	-0.14849	0.058992
0.66717	-0.14998	-0.083862
-0.48863	-0.13716	-0.15155
-0.45117	-0.12271	0.069089
-0.014476	-0.14686	-0.027385
0.61421	-0.14323	-0.071645
-0.26628	-0.11927	0.31425
0.70293	-0.1474	0.016758
-0.16576	-0.13977	-0.13313
-0.22897	-0.12399	0.31915
0.7575	-0.15263	-0.085806
0.44912	-0.15035	0.093333
-0.4493	-0.13155	0.10934
0.084648	-0.14768	0.13773
-0.057339	-0.12385	0.24635
0.02295	-0.14416	0.12752
0.72852	-0.15354	-0.021845
0.74845	-0.14991	-0.047676
0.039073	-0.14688	-0.0082752
-0.019254	-0.13153	0.14835
0.72473	-0.15317	-0.047385
0.72264	-0.16185	-0.072482
-0.41742	-0.1417	-0.02837
0.49402	-0.15719	-0.090689
0.53454	-0.15275	0.084194
0.72393	-0.16506	0.021333
0.37985	-0.14343	0.12539
0.20664	-0.14411	0.16146
-0.29865	-0.15044	-0.081026
0.82508	-0.1747	-0.14938
0.68101	-0.15868	0.04982
0.75043	-0.15386	-0.018902
-0.11475	-0.13175	0.29756
-0.45088	-0.13652	0.00134
0.050873	-0.14325	0.13429
0.66664	-0.17557	-0.10599
0.095023	-0.15237	-0.0346
-0.12913	-0.16314	-0.11146
0.49029	-0.1531	0.075082
0.55252	-0.16504	0.090129
-0.4308	-0.1529	0.033799
0.51682	-0.15509	-0.093223
0.82044	-0.15984	-0.10821
-0.41281	-0.13291	0.21294
0.29683	-0.17023	-0.087094
0.79611	-0.16125	-0.0055857
0.01015	-0.15936	0.0097272
0.44703	-0.16926	0.10198
0.62697	-0.16286	-0.10257
-0.011849	-0.15112	0.10041
0.18353	-0.16354	-0.041308
-0.18455	-0.14615	0.30614
-0.35054	-0.14757	-0.10649
0.58674	-0.17074	-0.10612
0.41784	-0.15715	0.11704
0.22276	-0.16682	-0.060809
0.36102	-0.16459	-0.092275
-0.19649	-0.16849	-0.11181
0.11867	-0.155	0.13999
-0.54836	-0.1428	-0.18667
-0.044652	-0.16643	-0.048032
0.49477	-0.18155	-0.096949
0.81483	-0.17077	-0.036285
-0.052243	-0.1707	0.18597
-0.3371	-0.15258	-0.1025
0.73834	-0.17093	-0.10996
0.80481	-0.18988	-0.19293
0.80926	-0.17444	0.018506
0.74272	-0.16521	0.012132
-0.047469	-0.13696	0.22251
0.71035	-0.16802	0.039393
0.339	-0.18067	0.13706
0.18177	-0.15802	0.16154
-0.047258	-0.15121	0.15535
0.013462	-0.1597	0.075956
0.81001	-0.1784	0.044282
-0.098633	-0.15763	-0.10605
-0.37221	-0.16024	-0.068472
0.80916	-0.16775	-0.0096989
-0.26701	-0.14795	0.29616
-0.43801	-0.15149	0.15442
-0.089628	-0.16349	0.2378
-0.3185	-0.15446	0.26662
0.78577	-0.18877	-0.18784
0.47583	-0.17584	0.091721
0.39133	-0.15936	-0.083427
0.29266	-0.15763	0.15546
-0.099002	-0.15405	0.2647
0.62222	-0.18524	-0.11326
-0.41751	-0.15568	0.18074
0.33972	-0.19029	-0.087469
-0.42753	-0.14887	0.061489
0.041777	-0.16268	0.0022425
-0.25299	-0.15678	-0.086937
-0.030018	-0.15602	0.10403
0.70644	-0.18269	-0.094936
-0.39119	-0.1698	-0.019563
0.14856	-0.17994	-0.023779
-0.0091168	-0.15923	0.034861
-0.13179	-0.1639	0.27455
0.502	-0.17681	0.076993
0.54025	-0.18122	-0.097572
0.41944	-0.16853	-0.098524
0.57948	-0.18556	-0.10434
0.72035	-0.18798	-0.10399
-0.56335	-0.1591	-0.17753
0.063339	-0.15793	0.11533
-0.037441	-0.17212	0.043863
0.35528	-0.18313	0.12731
-0.40375	-0.18052	0.017598
-0.40425	-0.16759	0.085444
-0.36494	-0.15641	0.2317
0.088496	-0.17723	0.0049366
0.57822	-0.16563	0.087553
0.03624	-0.16543	0.028781
0.046114	-0.16443	0.083026
0.1027	-0.16973	0.11906
-0.097772	-0.17846	-0.07917
0.45529	-0.18143	-0.087897
-0.22331	-0.17401	-0.10862
-0.31478	-0.17633	-0.092071
0.81529	-0.18368	-0.0090304
-0.42488	-0.15988	0.11554
-0.051087	-0.17122	0.11644
-0.18042	-0.19291	-0.094147
-0.3361	-0.16977	-0.092094
0.74214	-0.18725	0.033472
0.80381	-0.19113	0.056309
0.65489	-0.18967	-0.11606
0.40291	-0.19332	-0.070511
0.82474	-0.19248	-0.17708
0.36841	-0.19862	-0.080048
0.81905	-0.20787	-0.12299
0.6631	-0.18646	0.06479
0.27237	-0.18885	0.14875
-0.21797	-0.17179	0.28662
0.42258	-0.19049	0.11148
0.068585	-0.18127	0.056752
0.12428	-0.18969	0.00055584
0.21988	-0.2084	-0.04708
0.24397	-0.18522	0.15141
-0.42238	-0.17937	0.14124
-0.26143	-0.18133	-0.080953
-0.055758	-0.19062	0.043638
-0.26983	-0.17044	0.27558
-0.16736	-0.17076	0.28461
-0.020713	-0.16378	0.0022332
0.74351	-0.2184	-0.15625
0.80449	-0.22215	-0.21473
0.24683	-0.2056	-0.062444
0.5665	-0.1946	-0.10048
-0.06191	-0.18751	0.15827
0.51845	-0.20538	-0.09517
0.73547	-0.20324	-0.13439
-0.33913	-0.17766	0.22754
-0.053758	-0.18206	0.089436
-0.062073	-0.19034	0.0045414
-0.082879	-0.1832	0.1959
0.1715	-0.19819	-0.018916
0.089954	-0.18577	0.077644
-0.38725	-0.19286	0.096774
0.47278	-0.19306	-0.092226
0.2862	-0.20802	-0.071399
-0.36239	-0.18578	0.18522
-0.28512	-0.18589	-0.083216
0.17747	-0.20142	0.14766
0.81301	-0.19449	0.0043184
0.71895	-0.21182	-0.11083
0.61195	-0.19316	0.082561
0.43829	-0.2009	-0.074144
-0.29858	-0.17535	0.25479
0.20142	-0.20854	0.13566
-0.14294	-0.20846	-0.060799
0.73015	-0.22366	0.038966
-0.12091	-0.1924	0.22639
0.69886	-0.20583	-0.10491
0.82246	-0.22333	-0.18885
0.73737	-0.1996	0.03796
-0.33425	-0.18894	-0.076817
0.59934	-0.20918	-0.11437
-0.091471	-0.19583	-0.036353
-0.1528	-0.19307	0.24037
-0.35408	-0.20161	0.15808
0.099419	-0.19342	0.048777
0.44476	-0.20842	0.083653
0.57185	-0.20126	0.089278
-0.34899	-0.20345	-0.041126
0.78548	-0.21402	0.060506
-0.38256	-0.20903	0.031909
-0.07783	-0.21071	0.062635
0.14188	-0.19487	0.13003
-0.2574	-0.2012	0.24318
0.63117	-0.2175	-0.11734
0.82398	-0.24142	-0.16975
0.31796	-0.21072	0.12924
0.49922	-0.19808	0.076159
0.14043	-0.2114	0.02464
-0.070424	-0.2084	0.11777
-0.38251	-0.19394	0.13436
0.81575	-0.22922	0.056938
-0.28293	-0.20765	-0.075959
0.69786	-0.21347	0.046418
0.37439	-0.20148	0.11218
0.81605	-0.23598	0.032811
-0.223	-0.22057	-0.090869
0.56659	-0.21552	-0.089421
0.12668	-0.20711	0.10055
-0.33634	-0.19724	0.20201
0.40936	-0.22042	-0.044172
-0.22594	-0.19758	0.25633
0.44671	-0.22121	-0.055448
0.65584	-0.21926	0.063688
0.5288	-0.20923	0.082193
0.72866	-0.23703	-0.12314
0.70956	-0.23503	-0.10221
0.52944	-0.22056	-0.083839
-0.37245	-0.20171	0.0086436
-0.35232	-0.21215	-0.027157
0.78044	-0.22616	-0.20715
-0.29895	-0.21357	-0.066693
0.14253	-0.22623	0.08426
0.48454	-0.22719	-0.076555
0.42467	-0.2129	0.094799
-0.12599	-0.21675	0.19639
-0.24569	-0.23002	-0.08247
0.3259	-0.23317	-0.056137
0.48648	-0.21967	0.062153
-0.37921	-0.20143	0.075369
0.81143	-0.25399	-0.19593
-0.11483	-0.22251	-0.0050808
-0.34671	-0.20457	0.12239
-0.092634	-0.21432	0.13339
-0.18968	-0.20292	0.24916
0.64815	-0.2419	-0.098781
0.52615	-0.2407	0.069914
0.56208	-0.25426	-0.066058
0.61396	-0.23471	0.071042
-0.35221	-0.21445	0.021879
0.36795	-0.22982	-0.054388
0.20055	-0.2233	-0.022568
0.60432	-0.23223	-0.082281
-0.15612	-0.21577	0.21475
0.43181	-0.22999	0.064594
-0.11352	-0.2221	0.15914
-0.35542	-0.21747	-0.0054819
0.42927	-0.2307	-0.026732
0.15854	-0.22535	0.11934
-0.30749	-0.22284	0.17608
0.48059	-0.23827	-0.060468
-0.31946	-0.21612	0.00028726
-0.31354	-0.21774	-0.04223
-0.094426	-0.22229	0.072247
-0.28249	-0.20177	0.23241
0.47294	-0.23733	0.037529
0.79461	-0.23902	0.063116
0.78779	-0.25318	-0.19325
0.70885	-0.24169	0.033309
0.14284	-0.23036	0.055611
-0.29381	-0.22773	-0.041405
0.22954	-0.24177	-0.024322
-0.33527	-0.22173	0.021076
-0.20096	-0.2446	-0.065745
-0.12046	-0.23029	0.10562
-0.32106	-0.22517	0.15145
0.42253	-0.23839	-0.0008143
0.15967	-0.23415	0.026669
0.81935	-0.27708	-0.11691
-0.31191	-0.22546	0.020347
-0.11731	-0.23919	0.048554
0.76739	-0.2499	-0.17675
0.19929	-0.25403	0.011677
0.293	-0.23867	-0.04998
0.56374	-0.23399	0.078092
0.70264	-0.253	-0.090396
-0.36326	-0.22263	0.053994
0.65825	-0.24883	0.045718
-0.17188	-0.24596	-0.051728
0.1818	-0.23519	0.12746
0.16773	-0.24295	0.11651
0.51547	-0.25906	-0.050888
0.45787	-0.2437	0.0033069
0.37797	-0.22933	0.082526
0.36848	-0.24583	-0.026559
0.31081	-0.23779	0.10365
-0.17477	-0.21612	0.2277
-0.22811	-0.22349	0.22694
-0.29927	-0.22471	0.18548
-0.15237	-0.22323	-0.050243
0.38711	-0.24708	0.0028778
-0.14122	-0.23438	0.11956
0.24989	-0.22443	0.1304
0.42776	-0.24143	0.035126
0.81198	-0.23316	-0.051927
0.61996	-0.2613	-0.069367
-0.33223	-0.2339	0.07726
-0.30805	-0.23328	0.0068517
-0.32876	-0.22101	0.11564
0.72305	-0.24716	0.026284
-0.15972	-0.23203	0.17327
0.35232	-0.23755	0.085267
0.72223	-0.25526	-0.10141
0.46051	-0.2424	-0.03136
-0.12015	-0.23816	0.075957
0.15717	-0.2466	0.090423
-0.19565	-0.23771	0.1961
0.21664	-0.23174	0.11481
-0.24869	-0.24245	-0.065563
0.81904	-0.27595	-0.18559
0.7837	-0.27885	-0.19375
0.75319	-0.26697	-0.15998
0.27526	-0.23864	0.11223
-0.28103	-0.24792	-0.034673
0.80112	-0.26481	0.032932
-0.28334	-0.23896	0.10784
0.39052	-0.24621	0.03803
-0.30807	-0.23485	0.079768
-0.21199	-0.25586	-0.062175
-0.12414	-0.23947	0.0095314
0.7849	-0.27202	0.021113
0.5726	-0.26731	0.051816
-0.19439	-0.24249	0.15101
-0.1482	-0.24708	-0.023407
0.74897	-0.27229	-0.14609
0.16501	-0.25069	0.044382
0.34495	-0.25628	0.045595
0.65428	-0.26671	-0.070846
0.22842	-0.25688	0.083752
0.72961	-0.26545	-0.0012641
-0.30399	-0.24014	0.069295
-0.25286	-0.25578	-0.051754
-0.28853	-0.24131	0.14011
0.61693	-0.26712	0.040404
0.3444	-0.25253	-0.024273
-0.22814	-0.2378	0.19548
-0.28346	-0.25129	0.10071
0.53166	-0.27858	0.033047
-0.24525	-0.24944	0.13676
0.35937	-0.25572	0.012653
0.81017	-0.269	-0.024128
0.50229	-0.24759	0.050913
0.8076	-0.26256	0.020538
0.29425	-0.25919	0.073555
-0.2677	-0.25215	0.11392
0.25097	-0.26281	-0.0048188
0.69479	-0.26549	-0.064822
-0.14654	-0.25429	0.10197
0.72997	-0.26847	-0.079825
0.31066	-0.26741	0.024683
0.19163	-0.25836	0.09419
0.50192	-0.27151	0.018329
-0.13298	-0.25895	0.0086637
0.26597	-0.26184	0.070874
0.59866	-0.27547	-0.051414
-0.31864	-0.25829	0.036066
-0.2964	-0.23807	-0.020053
-0.18423	-0.24445	0.13314
0.51135	-0.27936	-0.0060674
0.29005	-0.25989	-0.01641
0.69682	-0.26998	-0.0079165
-0.25972	-0.24795	0.12707
0.69871	-0.26956	-0.03684
0.1817	-0.26114	0.065114
0.65755	-0.27206	0.017092
-0.22604	-0.26274	0.12441
-0.18866	-0.26648	-0.066589
0.30373	-0.26606	0.043945
0.6545	-0.27826	-0.038329
0.74124	-0.27637	-0.050313
0.56391	-0.27813	-0.039919
-0.30106	-0.2753	-0.024421
-0.31402	-0.27671	-0.0075873
-0.13052	-0.28228	0.030501
0.76295	-0.27622	-0.014692
0.78906	-0.27899	-0.049332
0.81857	-0.28124	-0.09398
0.77115	-0.28944	-0.16374
0.22573	-0.2692	0.024135
0.76067	-0.28252	-0.088057
0.25006	-0.26827	0.038816
0.6167	-0.27994	0.016208
0.8058	-0.28487	-0.083724
0.20331	-0.27048	0.056735
0.77549	-0.29675	-0.13759
-0.12989	-0.26934	0.048241
0.79098	-0.29904	-0.13739
0.80573	-0.29219	-0.18602
0.61344	-0.285	-0.01086
0.79499	-0.2938	-0.18896
0.56867	-0.28878	0.019992
0.56212	-0.28838	-0.0084177
-0.30561	-0.28443	0.078885
-0.19235	-0.27053	0.11823
0.53388	-0.28568	0.017841
-0.15836	-0.29468	-0.041446
-0.27087	-0.30732	-0.04992
-0.19134	-0.30673	-0.07129
-0.21757	-0.27672	0.11847
-0.14046	-0.27938	0.080433
-0.23437	-0.29643	0.11964
-0.32111	-0.27577	0.019129
-0.32113	-0.28926	0.056913
-0.20332	-0.29547	0.12181
-0.21728	-0.31265	-0.05886
-0.13977	-0.29242	-0.0012632
-0.30493	-0.30931	-0.03475
-0.16036	-0.30136	0.093053
-0.17523	-0.32653	-0.056858
-0.28283	-0.31437	0.098394
-0.14056	-0.31953	0.03482
-0.33907	-0.31007	-0.051684
-0.36148	-0.30897	-0.018665
-0.32528	-0.31499	-0.023737
-0.33623	-0.31457	0.025673
-0.33124	-0.31138	-0.0071535
-0.3934	-0.31651	-0.029989
-0.33759	-0.32458	0.036655
-0.20358	-0.32356	-0.068213
-0.29628	-0.32913	-0.050005
-0.38128	-0.31761	-0.056381
-0.34266	-0.32471	-0.0654
-0.378	-0.33048	-0.070692
-0.24582	-0.33414	0.1024
-0.41928	-0.32876	-0.053331
-0.32465	-0.32428	0.066852
-0.14187	-0.30888	0.065502
-0.1656	-0.33706	-0.034876
-0.40447	-0.33047	-0.075348
-0.20816	-0.33192	0.09929
-0.37872	-0.32899	0.021825
-0.17856	-0.33042	0.079172
-0.20344	-0.34803	-0.066077
-0.30192	-0.34285	0.092859
-0.22122	-0.34123	-0.057178
-0.41622	-0.34087	0.001915
-0.3278	-0.33947	0.057164
-0.2989	-0.35117	-0.079396
-0.27849	-0.34717	-0.06524
-0.4454	-0.34988	-0.029229
-0.17381	-0.36367	-0.016151
-0.34876	-0.34947	-0.067939
-0.25158	-0.33684	-0.056506
-0.43373	-0.3453	-0.092441
-0.17919	-0.36343	0.038114
-0.44048	-0.35833	-0.10694
-0.34482	-0.34646	0.058573
-0.21735	-0.3601	0.085921
-0.19628	-0.3669	-0.052421
-0.22753	-0.3657	-0.050164
-0.31119	-0.35448	0.067898
-0.19438	-0.37864	-0.036992
-0.28148	-0.36664	-0.085869
-0.39046	-0.35032	0.039443
-0.17425	-0.36453	0.015252
-0.31124	-0.37328	-0.077098
-0.2563	-0.36414	0.099375
-0.46644	-0.36734	-0.094721
-0.2537	-0.3617	-0.056431
-0.47072	-0.37092	-0.048684
-0.19594	-0.36734	0.059584
-0.40558	-0.36115	-0.086893
-0.28994	-0.36646	0.075991
-0.38627	-0.37468	0.053992
-0.24319	-0.37915	-0.05283
-0.27537	-0.38673	-0.089261
-0.46768	-0.383	-0.01139
-0.18564	-0.38927	-0.0025425
-0.25961	-0.37824	0.079756
-0.22128	-0.38709	-0.023925
-0.44819	-0.39617	-0.11482
-0.49018	-0.3985	-0.10485
-0.57817	-0.40174	-0.05894
-0.56884	-0.39457	-0.065475
-0.26318	-0.40562	-0.084999
-0.35676	-0.41819	-0.11034
-0.23928	-0.3958	0.061576
-0.21391	-0.3961	0.011667
-0.30052	-0.37928	0.070629
-0.47571	-0.40939	-0.11924
-0.53536	-0.39282	-0.087159
-0.45664	-0.41675	0.022545
-0.49596	-0.39152	-0.078806
-0.19911	-0.39201	0.050055
-0.28067	-0.40997	0.057979
-0.4948	-0.39821	-0.053875
-0.21763	-0.39867	0.032774
-0.41913	-0.42154	0.052717
-0.38044	-0.41093	0.072131
-0.53301	-0.40675	-0.1074
-0.48468	-0.40859	-0.031596
-0.59585	-0.39061	-0.093242
-0.31854	-0.4052	0.067883
-0.23167	-0.41268	-0.013193
-0.57421	-0.3947	-0.10214
-0.30633	-0.41037	-0.093196
-0.53415	-0.41422	-0.036721
-0.58685	-0.43527	-0.11124
-0.4547	-0.39051	0.010447
-0.47358	-0.41381	-0.0075106
-0.23729	-0.4134	-0.045835
-0.26325	-0.42042	0.046585
-0.29825	-0.42564	-0.10531
-0.6002	-0.43489	-0.099088
-0.28178	-0.42559	-0.10101
-0.49916	-0.42509	-0.11961
-0.3564	-0.44498	0.071937
-0.24031	-0.42139	0.026505
-0.51954	-0.42987	-0.02906
-0.43403	-0.43285	-0.12828
-0.35259	-0.43769	-0.11562
-0.38047	-0.4258	0.07443
-0.48106	-0.44043	-0.020106
-0.31453	-0.44786	-0.11419
-0.23792	-0.4338	-0.01448
-0.31739	-0.48631	0.032993
-0.58826	-0.43996	-0.058039
-0.45635	-0.4261	0.032384
-0.33857	-0.44557	-0.12223
-0.60213	-0.43545	-0.079494
-0.56048	-0.45482	-0.036144
-0.46601	-0.45537	-0.0055694
-0.49708	-0.44802	-0.027704
-0.27544	-0.44471	-0.086522
-0.24942	-0.44378	-0.039553
-0.27002	-0.46074	0.0061356
-0.41423	-0.44848	0.055349
-0.62397	-0.45773	-0.098094
-0.45047	-0.44957	-0.1327
-0.38469	-0.48118	-0.14096
-0.33588	-0.47142	0.055767
-0.61292	-0.44985	-0.12031
-0.62488	-0.46776	-0.12951
-0.55464	-0.45419	-0.12338
-0.47509	-0.47813	-0.1343
-0.59126	-0.48169	-0.12882
-0.37008	-0.50044	-0.12449
-0.44904	-0.47038	0.020275
-0.47681	-0.47181	-0.033377
-0.58635	-0.47152	-0.056834
-0.28296	-0.47989	-0.024875
-0.32469	-0.49009	-0.088757
-0.60958	-0.47291	-0.077051
-0.39839	-0.49008	0.036517
-0.38782	-0.47094	0.056822
-0.62566	-0.47643	-0.12063
-0.28548	-0.47703	-0.046055
-0.53885	-0.47417	-0.12682
-0.42902	-0.49696	-0.13886
-0.4475	-0.49436	-0.020441
-0.60106	-0.49497	-0.12765
-0.32725	-0.49801	-0.070229
-0.46428	-0.49721	-0.046528
-0.42437	-0.5017	0.0079044
-0.33854	-0.49951	0.034397
-0.33661	-0.50515	-0.051291
-0.54573	-0.5057	-0.051529
-0.57172	-0.51903	-0.068814
-0.60267	-0.51534	-0.10002
-0.60998	-0.50454	-0.11535
-0.50915	-0.50288	-0.044707
-0.40566	-0.51665	-0.12508
-0.40799	-0.50137	-0.14521
-0.46716	-0.51319	-0.13325
-0.39737	-0.51453	0.0074191
-0.42265	-0.51493	-0.039188
-0.44579	-0.51954	-0.11735
-0.38266	-0.51996	-0.099696
-0.44621	-0.52075	-0.069828
-0.36322	-0.51474	0.00011121
-0.52454	-0.54106	-0.13887
-0.3879	-0.51963	-0.034206
-0.39016	-0.52727	-0.071358
-0.41585	-0.52743	-0.092708
-0.59988	-0.53127	-0.14235
-0.51457	-0.51186	-0.13506
-0.42418	-0.52474	-0.069415
-0.48222	-0.53128	-0.059004
-0.44227	-0.52297	-0.10027
-0.59538	-0.53783	-0.10363
-0.47946	-0.54621	-0.078354
-0.56967	-0.55485	-0.13841
-0.54431	-0.56573	-0.083202
-0.61808	-0.53326	-0.13736
-0.48311	-0.55333	-0.10144
-0.58139	-0.52684	-0.13759
-0.58569	-0.54641	-0.12485
-0.57998	-0.55306	-0.10174
-0.52051	-0.54512	-0.066528
-0.52839	-0.573	-0.12566
-0.51204	-0.56764	-0.081082
-0.56814	-0.57957	-0.13195
-0.56467	-0.57712	-0.10897
-0.52827	-0.58014	-0.10168
0.25422	0.029805	0.37813
0.79827	-0.27276	-0.20468
-0.60484	-0.4035	-0.083666
