3	824	837	896
3	812	853	861
3	719	774	754
3	777	916	959
3	909	777	959
3	1029	959	988
3	896	909	1042
3	1042	909	1029
3	972	1042	1094
3	951	971	1050
3	867	879	951
3	844	867	957
3	879	898	951
3	957	951	1050
3	966	957	1050
3	1029	988	1051
3	1042	1029	1051
3	1194	1109	1235
3	1044	1168	1111
3	1121	1050	1136
3	1121	1136	1180
3	1215	1111	1168
3	1059	1003	1024
3	1442	1369	1481
3	1286	1333	1347
3	1285	1311	1367
3	1285	1367	1469
3	1379	1401	1457
3	1581	1535	1598
3	1462	1442	1529
3	1524	1333	1462
3	1347	1333	1524
3	1787	1780	1792
3	1727	1714	1780
3	1868	1877	1907
3	1905	1868	1907
3	1898	1868	1905
3	1916	1907	1926
3	1858	1898	1878
3	810	757	843
3	810	843	884
3	690	660	706
3	660	598	677
3	624	584	739
3	677	598	719
3	603	690	739
3	719	598	610
3	584	603	739
3	677	719	754
3	719	610	774
3	774	610	715
3	715	808	827
3	774	715	827
3	813	808	792
3	827	808	865
3	808	813	865
3	865	813	866
3	866	813	885
3	610	524	715
3	524	651	715
3	651	643	792
3	715	651	808
3	808	651	792
3	843	824	905
3	824	896	905
3	972	896	1042
3	909	959	1029
3	884	843	905
3	810	884	898
3	898	884	971
3	884	905	972
3	971	884	972
3	905	896	972
3	898	971	951
3	972	1094	1069
3	971	972	1069
3	879	810	898
3	966	844	957
3	1044	966	1050
3	1001	975	923
3	923	966	1001
3	966	1044	1001
3	828	861	910
3	861	853	910
3	852	828	936
3	828	910	936
3	853	923	910
3	923	853	844
3	936	910	975
3	923	844	966
3	975	910	923
3	827	865	928
3	866	885	911
3	865	866	928
3	928	866	970
3	866	911	1004
3	928	970	1020
3	1003	928	1020
3	866	1004	970
3	1004	911	1015
3	1024	1003	1020
3	1020	970	1004
3	1064	1020	1004
3	1135	1094	1194
3	1135	1194	1235
3	1185	1135	1265
3	1135	1235	1265
3	971	1069	1096
3	971	1096	1050
3	1069	1094	1096
3	1096	1094	1135
3	1050	1096	1136
3	1136	1096	1152
3	1096	1135	1152
3	1136	1152	1207
3	1152	1135	1185
3	1152	1185	1331
3	1001	1044	1111
3	1086	1001	1111
3	1180	1136	1207
3	1180	1207	1286
3	1080	1001	1086
3	1080	1086	1126
3	1126	1086	1158
3	1086	1146	1158
3	1086	1111	1146
3	1146	1111	1215
3	1158	1146	1192
3	1158	1192	1202
3	1158	1202	1206
3	1206	1202	1238
3	1146	1215	1192
3	1024	1020	1064
3	1064	1004	1117
3	1117	1004	1015
3	1024	1064	1144
3	1024	1144	1162
3	1144	1064	1177
3	1064	1117	1177
3	1162	1144	1189
3	1189	1245	1264
3	1144	1177	1203
3	1144	1203	1259
3	1189	1144	1259
3	1349	1346	1352
3	1352	1346	1384
3	1346	1365	1384
3	1380	1346	1349
3	1395	1380	1349
3	1384	1365	1434
3	1349	1352	1471
3	1352	1384	1535
3	1395	1349	1488
3	1352	1535	1471
3	1488	1349	1471
3	1265	1235	1266
3	1265	1266	1369
3	1185	1265	1331
3	1152	1331	1207
3	1331	1265	1369
3	1207	1331	1413
3	1331	1369	1413
3	1413	1369	1442
3	1462	1413	1442
3	1286	1207	1333
3	1333	1207	1413
3	1333	1413	1462
3	1192	1215	1311
3	1285	1192	1311
3	1202	1192	1285
3	1238	1202	1324
3	1238	1324	1340
3	1202	1285	1324
3	1213	1268	1401
3	1268	1340	1401
3	1379	1213	1401
3	1340	1324	1457
3	1401	1340	1457
3	1324	1285	1469
3	1457	1324	1469
3	1253	1251	1284
3	1284	1251	1318
3	1251	1295	1318
3	1318	1295	1321
3	1321	1295	1329
3	1307	1321	1329
3	1281	1307	1329
3	1329	1295	1351
3	1295	1251	1213
3	1351	1295	1379
3	1379	1295	1213
3	1281	1175	1230
3	1307	1281	1230
3	1307	1230	1348
3	1230	1264	1343
3	1264	1245	1343
3	1230	1343	1363
3	1348	1230	1363
3	1321	1307	1348
3	1284	1318	1357
3	1318	1321	1407
3	1357	1318	1407
3	1348	1363	1407
3	1357	1407	1403
3	1407	1363	1403
3	1189	1259	1245
3	1259	1309	1245
3	1245	1309	1343
3	1309	1259	1397
3	1363	1343	1510
3	1343	1309	1510
3	1363	1510	1403
3	1384	1434	1535
3	1395	1488	1623
3	1488	1471	1553
3	1553	1471	1535
3	1488	1553	1623
3	1553	1535	1581
3	1553	1581	1633
3	1633	1581	1598
3	1623	1660	1674
3	1552	1623	1674
3	1623	1633	1660
3	1552	1395	1623
3	1633	1598	1712
3	1660	1713	1674
3	1633	1712	1998
3	1660	1633	1998
3	1674	1713	1714
3	1713	1660	1998
3	1998	1712	1790
3	1714	1713	1780
3	1713	1998	1792
3	1780	1713	1792
3	1998	1790	1792
3	1846	1848	1860
3	1874	1848	1882
3	1860	1848	1874
3	1848	1873	1882
3	1898	1905	1913
3	1878	1898	1913
3	1905	1907	1916
3	1905	1916	1921
3	1912	1878	1913
3	1912	1913	1932
3	1392	1508	1506
3	1392	1458	1508
3	1638	1597	1619
3	1597	1533	1619
3	1533	1580	1619
3	1533	1440	1580
3	1440	1500	1580
3	1678	1619	1705
3	1619	1618	1705
3	1552	1674	1714
3	1619	1572	1618
3	1618	1558	1552
3	1580	1572	1619
3	1558	1618	1572
3	1500	1572	1580
3	1509	1558	1572
3	1500	1509	1572
3	1395	1552	1558
3	1509	1470	1558
3	1470	1395	1558
3	1426	1470	1509
3	1537	1697	1779
3	1671	1537	1779
3	1598	1537	1671
3	1598	1434	1537
3	1434	1447	1537
3	1535	1434	1598
3	1254	1322	1304
3	1427	1372	1482
3	1482	1372	1379
3	1372	1351	1379
3	1322	1372	1427
3	1372	1329	1351
3	1254	1372	1322
3	1281	1329	1372
3	1241	1175	1281
3	1241	1281	1372
3	1254	1241	1372
3	1433	1364	1498
3	1364	1212	1498
3	1367	1364	1433
3	1311	1364	1367
3	1311	1212	1364
3	1215	1212	1311
3	1212	1347	1498
3	1212	1225	1347
3	1225	1286	1347
3	1225	1173	1286
3	1481	1369	1402
3	1402	1299	1465
3	1266	1402	1369
3	1266	1299	1402
3	1235	1299	1266
3	1235	1211	1299
3	1246	1292	1353
3	1299	1246	1353
3	1166	1228	1359
3	1292	1166	1359
3	1246	1166	1292
3	1246	1226	1166
3	1228	1156	1227
3	1270	1362	1381
3	1270	1221	1362
3	1381	1362	1449
3	1325	1461	1449
3	1362	1325	1449
3	1221	1325	1362
3	1221	1274	1325
3	1490	1400	1507
3	1325	1490	1461
3	1325	1334	1490
3	1490	1334	1400
3	1334	1375	1400
3	1274	1334	1325
3	1400	1399	1507
3	1399	1339	1428
3	1400	1375	1399
3	1375	1313	1399
3	1399	1313	1339
3	1313	1303	1339
3	1334	1313	1375
3	1428	1446	1466
3	1428	1377	1446
3	1377	1392	1446
3	1339	1377	1428
3	1458	1453	1493
3	1458	1410	1453
3	1493	1440	1533
3	1453	1440	1493
3	1440	1406	1500
3	1410	1440	1453
3	1386	1395	1470
3	1415	1386	1470
3	1380	1395	1386
3	1360	1447	1434
3	1365	1360	1434
3	1360	1390	1447
3	1356	1390	1360
3	1388	1356	1386
3	1356	1380	1386
3	1346	1356	1365
3	1356	1346	1380
3	1356	1360	1365
3	1216	1254	1304
3	1216	1241	1254
3	1230	1175	1264
3	1157	1175	1241
3	1216	1157	1241
3	1175	1189	1264
3	1198	1157	1216
3	1175	1162	1189
3	1078	1157	1198
3	1157	1162	1175
3	1078	1058	1157
3	1157	1024	1162
3	1058	1024	1157
3	1059	1024	1058
3	955	1059	1058
3	1215	1168	1212
3	1173	1180	1286
3	1212	1173	1225
3	1121	1180	1173
3	1168	1173	1212
3	1168	1121	1173
3	1168	1050	1121
3	1168	1044	1050
3	1109	1211	1235
3	1094	1109	1194
3	1109	1042	1051
3	1094	1042	1109
3	1179	1246	1299
3	1211	1179	1299
3	1179	1226	1246
3	1211	1109	1179
3	1051	1179	1109
3	1057	1226	1179
3	1089	1057	1179
3	1051	1089	1179
3	1226	1035	1166
3	1108	1035	1226
3	1057	1108	1226
3	1009	1108	1057
3	1026	1035	1108
3	1009	1026	1108
3	1166	1156	1228
3	1166	1060	1156
3	1166	1035	1060
3	1090	1068	1156
3	1060	1070	1156
3	1070	1090	1156
3	1070	1066	1090
3	958	1066	1070
3	990	1058	1078
3	955	1003	1059
3	990	955	1058
3	990	870	955
3	955	875	1003
3	945	870	990
3	875	928	1003
3	870	875	955
3	875	827	928
3	820	827	875
3	867	951	957
3	844	811	867
3	896	837	909
3	837	777	909
3	988	1057	1089
3	1051	988	1089
3	988	1009	1057
3	988	916	1009
3	916	988	959
3	916	943	1009
3	801	776	916
3	1026	913	1035
3	1009	913	1026
3	913	994	1035
3	943	913	1009
3	913	881	994
3	775	881	913
3	916	776	943
3	776	809	913
3	809	775	913
3	1035	994	1060
3	1060	1002	1070
3	1002	958	1070
3	994	1002	1060
3	881	924	994
3	924	1002	994
3	1002	924	958
3	924	823	958
3	851	823	924
3	800	851	924
3	881	800	924
3	775	800	881
3	958	1014	1066
3	823	1014	958
3	817	875	870
3	779	817	870
3	817	820	875
3	774	827	820
3	817	766	820
3	754	774	820
3	766	754	820
3	727	766	817
3	779	727	817
3	738	754	766
3	727	738	766
3	728	727	779
3	694	738	727
3	694	711	738
3	694	727	728
3	694	683	711
3	728	629	694
3	629	683	694
3	631	629	728
3	765	769	812
3	765	689	769
3	689	590	769
3	590	708	769
3	732	811	844
3	732	844	853
3	812	732	853
3	769	714	812
3	714	732	812
3	714	676	732
3	676	628	732
3	628	696	732
3	708	714	769
3	811	879	867
3	732	696	811
3	811	696	879
3	647	620	696
3	628	647	696
3	737	837	824
3	737	653	837
3	653	693	837
3	688	653	737
3	653	597	693
3	777	801	916
3	669	776	801
3	669	616	776
3	837	693	777
3	777	669	801
3	693	669	777
3	597	614	693
3	614	602	693
3	693	602	669
3	851	755	823
3	629	537	683
3	590	681	683
3	537	590	683
3	572	676	714
3	708	572	714
3	548	653	688
3	653	548	597
3	635	548	688
3	1304	1322	1354
3	1376	1354	1322
3	1335	1381	1460
3	1221	1193	1274
3	1377	1294	1392
3	1392	1410	1458
3	1426	1509	1500
3	1388	1386	1415
3	1390	1356	1388
3	945	990	1078
3	1156	1155	1227
3	1068	1155	1156
3	945	847	870
3	746	779	870
3	1256	1242	1234
3	1459	1317	1431
3	1378	1317	1459
3	1317	1269	1431
3	1358	1317	1378
3	1240	1317	1358
3	1341	1205	1358
3	1205	1240	1358
3	1240	1234	1317
3	1234	1269	1317
3	1452	1378	1459
3	1378	1452	1416
3	1358	1378	1416
3	1389	1416	1443
3	1389	1341	1416
3	1341	1358	1416
3	1429	1370	1505
3	1398	1429	1444
3	1398	1291	1429
3	1291	1370	1429
3	1308	1291	1398
3	1398	1444	1518
3	1405	1398	1518
3	1328	1398	1405
3	1328	1308	1398
3	1435	1405	1538
3	1218	1174	1280
3	1034	1218	1233
3	1122	1174	1218
3	1034	1122	1218
3	1122	1075	1174
3	1034	1081	1122
3	1081	1013	1122
3	1013	1075	1122
3	1127	1137	1247
3	1129	1120	1219
3	1214	1143	1247
3	1143	1214	1219
3	1120	1143	1219
3	1143	1127	1247
3	1120	1037	1143
3	1037	1127	1143
3	1127	1105	1137
3	1037	1073	1127
3	1234	1205	1256
3	1021	1075	1013
3	998	1013	1081
3	998	991	1013
3	1013	950	1021
3	991	950	1013
3	894	991	998
3	839	950	991
3	894	839	991
3	859	894	998
3	1011	992	1073
3	992	1046	1073
3	1037	1011	1073
3	977	1011	1037
3	973	992	1011
3	973	1011	977
3	939	963	992
3	893	973	977
3	973	939	992
3	893	883	973
3	883	939	973
3	902	917	939
3	883	902	939
3	857	902	883
3	901	842	893
3	701	857	883
3	798	894	859
3	798	839	894
3	697	832	839
3	697	759	832
3	798	697	839
3	697	682	759
3	697	615	682
3	648	697	695
3	648	615	697
3	856	582	723
3	582	856	751
3	546	657	743
3	582	743	723
3	546	743	582
3	842	883	893
3	842	701	883
3	701	856	857
3	795	701	842
3	701	751	856
3	687	701	795
3	701	621	751
3	701	630	621
3	630	701	687
3	630	608	621
3	804	721	795
3	763	721	804
3	721	687	795
3	673	721	763
3	632	687	721
3	673	627	721
3	627	632	721
3	726	662	763
3	662	673	763
3	662	652	673
3	652	627	673
3	636	662	726
3	670	580	704
3	623	581	713
3	490	682	615
3	561	615	648
3	490	533	682
3	490	615	561
3	490	561	452
3	490	424	533
3	424	464	533
3	424	490	452
3	381	464	424
3	381	424	452
3	380	381	452
3	509	459	571
3	542	509	571
3	486	449	509
3	449	459	509
3	459	399	421
3	449	407	459
3	399	400	421
3	407	399	459
3	391	407	449
3	637	574	672
3	543	622	672
3	574	543	672
3	543	542	622
3	542	571	622
3	519	542	543
3	511	543	574
3	511	519	543
3	486	509	542
3	486	542	519
3	511	486	519
3	613	637	657
3	613	538	637
3	538	574	637
3	538	511	574
3	470	538	613
3	621	582	751
3	546	613	657
3	525	546	582
3	546	488	613
3	488	470	613
3	525	488	546
3	525	446	488
3	423	446	525
3	488	446	470
3	423	417	446
3	632	630	687
3	608	630	632
3	525	582	621
3	513	608	632
3	608	525	621
3	432	525	608
3	513	432	608
3	432	423	525
3	371	432	513
3	468	371	513
3	383	423	432
3	627	513	632
3	468	513	627
3	499	365	468
3	365	371	468
3	554	652	662
3	652	554	627
3	554	468	627
3	499	468	554
3	395	416	499
3	499	416	365
3	636	578	662
3	578	554	662
3	578	636	612
3	438	578	612
3	466	554	578
3	466	578	438
3	466	499	554
3	466	395	499
3	438	422	466
3	422	395	466
3	581	580	670
3	438	612	580
3	483	580	581
3	580	483	438
3	435	438	483
3	435	422	438
3	532	623	570
3	623	530	581
3	532	530	623
3	530	483	581
3	530	428	483
3	428	530	532
3	428	435	483
3	333	435	428
3	477	428	532
3	354	428	477
3	328	381	380
3	344	380	373
3	344	328	380
3	368	344	373
3	281	344	368
3	353	281	368
3	332	281	353
3	272	281	332
3	281	328	344
3	272	263	281
3	281	217	328
3	263	217	281
3	217	224	328
3	216	217	263
3	352	353	389
3	332	353	352
3	352	272	332
3	278	270	352
3	270	272	352
3	216	263	272
3	270	216	272
3	278	238	270
3	238	216	270
3	399	375	400
3	375	390	400
3	375	389	390
3	377	375	399
3	375	352	389
3	375	350	352
3	350	375	377
3	320	278	350
3	350	278	352
3	233	193	278
3	391	399	407
3	383	417	423
3	325	383	432
3	383	369	417
3	371	325	432
3	369	383	325
3	316	325	371
3	325	291	369
3	316	291	325
3	280	291	316
3	416	356	365
3	307	356	416
3	365	316	371
3	356	316	365
3	356	307	316
3	367	307	416
3	342	307	367
3	395	364	416
3	422	364	395
3	296	364	422
3	364	367	416
3	346	367	364
3	333	311	435
3	311	422	435
3	311	266	422
3	266	296	422
3	266	311	333
3	309	333	428
3	262	333	309
3	262	266	333
3	309	261	262
3	354	309	428
3	348	309	354
3	264	247	302
3	264	229	247
3	285	264	363
3	360	267	285
3	267	229	285
3	229	264	285
3	216	192	217
3	193	238	278
3	238	192	216
3	238	189	192
3	193	189	238
3	998	1081	1034
3	1137	1124	1247
3	1105	1114	1137
3	1046	1115	1073
3	1073	1115	1105
3	857	856	874
3	695	697	798
3	743	657	733
3	1344	1383	1316
3	1332	1437	1492
3	1437	1244	1316
3	1419	1332	1492
3	1332	1244	1437
3	1332	1223	1244
3	1486	1419	1492
3	1319	1222	1419
3	1222	1332	1419
3	1319	1326	1222
3	1149	1197	1282
3	1072	1197	1149
3	1072	1149	1150
3	1103	1072	1150
3	793	828	852
3	911	885	903
3	1117	1015	1074
3	1171	1238	1340
3	1259	1203	1355
3	1397	1259	1355
3	1623	1553	1633
3	1986	1953	1977
3	819	772	845
3	860	846	889
3	805	822	855
3	833	814	885
3	962	891	954
3	933	975	1027
3	975	1001	1027
3	1027	1001	1080
3	954	933	1027
3	845	772	887
3	772	852	887
3	845	887	891
3	933	887	852
3	852	936	933
3	933	936	975
3	932	997	1033
3	885	814	849
3	855	822	932
3	822	860	932
3	903	885	849
3	849	906	903
3	906	849	855
3	903	906	980
3	855	932	906
3	906	932	1106
3	980	906	1106
3	911	903	1015
3	1015	903	980
3	1027	1080	1112
3	1063	1027	1112
3	1112	1080	1126
3	1112	1126	1171
3	1171	1126	1206
3	1126	1158	1206
3	1112	1171	1132
3	1132	1171	1201
3	1132	1201	1172
3	1093	1172	1201
3	1195	1172	1093
3	1171	1206	1238
3	1147	1093	1201
3	1164	1147	1213
3	1147	1201	1268
3	932	1110	1106
3	980	1106	1140
3	980	1140	1074
3	1106	1110	1164
3	1178	1106	1164
3	1140	1106	1178
3	1178	1164	1237
3	1140	1178	1237
3	1140	1237	1251
3	1140	1251	1253
3	1015	980	1074
3	1117	1074	1183
3	1074	1140	1183
3	1204	1117	1183
3	1117	1204	1177
3	1190	1183	1140
3	1204	1183	1190
3	1204	1190	1255
3	1177	1204	1277
3	1164	1213	1237
3	1213	1147	1268
3	1201	1171	1268
3	1171	1340	1268
3	1190	1140	1253
3	1251	1237	1213
3	1190	1253	1255
3	1204	1255	1288
3	1255	1253	1315
3	1253	1284	1315
3	1315	1284	1357
3	1315	1357	1464
3	1357	1403	1464
3	1277	1204	1288
3	1203	1177	1277
3	1203	1277	1355
3	1255	1315	1464
3	1387	1255	1464
3	1288	1255	1387
3	1397	1355	1277
3	1277	1288	1387
3	1277	1387	1397
3	1510	1309	1397
3	1319	1419	1474
3	1464	1403	1510
3	1387	1464	1510
3	1510	1397	1387
3	1984	1973	1994
3	819	836	848
3	819	848	826
3	819	845	836
3	848	836	850
3	826	848	880
3	836	845	891
3	850	836	862
3	850	862	888
3	850	888	892
3	862	836	891
3	892	941	969
3	891	962	941
3	1433	1498	1547
3	969	941	962
3	969	962	1041
3	1041	962	1063
3	962	954	1063
3	826	880	882
3	882	880	949
3	862	891	888
3	892	888	941
3	888	891	941
3	846	826	882
3	860	889	932
3	846	882	889
3	932	889	997
3	889	882	947
3	947	882	949
3	889	947	997
3	947	949	983
3	997	947	1023
3	947	983	1023
3	997	1023	1033
3	1023	983	1048
3	1063	1112	1097
3	1063	1097	1041
3	1041	1097	1131
3	1097	1112	1132
3	1172	1097	1132
3	1065	1131	1170
3	1131	1097	1172
3	1170	1131	1172
3	1093	1123	1195
3	1195	1123	1181
3	1123	1083	1181
3	1083	1170	1181
3	1170	1172	1181
3	1195	1181	1172
3	1033	1023	1093
3	1033	1093	1098
3	1023	1048	1093
3	932	1033	1110
3	1110	1033	1098
3	1048	1123	1093
3	1098	1093	1147
3	1110	1098	1164
3	1164	1098	1147
3	848	864	880
3	864	848	850
3	1056	969	1041
3	864	850	922
3	850	892	922
3	880	864	946
3	892	969	922
3	864	922	978
3	949	880	946
3	946	864	978
3	922	969	1056
3	922	1056	978
3	946	978	1007
3	983	949	946
3	983	946	1007
3	1048	983	1007
3	1007	978	1083
3	1048	1007	1123
3	1065	978	1056
3	1007	1083	1123
3	1083	978	1065
3	1056	1041	1065
3	1065	1041	1131
3	1083	1065	1170
3	1169	1103	1150
3	1100	1030	1223
3	987	1030	1100
3	1134	1332	1222
3	1163	1222	1326
3	1134	1223	1332
3	1163	1095	1222
3	1067	1134	1222
3	1095	1067	1222
3	1100	1223	1134
3	1062	1095	1163
3	1031	1067	1095
3	1067	1100	1134
3	1067	987	1100
3	904	1067	1031
3	1118	1088	1115
3	1088	1085	1115
3	1088	1012	1085
3	1000	1012	1088
3	1012	986	1085
3	1104	1118	1115
3	1104	1099	1118
3	1099	1084	1118
3	1084	1088	1118
3	1099	1043	1084
3	1104	1040	1099
3	1040	1043	1099
3	993	1072	1103
3	993	965	1072
3	965	1016	1072
3	918	877	965
3	791	918	965
3	831	877	918
3	791	965	993
3	907	987	904
3	907	921	829
3	904	987	1067
3	961	1031	1095
3	1062	961	1095
3	961	904	1031
3	961	868	904
3	964	854	961
3	904	921	907
3	854	818	961
3	818	868	961
3	868	921	904
3	1019	964	1062
3	964	961	1062
3	989	960	1000
3	1000	956	1012
3	960	935	1000
3	935	956	1000
3	956	986	1012
3	934	935	960
3	956	938	986
3	912	938	956
3	912	956	935
3	908	935	934
3	919	908	934
3	908	912	935
3	976	1025	1043
3	974	1043	1040
3	937	976	1043
3	974	937	1043
3	919	976	937
3	920	937	974
3	919	930	976
3	920	908	937
3	908	919	937
3	791	831	918
3	791	686	831
3	609	686	664
3	830	684	802
3	802	684	791
3	684	686	791
3	762	599	830
3	664	686	684
3	599	684	830
3	599	664	684
3	638	599	762
3	724	829	921
3	829	709	806
3	724	709	829
3	600	709	724
3	600	640	709
3	655	539	724
3	539	600	724
3	818	761	868
3	761	921	868
3	700	761	818
3	761	724	921
3	700	655	761
3	655	724	761
3	576	655	700
3	599	575	664
3	575	609	664
3	523	575	599
3	478	523	599
3	559	599	638
3	559	638	654
3	503	559	654
3	559	522	599
3	522	478	599
3	503	522	559
3	465	478	522
3	503	465	522
3	503	654	639
3	577	639	640
3	577	503	639
3	550	503	577
3	450	503	550
3	457	465	503
3	450	457	503
3	600	577	640
3	550	600	539
3	600	550	577
3	539	485	550
3	485	450	550
3	576	539	655
3	1271	1200	1414
3	1200	1312	1350
3	1200	1153	1312
3	1344	1271	1383
3	1176	1271	1344
3	1261	1176	1344
3	1165	1271	1176
3	1261	1316	1244
3	1316	1261	1344
3	1153	1191	1312
3	1191	1169	1150
3	1153	1169	1191
3	1153	995	1169
3	1038	995	1153
3	995	1103	1169
3	1128	1200	1271
3	1154	1128	1271
3	1200	1128	1153
3	1039	1153	1128
3	1039	1038	1153
3	1017	1128	1154
3	1017	1039	1128
3	1151	1176	1261
3	1165	1154	1271
3	1061	1165	1176
3	1091	1154	1165
3	1151	1061	1176
3	1061	1091	1165
3	1091	1017	1154
3	1244	1151	1261
3	1030	1151	1244
3	1223	1030	1244
3	1030	1061	1151
3	1030	996	1061
3	1077	1088	1084
3	999	1000	1088
3	1077	999	1088
3	1032	999	1077
3	1047	1018	1077
3	1018	1032	1077
3	999	989	1000
3	1047	1077	1084
3	1036	1047	1084
3	1043	1036	1084
3	995	993	1103
3	985	995	1038
3	899	993	995
3	876	899	995
3	899	802	993
3	802	791	993
3	985	1039	1017
3	985	1038	1039
3	876	995	985
3	952	985	1017
3	952	876	985
3	788	762	876
3	1061	952	1091
3	952	1017	1091
3	996	869	1061
3	869	952	1061
3	745	952	869
3	745	816	952
3	1030	829	996
3	907	829	987
3	987	829	1030
3	869	996	829
3	829	806	869
3	968	960	989
3	944	999	1997
3	999	944	989
3	944	968	989
3	934	960	968
3	944	925	968
3	925	934	968
3	925	929	934
3	953	929	925
3	929	919	934
3	1025	1036	1043
3	1036	1025	1047
3	1025	982	1047
3	930	982	1025
3	930	953	982
3	976	930	1025
3	929	953	930
3	930	919	929
3	830	899	876
3	762	830	876
3	830	802	899
3	952	788	876
3	816	788	952
3	749	788	816
3	638	762	788
3	749	638	788
3	654	638	749
3	806	745	869
3	640	745	806
3	745	749	816
3	639	745	640
3	745	639	749
3	639	654	749
3	709	640	806
3	1032	1997	999
3	982	1018	1047
3	1018	927	1032
3	927	1997	1032
3	982	927	1018
3	925	927	953
3	927	925	944
3	1997	927	944
3	953	927	982
3	199	184	208
3	202	184	199
3	161	159	184
3	144	161	160
3	183	202	224
3	161	184	202
3	183	160	202
3	160	161	202
3	163	160	183
3	187	163	183
3	155	163	187
3	155	148	163
3	155	147	148
3	177	187	192
3	186	189	193
3	186	177	189
3	164	177	186
3	177	167	187
3	167	155	187
3	194	193	233
3	185	194	209
3	191	185	209
3	186	193	194
3	185	186	194
3	185	164	186
3	181	164	185
3	154	164	181
3	223	230	225
3	221	223	225
3	221	225	232
3	227	221	232
3	227	232	240
3	227	241	243
3	220	221	227
3	243	220	227
3	222	229	260
3	228	235	229
3	222	228	229
3	101	115	107
3	144	145	161
3	121	133	145
3	121	107	133
3	133	107	115
3	103	87	121
3	87	107	121
3	87	79	107
3	148	160	163
3	148	144	160
3	126	148	147
3	126	144	148
3	136	126	147
3	137	136	147
3	103	145	144
3	126	103	144
3	103	121	145
3	126	95	103
3	95	126	136
3	164	135	167
3	154	135	164
3	167	137	155
3	135	137	167
3	137	147	155
3	135	136	137
3	85	101	107
3	79	85	107
3	85	91	101
3	64	91	85
3	79	65	85
3	65	64	85
3	72	87	103
3	87	63	79
3	65	79	63
3	52	63	87
3	63	42	65
3	1768	1747	1801
3	1741	1764	1768
3	1718	1764	1735
3	1735	1764	1741
3	1738	1735	1741
3	1652	1735	1738
3	1691	1652	1738
3	1652	1668	1735
3	1796	1801	1806
3	1768	1801	1796
3	1760	1796	1810
3	1750	1760	1810
3	1760	1768	1796
3	1760	1741	1768
3	1760	1725	1741
3	1738	1741	1725
3	1725	1709	1738
3	1725	1703	1709
3	1750	1694	1760
3	1694	1725	1760
3	1694	1703	1725
3	1682	1683	1753
3	1683	1708	1753
3	1710	1682	1753
3	1651	1708	1683
3	1576	1682	1710
3	1715	1731	1756
3	1731	1710	1753
3	1715	1695	1731
3	1695	1710	1731
3	1746	1715	1756
3	1688	1715	1746
3	1704	1688	1746
3	1604	1659	1717
3	1546	1565	1603
3	1587	1546	1603
3	1546	1587	1568
3	1494	1485	1546
3	1516	1494	1546
3	1485	1527	1546
3	1668	1701	1735
3	1668	1635	1701
3	1652	1587	1668
3	1587	1635	1668
3	1568	1587	1652
3	1603	1635	1587
3	1612	1568	1652
3	1603	1565	1635
3	1694	1648	1703
3	1636	1694	1667
3	1636	1648	1694
3	1667	1602	1636
3	1556	1628	1648
3	1636	1556	1648
3	1656	1602	1667
3	1556	1636	1602
3	1560	1528	1602
3	1528	1556	1602
3	1528	1468	1556
3	1478	1468	1528
3	1511	1420	1520
3	1595	1521	1611
3	1463	1521	1595
3	1521	1564	1611
3	1511	1520	1564
3	1521	1511	1564
3	1439	1420	1511
3	1418	1511	1521
3	1651	1625	1708
3	1682	1570	1683
3	1570	1651	1683
3	1576	1570	1682
3	1611	1625	1651
3	1595	1611	1651
3	1570	1595	1651
3	1477	1570	1576
3	1477	1297	1570
3	1570	1463	1595
3	1297	1463	1570
3	1432	1477	1576
3	1695	1576	1710
3	1539	1695	1599
3	1695	1545	1576
3	1539	1545	1695
3	1686	1688	1704
3	1686	1599	1688
3	1688	1599	1715
3	1599	1695	1715
3	1513	1476	1599
3	1476	1539	1599
3	1476	1491	1539
3	1647	1627	1686
3	1607	1686	1627
3	1607	1599	1686
3	1541	1607	1627
3	1541	1513	1607
3	1513	1599	1607
3	1513	1342	1476
3	1459	1513	1541
3	1647	1589	1627
3	1631	1600	1589
3	1589	1541	1627
3	1489	1589	1600
3	1505	1489	1600
3	1452	1541	1589
3	1489	1452	1589
3	1452	1459	1541
3	1416	1452	1489
3	1443	1489	1505
3	1677	1617	1639
3	1590	1617	1677
3	1639	1600	1631
3	1617	1600	1639
3	1590	1444	1617
3	1505	1600	1617
3	1444	1505	1617
3	1429	1505	1444
3	1641	1590	1677
3	1616	1573	1641
3	1573	1590	1641
3	1518	1444	1590
3	1573	1518	1590
3	1538	1518	1573
3	1405	1518	1538
3	1538	1573	1616
3	1592	1582	1659
3	1592	1531	1582
3	1532	1531	1592
3	1532	1659	1604
3	1532	1592	1659
3	1480	1532	1604
3	1391	1417	1485
3	1396	1391	1485
3	1404	1391	1396
3	1306	1391	1404
3	1218	1306	1404
3	1233	1218	1404
3	1218	1280	1306
3	1448	1396	1494
3	1396	1485	1494
3	1485	1417	1527
3	1499	1478	1528
3	1454	1424	1499
3	1424	1478	1499
3	1385	1371	1478
3	1424	1385	1478
3	1420	1479	1520
3	1420	1454	1479
3	1420	1424	1454
3	1420	1385	1424
3	1338	1420	1439
3	1338	1385	1420
3	1463	1418	1521
3	1418	1439	1511
3	1418	1374	1439
3	1297	1366	1463
3	1374	1338	1439
3	1366	1418	1463
3	1418	1300	1374
3	1366	1300	1418
3	1242	1250	1275
3	1242	1275	1278
3	1219	1214	1275
3	1250	1219	1275
3	1476	1342	1491
3	1342	1330	1491
3	1269	1342	1431
3	1330	1342	1269
3	1269	1278	1330
3	1269	1242	1278
3	1250	1256	1258
3	1250	1242	1256
3	1234	1242	1269
3	1459	1431	1513
3	1431	1342	1513
3	1443	1416	1489
3	1505	1370	1443
3	1248	1219	1250
3	183	224	217
3	192	183	217
3	187	183	192
3	189	177	192
3	1516	1448	1494
3	1568	1516	1546
3	1648	1628	1703
3	1556	1562	1628
3	1545	1432	1576
3	1275	1214	1382
3	1646	1709	1703
3	1709	1690	1738
3	1657	1612	1691
3	1612	1652	1691
3	1559	1612	1657
3	1575	1559	1657
3	1559	1568	1612
3	1575	1487	1559
3	1487	1516	1559
3	1559	1516	1568
3	1361	1516	1487
3	1690	1691	1738
3	1690	1657	1691
3	1596	1657	1690
3	1614	1596	1690
3	1596	1575	1657
3	1628	1646	1703
3	1646	1689	1709
3	1689	1690	1709
3	1637	1690	1689
3	1646	1637	1689
3	1637	1614	1690
3	1586	1637	1646
3	1586	1550	1637
3	1628	1579	1646
3	1628	1562	1579
3	1579	1586	1646
3	1486	1579	1562
3	1468	1562	1556
3	1876	1894	1875
3	1942	1945	1960
3	1991	1985	1993
3	1960	1982	1990
3	349	322	392
3	379	349	392
3	379	392	593
3	772	735	793
3	711	752	785
3	739	690	780
3	725	624	739
3	813	833	885
3	1848	1864	1873
3	1875	1894	1999
3	1873	1864	1878
3	1873	1878	1912
3	1913	1905	1921
3	1932	1921	1916
3	1913	1921	1932
3	1882	1873	1912
3	1882	1912	1931
3	1912	1932	1931
3	1885	1860	1874
3	1883	1885	1874
3	1897	1883	1892
3	1883	1874	1892
3	1892	1874	1908
3	1874	1882	1908
3	1897	1892	1908
3	1897	1908	1936
3	1908	1882	1931
3	1936	1908	1937
3	1908	1931	1937
3	1894	1876	1883
3	1894	1897	1900
3	1894	1883	1897
3	1894	1900	1906
3	1999	1906	1922
3	1900	1897	1936
3	1906	1900	1934
3	1900	1936	1934
3	1922	1906	1930
3	1934	1936	1938
3	1999	1894	1906
3	1906	1934	1930
3	1930	1935	1948
3	1934	1935	1930
3	1916	1926	1939
3	1939	1926	1944
3	1916	1939	1965
3	1932	1916	1965
3	1965	1939	1964
3	167	177	164
3	1939	1944	1970
3	1964	1939	1970
3	1937	1931	1951
3	1931	1932	1951
3	1932	1965	1951
3	1937	1951	1966
3	1951	1965	1969
3	1966	1951	1969
3	1965	1964	1969
3	1964	1970	1976
3	1964	1976	1981
3	1964	1981	1969
3	1970	1975	1976
3	1971	1981	1979
3	1979	1981	1976
3	1969	1981	1987
3	1936	1937	1950
3	1937	1978	1950
3	1950	1978	1988
3	1937	1973	1978
3	1937	1966	1973
3	1988	1978	1973
3	1938	1936	1950
3	1935	1934	1938
3	1935	1938	1953
3	1961	1945	1962
3	1960	1945	1961
3	1948	1953	1962
3	1938	1950	1988
3	1945	1948	1962
3	202	199	219
3	1953	1938	1988
3	1962	1953	1986
3	1977	1953	1988
3	1960	1961	1982
3	1930	1948	1945
3	1948	1935	1953
3	1961	1962	1986
3	1987	1981	1983
3	1966	1969	1992
3	1992	1969	1987
3	1983	1993	1987
3	1973	1966	1992
3	1987	1993	1996
3	1992	1987	1996
3	1993	1985	1996
3	1988	1973	1984
3	1982	1961	1986
3	1985	1960	1990
3	1977	1988	1989
3	1990	1982	1986
3	1988	1984	1989
3	1977	1989	1986
3	1989	1990	1986
3	1989	1984	1994
3	1990	1989	1994
3	1985	1990	1995
3	1994	1973	1992
3	1990	1994	1995
3	1996	1985	1995
3	1995	1994	1996
3	1992	1996	1994
3	1	0	10
3	1	10	12
3	553	487	624
3	553	624	626
3	524	553	651
3	553	643	651
3	643	553	665
3	665	553	626
3	772	819	767
3	767	819	826
3	852	772	793
3	722	735	772
3	767	722	772
3	722	783	752
3	722	767	783
3	752	783	805
3	783	767	822
3	805	783	822
3	860	767	846
3	822	767	860
3	846	767	826
3	780	750	739
3	780	790	750
3	750	790	814
3	785	752	805
3	780	785	790
3	785	805	849
3	790	785	849
3	814	790	849
3	849	805	855
3	626	624	725
3	626	731	665
3	731	626	750
3	626	725	750
3	665	764	792
3	665	731	764
3	731	750	764
3	750	725	739
3	792	764	813
3	750	814	764
3	813	764	833
3	764	814	833
3	643	665	792
3	891	887	954
3	887	933	954
3	1468	1486	1562
3	1474	1486	1468
3	1305	1404	1396
3	1197	1233	1305
3	1305	1233	1404
3	1361	1448	1516
3	1361	1368	1448
3	1368	1305	1448
3	1448	1305	1396
3	1197	1305	1368
3	1371	1468	1478
3	1468	1371	1474
3	1474	1419	1486
3	1474	1371	1319
3	1371	1326	1319
3	1385	1326	1371
3	1385	1199	1326
3	1338	1231	1385
3	1231	1199	1385
3	1374	1276	1338
3	1276	1231	1338
3	1276	1374	1252
3	1252	1142	1276
3	1276	1142	1231
3	1300	1252	1374
3	1209	1252	1300
3	1432	1314	1477
3	1314	1297	1477
3	1382	1314	1432
3	1366	1209	1300
3	1214	1314	1382
3	1297	1209	1366
3	1247	1314	1214
3	1297	1139	1209
3	1139	1297	1314
3	1247	1139	1314
3	1539	1491	1545
3	1491	1432	1545
3	1382	1432	1491
3	1330	1382	1491
3	1330	1275	1382
3	1278	1275	1330
3	1119	1233	1197
3	1119	1034	1233
3	1016	1119	1197
3	1072	1016	1197
3	1199	1163	1326
3	1196	1142	1252
3	1199	1231	1142
3	1019	1142	1196
3	1045	1019	1196
3	1053	1045	1196
3	1142	1062	1199
3	1062	1163	1199
3	1019	1062	1142
3	1209	1053	1252
3	1053	1196	1252
3	1092	1053	1209
3	1092	1010	1053
3	1010	931	1053
3	1139	1092	1209
3	1247	1124	1139
3	1114	1124	1137
3	1124	1054	1139
3	1054	1092	1139
3	1114	1054	1124
3	1028	1054	1114
3	1054	1010	1092
3	1054	942	1010
3	1105	1125	1114
3	1115	1087	1125
3	1105	1115	1125
3	1087	1114	1125
3	1085	1087	1115
3	1028	1114	1087
3	1046	1082	1115
3	1006	1028	1087
3	1046	1005	1082
3	1085	1006	1087
3	1082	1104	1115
3	1016	1034	1119
3	859	1034	1016
3	1034	859	998
3	877	859	1016
3	965	877	1016
3	931	1019	1045
3	931	964	1019
3	931	967	964
3	931	897	967
3	967	897	964
3	897	854	964
3	784	897	931
3	840	784	931
3	784	854	897
3	931	1045	1053
3	942	931	1010
3	915	840	931
3	915	931	942
3	895	942	1054
3	1006	981	1028
3	981	1054	1028
3	981	895	1054
3	914	874	981
3	915	942	895
3	874	895	981
3	874	856	895
3	986	1006	1085
3	986	938	1006
3	938	981	1006
3	938	914	981
3	939	917	963
3	912	914	938
3	912	902	914
3	902	912	908
3	902	908	917
3	902	874	914
3	857	874	902
3	974	1040	1082
3	1005	974	1082
3	992	1005	1046
3	963	1005	992
3	1005	979	974
3	963	979	1005
3	917	979	963
3	920	974	979
3	917	920	979
3	908	920	917
3	877	710	859
3	710	798	859
3	710	695	798
3	831	710	877
3	668	710	831
3	686	668	831
3	609	668	686
3	609	566	668
3	668	695	710
3	734	818	854
3	700	818	734
3	667	700	734
3	576	700	667
3	571	576	667
3	741	784	840
3	784	734	854
3	691	734	784
3	741	691	784
3	691	667	734
3	691	741	672
3	691	622	667
3	622	691	672
3	748	840	915
3	741	840	748
3	743	733	748
3	685	741	748
3	685	672	741
3	733	685	748
3	657	637	733
3	685	637	672
3	637	685	733
3	723	915	895
3	856	723	895
3	723	748	915
3	723	743	748
3	566	561	668
3	668	561	695
3	561	648	695
3	566	452	561
3	452	566	609
3	523	455	609
3	455	452	609
3	478	455	523
3	451	455	478
3	451	408	455
3	380	452	455
3	408	380	455
3	444	451	478
3	376	444	465
3	401	376	465
3	457	450	420
3	457	401	465
3	482	485	539
3	433	485	482
3	433	420	485
3	421	433	482
3	433	390	420
3	421	390	433
3	583	576	571
3	571	459	583
3	482	539	576
3	459	576	583
3	459	482	576
3	459	421	482
3	622	571	667
3	368	451	444
3	376	368	444
3	368	408	451
3	408	373	380
3	368	373	408
3	457	382	401
3	382	376	401
3	382	457	420
3	390	382	420
3	389	353	382
3	376	353	368
3	353	376	382
3	421	400	390
3	389	382	390
3	1614	1549	1596
3	1540	1549	1614
3	1549	1575	1596
3	1540	1484	1549
3	1484	1487	1549
3	1549	1487	1575
3	1456	1484	1540
3	1637	1540	1614
3	1550	1540	1637
3	1586	1504	1550
3	1504	1456	1550
3	1456	1540	1550
3	1579	1504	1586
3	1486	1504	1579
3	1492	1504	1486
3	1437	1456	1504
3	1368	1361	1282
3	1282	1197	1368
3	1487	1350	1320
3	1320	1361	1487
3	1282	1361	1320
3	1312	1320	1350
3	1320	1283	1282
3	1312	1191	1320
3	1191	1283	1320
3	1150	1283	1191
3	1456	1411	1484
3	1411	1487	1484
3	1414	1411	1456
3	1411	1350	1487
3	1414	1200	1411
3	1200	1350	1411
3	1437	1316	1456
3	1316	1383	1456
3	1456	1383	1414
3	1492	1437	1504
3	1283	1149	1282
3	1150	1149	1283
3	1082	1040	1104
3	523	609	575
3	465	444	478
3	420	450	485
3	1383	1271	1414
3	1669	1650	1685
3	1685	1650	1706
3	1613	1650	1669
3	1615	1653	1706
3	1650	1615	1706
3	1615	1626	1653
3	1613	1615	1650
3	1613	1574	1615
3	1613	1534	1574
3	1615	1574	1626
3	1653	1640	1684
3	1653	1620	1640
3	1626	1620	1653
3	1697	1526	1571
3	1447	1526	1697
3	1537	1447	1697
3	1447	1467	1526
3	1354	1376	1438
3	1408	1393	1438
3	1393	1354	1438
3	1287	1354	1393
3	1336	1287	1393
3	1287	1304	1354
3	1336	1229	1287
3	1229	1224	1287
3	1224	1210	1287
3	1376	1427	1438
3	1408	1438	1445
3	1376	1322	1427
3	1299	1409	1465
3	1451	1423	1497
3	1409	1353	1451
3	1353	1423	1451
3	1353	1292	1423
3	1299	1353	1409
3	1423	1292	1441
3	1441	1455	1502
3	1441	1228	1455
3	1292	1359	1441
3	1359	1228	1441
3	1270	1335	1228
3	1228	1227	1270
3	1335	1460	1455
3	1335	1270	1381
3	1227	1188	1270
3	1187	1221	1270
3	1274	1267	1334
3	1193	1267	1274
3	1217	1257	1267
3	1303	1290	1339
3	1267	1313	1334
3	1267	1303	1313
3	1289	1290	1303
3	1267	1257	1303
3	1257	1293	1289
3	1290	1289	1272
3	1257	1289	1303
3	1377	1290	1294
3	1339	1290	1377
3	1290	1310	1294
3	1272	1310	1290
3	1310	1262	1294
3	1232	1262	1310
3	1272	1232	1310
3	1239	1232	1272
3	1392	1294	1410
3	1301	1323	1410
3	1294	1301	1410
3	1301	1279	1323
3	1294	1262	1301
3	1262	1279	1301
3	1243	1279	1262
3	1394	1426	1500
3	1406	1394	1500
3	1323	1406	1440
3	1410	1323	1440
3	1394	1345	1426
3	1323	1394	1406
3	1345	1394	1323
3	1279	1302	1345
3	1323	1279	1345
3	1426	1415	1470
3	1422	1415	1426
3	1426	1425	1422
3	1421	1422	1425
3	1390	1436	1450
3	1436	1390	1421
3	1345	1425	1426
3	1390	1422	1421
3	1388	1415	1422
3	1373	1421	1425
3	1345	1373	1425
3	1390	1483	1467
3	1447	1390	1467
3	1390	1450	1483
3	1390	1388	1422
3	1071	1078	1138
3	1116	1071	1138
3	945	1078	1071
3	1287	1216	1304
3	1210	1198	1287
3	1198	1216	1287
3	1184	1210	1224
3	1184	1138	1210
3	1138	1198	1210
3	1138	1078	1198
3	1076	1116	1184
3	1116	1138	1184
3	1076	984	1071
3	1076	1071	1116
3	1155	1188	1227
3	1155	1130	1188
3	1155	1068	1130
3	1188	1187	1270
3	1130	1187	1188
3	1130	1159	1187
3	1107	1141	1159
3	1130	1049	1159
3	1049	1107	1159
3	1079	1049	1130
3	1079	1130	1068
3	1008	1049	1079
3	1079	1068	1090
3	1008	1079	1090
3	1066	1008	1090
3	1160	1193	1221
3	1187	1160	1221
3	1159	1160	1187
3	1160	1148	1193
3	1160	1141	1148
3	1159	1141	1160
3	1102	1148	1141
3	1107	1102	1141
3	1217	1267	1193
3	1217	1186	1257
3	1161	1186	1217
3	1193	1161	1217
3	1193	1148	1161
3	984	948	1071
3	948	945	1071
3	948	835	945
3	835	847	945
3	878	948	984
3	878	835	948
3	890	878	984
3	1052	1049	1008
3	1014	1008	1066
3	1008	926	1052
3	926	940	1052
3	926	1008	1014
3	886	940	926
3	823	926	1014
3	886	900	940
3	954	1027	1063
3	863	900	886
3	886	926	823
3	823	841	886
3	858	873	871
3	863	838	900
3	873	900	871
3	838	871	900
3	838	825	871
3	746	835	878
3	835	746	847
3	847	746	870
3	759	746	878
3	736	746	759
3	666	779	746
3	666	678	779
3	717	666	746
3	717	746	736
3	656	728	779
3	678	656	779
3	656	604	728
3	641	656	678
3	604	631	728
3	823	747	841
3	747	675	841
3	661	675	747
3	661	644	675
3	661	747	646
3	863	886	841
3	863	796	838
3	675	796	863
3	841	675	863
3	675	730	796
3	644	568	675
3	821	825	838
3	796	773	838
3	786	821	838
3	773	786	838
3	825	797	803
3	781	825	821
3	781	797	825
3	821	770	781
3	770	740	781
3	594	692	770
3	692	740	770
3	758	787	803
3	797	758	803
3	781	740	797
3	758	782	787
3	716	758	797
3	740	716	797
3	698	716	740
3	698	663	716
3	625	663	698
3	758	702	782
3	702	760	782
3	716	702	758
3	702	699	760
3	699	718	760
3	642	718	699
3	716	663	702
3	642	699	702
3	659	642	702
3	718	712	753
3	712	679	705
3	712	649	679
3	587	712	718
3	587	649	712
3	642	587	718
3	649	589	679
3	666	658	678
3	658	641	678
3	641	604	656
3	564	604	641
3	589	633	679
3	649	567	589
3	1272	1289	1298
3	1239	1272	1298
3	1232	1243	1262
3	1148	1145	1161
3	1186	1220	1257
3	776	913	943
3	872	858	871
3	871	815	872
3	825	815	871
3	803	815	825
3	832	878	890
3	618	658	666
3	760	768	782
3	718	753	760
3	1076	1133	1055
3	1075	1021	1055
3	1167	1101	1129
3	1101	1120	1129
3	1113	1101	1167
3	1037	1120	1101
3	1022	1102	1107
3	1113	1022	1101
3	1102	1022	1113
3	1049	1022	1107
3	1022	1037	1101
3	1205	1182	1258
3	1182	1161	1208
3	1161	1145	1208
3	1113	1167	1145
3	1148	1102	1145
3	1102	1113	1145
3	106	84	118
3	130	118	141
3	195	188	201
3	214	277	347
3	271	297	265
3	284	265	297
3	218	201	287
3	287	201	336
3	404	336	418
3	403	479	480
3	479	501	557
3	617	642	659
3	545	544	634
3	406	425	529
3	351	386	518
3	591	646	650
3	547	579	614
3	504	537	586
3	537	504	456
3	642	595	587
3	663	659	702
3	786	770	821
3	77	74	100
3	67	77	100
3	89	67	100
3	153	143	168
3	125	158	150
3	140	153	158
3	132	112	131
3	166	132	131
3	119	142	138
3	156	142	132
3	142	156	138
3	152	141	157
3	157	151	162
3	151	138	162
3	84	89	109
3	84	109	118
3	109	120	127
3	109	127	118
3	127	128	151
3	118	127	141
3	141	127	151
3	128	138	151
3	141	151	157
3	100	74	108
3	89	100	109
3	74	88	108
3	109	100	124
3	109	124	120
3	100	108	124
3	124	108	117
3	108	105	117
3	127	120	124
3	128	127	117
3	127	124	117
3	88	105	108
3	197	196	200
3	196	197	214
3	196	214	211
3	197	200	207
3	236	196	211
3	207	200	226
3	236	211	248
3	200	210	226
3	210	200	213
3	226	210	253
3	143	149	180
3	149	146	170
3	168	143	180
3	149	170	190
3	149	190	180
3	171	168	205
3	168	180	231
3	205	168	231
3	180	190	251
3	231	180	251
3	150	158	131
3	158	153	171
3	158	171	173
3	131	158	174
3	158	173	174
3	171	153	168
3	174	173	188
3	188	173	201
3	173	171	203
3	201	173	203
3	171	205	203
3	132	166	156
3	156	166	179
3	172	176	179
3	175	172	179
3	166	131	179
3	179	131	174
3	174	175	179
3	152	157	165
3	138	156	162
3	157	176	172
3	157	162	176
3	165	157	172
3	176	162	156
3	176	156	179
3	248	211	273
3	273	211	214
3	298	248	273
3	273	214	347
3	273	347	431
3	210	213	253
3	226	253	258
3	253	213	306
3	258	253	306
3	306	213	337
3	294	258	327
3	337	213	250
3	258	306	327
3	250	394	443
3	403	306	337
3	337	250	443
3	327	306	403
3	327	403	412
3	288	294	318
3	271	288	310
3	318	294	327
3	310	288	318
3	310	318	362
3	362	318	393
3	318	327	393
3	297	271	361
3	326	284	297
3	326	297	361
3	271	310	361
3	284	326	388
3	361	310	362
3	398	361	362
3	361	398	415
3	326	361	415
3	388	326	415
3	372	345	447
3	386	372	447
3	251	190	303
3	251	303	419
3	231	251	268
3	205	231	268
3	205	268	313
3	268	251	419
3	313	268	405
3	405	268	419
3	203	205	313
3	301	203	313
3	201	203	336
3	203	301	336
3	336	301	418
3	298	273	427
3	427	273	431
3	427	431	494
3	494	431	551
3	427	494	448
3	593	448	494
3	593	494	606
3	551	540	585
3	557	605	585
3	494	551	606
3	606	551	585
3	605	592	606
3	501	555	605
3	606	585	605
3	403	337	460
3	337	443	460
3	460	443	501
3	412	403	480
3	501	443	505
3	403	460	479
3	479	460	501
3	505	555	501
3	605	557	501
3	393	327	412
3	362	393	434
3	434	393	412
3	434	412	502
3	534	434	502
3	412	480	527
3	412	527	502
3	502	567	619
3	567	502	527
3	534	502	587
3	587	502	619
3	398	362	434
3	398	434	454
3	398	454	415
3	454	434	534
3	415	454	534
3	531	415	534
3	514	415	617
3	415	531	617
3	534	587	595
3	531	534	595
3	617	531	642
3	642	531	595
3	469	388	415
3	357	388	469
3	439	357	469
3	469	415	514
3	439	469	498
3	498	469	517
3	469	514	517
3	517	514	617
3	498	517	663
3	517	617	659
3	517	659	663
3	544	498	625
3	625	498	663
3	544	625	634
3	370	406	462
3	462	406	529
3	462	529	611
3	529	594	611
3	529	545	594
3	545	634	594
3	447	345	462
3	345	370	462
3	447	462	493
3	607	462	611
3	493	462	607
3	386	447	493
3	386	493	518
3	518	493	588
3	518	588	568
3	588	493	607
3	588	607	730
3	675	588	730
3	548	475	597
3	475	547	597
3	516	548	635
3	597	547	614
3	303	385	419
3	473	430	475
3	385	516	560
3	385	430	516
3	430	473	516
3	473	475	548
3	473	548	516
3	560	516	635
3	313	405	476
3	405	419	476
3	419	385	560
3	476	419	560
3	476	560	565
3	476	565	628
3	628	565	647
3	565	620	647
3	301	313	418
3	418	313	476
3	404	418	497
3	418	476	497
3	495	404	497
3	495	497	572
3	497	476	572
3	572	476	628
3	569	495	708
3	572	628	676
3	569	708	590
3	456	404	500
3	404	495	500
3	500	537	456
3	537	500	590
3	500	495	569
3	500	569	590
3	629	586	537
3	586	629	631
3	634	625	674
3	674	625	698
3	594	634	674
3	740	674	698
3	707	611	729
3	611	594	729
3	594	674	692
3	707	729	786
3	729	594	770
3	692	674	740
3	786	729	770
3	607	611	707
3	730	607	707
3	730	707	773
3	707	786	773
3	568	588	675
3	730	773	796
3	650	646	755
3	650	755	775
3	650	775	809
3	800	775	755
3	755	646	823
3	646	747	823
3	755	851	800
3	601	591	789
3	789	591	650
3	601	789	616
3	789	650	809
3	776	616	789
3	776	789	809
3	1240	1205	1234
3	1220	1186	1205
3	1182	1205	1186
3	1161	1182	1186
3	1236	1232	1239
3	1243	1236	1249
3	1243	1232	1236
3	950	1055	1021
3	984	1055	950
3	890	984	950
3	839	890	950
3	839	832	890
3	1049	1052	1022
3	1052	1037	1022
3	977	1037	1052
3	1052	940	977
3	940	901	977
3	873	901	940
3	900	873	940
3	901	893	977
3	795	842	901
3	1321	1348	1407
3	873	804	901
3	804	795	901
3	832	759	878
3	682	736	759
3	645	717	736
3	682	645	736
3	645	666	717
3	618	666	645
3	834	858	872
3	858	804	873
3	858	834	804
3	763	804	834
3	763	834	872
3	803	799	815
3	794	763	872
3	815	794	872
3	726	794	815
3	726	763	794
3	787	799	803
3	799	726	815
3	782	771	787
3	771	744	787
3	787	744	799
3	744	726	799
3	744	636	726
3	704	744	771
3	612	636	744
3	760	753	768
3	771	782	768
3	742	768	756
3	756	768	753
3	742	771	768
3	704	771	742
3	670	704	742
3	713	670	742
3	704	612	744
3	580	612	704
3	756	753	671
3	753	705	671
3	713	742	756
3	671	713	756
3	712	705	753
3	671	570	713
3	633	705	679
3	633	671	705
3	533	618	645
3	533	645	682
3	533	481	618
3	442	481	533
3	464	442	533
3	464	384	442
3	381	384	464
3	384	359	436
3	508	449	486
3	387	411	508
3	411	449	508
3	411	391	449
3	528	508	526
3	507	508	528
3	508	515	526
3	486	511	508
3	508	511	515
3	526	536	596
3	526	515	536
3	512	511	538
3	511	512	515
3	470	512	538
3	467	515	512
3	470	467	512
3	470	426	467
3	461	426	470
3	446	461	470
3	409	426	461
3	633	570	671
3	496	570	633
3	549	496	633
3	491	532	570
3	496	491	570
3	477	532	491
3	491	335	477
3	463	471	535
3	471	496	549
3	496	335	491
3	471	402	496
3	463	429	471
3	402	335	496
3	429	374	471
3	471	374	402
3	521	463	535
3	472	463	521
3	474	472	521
3	445	472	474
3	472	363	463
3	363	429	463
3	445	378	472
3	472	360	363
3	378	360	472
3	381	359	384
3	328	359	381
3	319	355	359
3	328	319	359
3	328	219	319
3	199	319	219
3	208	319	199
3	328	224	219
3	320	350	377
3	338	320	377
3	233	320	338
3	233	278	320
3	276	233	338
3	315	276	338
3	209	233	276
3	252	209	276
3	338	377	387
3	387	377	411
3	377	391	411
3	446	417	461
3	417	409	461
3	417	331	409
3	331	366	409
3	358	331	417
3	290	331	358
3	331	330	366
3	369	358	417
3	369	305	358
3	305	290	358
3	290	330	331
3	308	305	369
3	308	290	305
3	308	291	280
3	280	282	308
3	308	286	290
3	282	286	308
3	321	282	289
3	282	280	289
3	341	342	367
3	341	340	343
3	343	342	341
3	324	342	343
3	289	307	342
3	324	289	342
3	321	324	343
3	321	289	324
3	346	339	341
3	339	340	341
3	283	300	340
3	339	283	340
3	283	339	346
3	245	300	283
3	266	246	296
3	296	246	346
3	246	283	346
3	239	246	266
3	246	245	283
3	262	232	266
3	240	262	261
3	240	232	262
3	232	239	266
3	259	309	348
3	295	259	348
3	259	261	309
3	227	240	261
3	259	227	261
3	255	227	259
3	335	402	374
3	264	374	429
3	264	302	374
3	295	335	374
3	302	295	374
3	335	295	348
3	293	295	302
3	293	255	295
3	247	293	302
3	255	259	295
3	235	255	293
3	247	235	293
3	229	235	247
3	242	241	255
3	235	242	255
3	228	242	235
3	360	285	363
3	269	260	378
3	277	269	378
3	260	360	378
3	260	267	360
3	269	215	260
3	215	222	260
3	260	229	267
3	224	202	219
3	209	194	233
3	230	245	246
3	239	225	246
3	225	230	246
3	225	239	232
3	241	227	255
3	1129	1219	1248
3	581	670	713
3	570	623	713
3	391	377	399
3	291	308	369
3	289	280	307
3	307	280	316
3	346	341	367
3	296	346	364
3	335	354	477
3	335	348	354
3	363	264	429
3	564	641	658
3	564	520	604
3	481	520	564
3	506	504	631
3	604	506	631
3	436	604	520
3	504	586	631
3	436	506	604
3	520	481	436
3	436	410	506
3	481	442	436
3	437	456	504
3	410	437	506
3	437	504	506
3	437	404	456
3	410	355	437
3	430	397	475
3	475	510	547
3	453	507	510
3	475	453	510
3	387	508	507
3	453	387	507
3	397	453	475
3	397	387	453
3	602	596	669
3	596	616	669
3	596	536	616
3	579	602	614
3	563	596	602
3	579	563	602
3	510	563	579
3	563	528	596
3	528	526	596
3	507	528	563
3	601	562	591
3	536	601	616
3	536	562	601
3	536	484	562
3	484	440	562
3	467	426	484
3	644	661	646
3	541	644	646
3	591	541	646
3	541	568	644
3	562	440	591
3	440	541	591
3	541	518	568
3	351	518	541
3	426	440	484
3	440	351	541
3	426	413	440
3	413	351	440
3	425	489	529
3	529	489	545
3	425	414	489
3	545	489	544
3	458	498	544
3	489	458	544
3	458	439	498
3	489	414	458
3	414	396	458
3	396	334	458
3	334	439	458
3	527	589	567
3	649	619	567
3	619	649	587
3	589	549	633
3	527	573	589
3	558	589	573
3	480	558	573
3	527	480	573
3	558	549	589
3	535	552	557
3	552	549	558
3	479	557	552
3	535	549	552
3	479	558	480
3	479	552	558
3	535	471	549
3	535	557	585
3	540	535	585
3	474	535	540
3	431	540	551
3	474	521	535
3	431	474	540
3	254	208	274
3	287	404	437
3	355	287	437
3	287	336	404
3	254	287	355
3	319	254	355
3	274	287	254
3	274	218	287
3	208	218	274
3	338	387	397
3	323	397	430
3	385	323	430
3	323	338	397
3	323	385	303
3	323	315	338
3	303	206	323
3	206	315	323
3	190	206	303
3	252	276	315
3	206	252	315
3	409	366	413
3	366	351	413
3	366	312	351
3	330	312	366
3	351	372	386
3	351	312	372
3	312	345	372
3	312	314	345
3	290	312	330
3	290	286	312
3	312	286	314
3	345	329	370
3	314	329	345
3	314	321	329
3	286	321	314
3	286	282	321
3	406	329	425
3	329	414	425
3	329	406	370
3	329	343	414
3	343	396	414
3	343	340	396
3	321	343	329
3	334	357	439
3	396	340	334
3	334	299	357
3	300	334	340
3	334	279	299
3	279	334	300
3	357	284	388
3	299	292	357
3	292	284	357
3	299	244	292
3	279	244	299
3	245	230	279
3	230	244	279
3	244	284	292
3	244	265	284
3	244	249	265
3	223	249	244
3	288	257	294
3	256	257	288
3	265	249	271
3	271	256	288
3	249	256	271
3	243	242	257
3	220	243	257
3	220	257	256
3	257	258	294
3	257	234	258
3	242	234	257
3	234	226	258
3	431	347	445
3	347	378	445
3	347	277	378
3	212	269	277
3	212	215	269
3	169	165	172
3	139	165	169
3	208	195	218
3	184	195	208
3	195	178	188
3	184	178	195
3	174	188	178
3	159	178	184
3	175	174	178
3	169	175	178
3	169	172	175
3	159	169	178
3	159	139	169
3	195	201	218
3	191	252	206
3	191	209	252
3	190	170	206
3	170	191	206
3	182	181	191
3	170	182	191
3	146	182	170
3	154	181	182
3	146	134	182
3	134	154	182
3	230	223	244
3	221	220	249
3	249	220	256
3	207	234	242
3	228	207	242
3	234	207	226
3	222	207	228
3	214	212	277
3	207	222	215
3	215	212	207
3	214	197	212
3	130	106	118
3	98	106	130
3	139	152	165
3	133	139	159
3	130	141	152
3	130	152	139
3	133	115	139
3	114	130	139
3	115	114	139
3	101	114	115
3	114	98	130
3	101	98	114
3	104	86	99
3	134	135	154
3	113	134	146
3	123	135	134
3	136	135	123
3	113	123	134
3	104	123	113
3	123	99	136
3	104	99	123
3	78	106	98
3	78	84	106
3	91	78	98
3	91	57	78
3	78	81	84
3	57	81	78
3	81	57	41
3	91	98	101
3	64	40	91
3	40	57	91
3	57	34	41
3	50	26	52
3	83	86	104
3	73	72	95
3	73	95	99
3	86	73	99
3	83	60	86
3	60	73	86
3	73	52	72
3	60	52	73
3	50	52	60
3	45	50	60
3	40	34	57
3	42	40	65
3	31	40	42
3	31	42	43
3	40	31	34
3	31	24	34
3	26	21	31
3	21	24	31
3	26	43	52
3	26	31	43
3	1933	1909	1947
3	1909	1914	1947
3	1891	1890	1914
3	1891	1866	1890
3	1887	1933	1904
3	1887	1909	1933
3	1887	1895	1909
3	1909	1891	1914
3	1895	1891	1909
3	1895	1881	1891
3	1881	1853	1891
3	1904	1879	1887
3	1887	1881	1895
3	1887	1871	1881
3	1871	1887	1879
3	1850	1859	1879
3	1853	1849	1891
3	1849	1866	1891
3	1859	1871	1879
3	1865	1853	1881
3	1871	1865	1881
3	618	564	658
3	481	564	618
3	436	359	410
3	515	484	536
3	515	467	484
3	355	410	359
3	319	208	254
3	409	413	426
3	245	279	300
3	242	243	241
3	191	181	185
3	223	221	249
3	161	133	159
3	145	133	161
3	99	95	136
3	65	40	64
3	72	52	87
3	43	42	63
3	52	43	63
3	72	103	95
3	125	140	158
3	140	129	153
3	122	129	140
3	97	122	140
3	125	97	140
3	122	93	129
3	97	93	122
3	93	83	110
3	93	110	129
3	129	143	153
3	113	146	149
3	143	110	149
3	129	110	143
3	110	113	149
3	110	83	113
3	83	104	113
3	77	48	74
3	48	46	74
3	48	77	67
3	44	30	67
3	30	48	67
3	84	81	89
3	81	67	89
3	81	41	56
3	56	67	81
3	56	44	67
3	23	44	56
3	15	35	7
3	39	38	61
3	35	46	48
3	131	116	150
3	116	125	150
3	112	102	116
3	112	116	131
3	119	138	128
3	117	111	128
3	213	200	204
3	605	555	592
3	443	441	505
3	560	680	565
3	565	680	620
3	620	703	696
3	696	703	879
3	807	812	861
3	681	590	689
3	765	812	807
3	37	39	47
3	10	29	18
3	20	17	29
3	10	0	6
3	5	2	4
3	4	1	11
3	5	4	7
3	11	1	12
3	4	11	15
3	7	4	15
3	12	10	18
3	11	12	36
3	15	11	36
3	12	18	36
3	36	18	53
3	15	36	35
3	61	62	76
3	76	62	97
3	47	39	75
3	70	47	75
3	39	61	75
3	61	76	75
3	90	70	75
3	90	75	94
3	75	76	94
3	27	47	58
3	27	58	55
3	58	47	70
3	55	58	69
3	69	58	90
3	58	70	90
3	69	90	96
3	17	27	55
3	29	17	55
3	18	29	53
3	29	55	69
3	53	29	71
3	29	69	71
3	71	69	80
3	80	69	96
3	51	36	53
3	35	36	51
3	51	53	68
3	54	51	59
3	68	53	71
3	51	68	59
3	71	80	68
3	59	68	92
3	82	59	92
3	92	68	80
3	46	35	54
3	54	35	51
3	46	54	59
3	74	46	59
3	74	82	88
3	74	59	82
3	82	92	105
3	88	82	105
3	94	76	116
3	76	97	116
3	116	97	125
3	90	94	102
3	102	94	116
3	112	90	102
3	96	90	119
3	119	90	112
3	119	112	132
3	142	119	132
3	111	80	119
3	80	96	119
3	111	119	128
3	92	80	111
3	117	92	111
3	92	117	105
3	198	196	236
3	196	198	200
3	200	198	204
3	204	198	237
3	250	204	237
3	237	198	275
3	198	236	275
3	236	248	275
3	237	275	304
3	250	237	317
3	304	322	349
3	322	304	275
3	237	304	349
3	317	237	349
3	275	248	298
3	322	275	298
3	322	298	448
3	392	322	448
3	394	349	379
3	298	427	448
3	213	204	250
3	250	317	394
3	317	349	394
3	394	379	441
3	394	441	443
3	492	441	379
3	505	441	492
3	392	448	593
3	379	593	492
3	505	492	592
3	555	505	592
3	492	593	592
3	593	606	592
3	560	635	680
3	584	556	598
3	584	598	603
3	660	603	598
3	487	553	524
3	487	556	584
3	487	584	624
3	556	487	610
3	487	524	610
3	688	737	720
3	720	737	843
3	737	824	843
3	635	688	720
3	680	635	720
3	680	720	757
3	757	720	843
3	620	680	757
3	703	620	757
3	703	757	810
3	703	810	879
3	778	807	861
3	828	778	861
3	778	828	793
3	722	681	689
3	681	722	711
3	683	681	711
3	722	689	735
3	711	722	752
3	735	689	765
3	735	778	793
3	735	765	778
3	778	765	807
3	706	660	677
3	706	677	738
3	738	711	706
3	738	677	754
3	690	706	780
3	706	711	780
3	711	785	780
3	603	660	690
3	38	45	49
3	93	66	83
3	62	93	97
3	62	66	93
3	66	60	83
3	62	49	66
3	45	60	66
3	49	45	66
3	49	62	61
3	38	49	61
3	7	35	48
3	30	7	48
3	30	5	7
3	41	23	56
3	33	23	41
3	23	14	44
3	13	23	33
3	14	30	44
3	14	5	30
3	13	14	23
3	13	2	14
3	2	13	16
3	2	5	14
3	33	41	34
3	24	33	34
3	16	13	33
3	24	16	33
3	24	21	19
3	16	19	22
3	24	19	16
3	22	19	25
3	38	50	45
3	38	28	50
3	28	38	39
3	28	26	50
3	19	28	25
3	19	21	26
3	19	26	28
3	1956	1967	1946
3	1940	1952	1956
3	1946	1940	1956
3	1924	1952	1940
3	1946	1929	1940
3	1947	1929	1946
3	1974	1972	1967
3	1967	1972	1957
3	1957	1946	1967
3	1943	1957	1972
3	1933	1946	1957
3	1933	1947	1946
3	1918	1933	1957
3	1943	1918	1957
3	1928	1918	1943
3	1918	1904	1933
3	1902	1915	1924
3	1920	1902	1924
3	1884	1902	1920
3	1901	1902	1884
3	1901	1869	1902
3	1920	1924	1940
3	1929	1920	1940
3	1890	1920	1929
3	1890	1884	1920
3	1856	1884	1890
3	1866	1856	1890
3	1928	1910	1918
3	1917	1928	1943
3	1927	1917	1943
3	1910	1904	1918
3	1879	1904	1910
3	1917	1910	1928
3	1917	1896	1910
3	1903	1896	1917
3	1889	1879	1910
3	1896	1889	1910
3	1896	1880	1889
3	1872	1880	1896
3	1880	1870	1889
3	1870	1886	1889
3	1870	1857	1886
3	1854	1870	1880
3	1872	1854	1880
3	1856	1901	1884
3	1838	1869	1901
3	1856	1838	1901
3	1838	1842	1869
3	1833	1838	1856
3	1819	1838	1833
3	1849	1833	1856
3	1820	1833	1849
3	1833	1815	1819
3	1820	1815	1833
3	1367	1433	1525
3	1857	1847	1886
3	1854	1843	1870
3	1843	1857	1870
3	1830	1843	1854
3	1813	1847	1857
3	1843	1813	1857
3	1830	1813	1843
3	1808	1813	1830
3	1805	1817	1820
3	1775	1816	1818
3	1804	1818	1817
3	1805	1804	1817
3	1804	1775	1818
3	1758	1804	1805
3	1700	1775	1804
3	1758	1700	1804
3	1733	1700	1758
3	1672	1700	1733
3	1775	1774	1816
3	1759	1774	1775
3	1700	1759	1775
3	1759	1716	1774
3	1798	1808	1830
3	1808	1776	1813
3	1726	1808	1798
3	1755	1776	1808
3	1726	1755	1808
3	1726	1722	1755
3	1675	1748	1781
3	1675	1664	1748
3	1762	1737	1752
3	1748	1676	1762
3	1687	1742	1737
3	1687	1693	1742
3	1685	1706	1761
3	1761	1773	1794
3	1761	1684	1773
3	1653	1684	1761
3	1706	1653	1761
3	1773	1757	1794
3	1794	1757	1791
3	1791	1757	1771
3	1684	1640	1773
3	1640	1757	1773
3	1640	1698	1757
3	1640	1645	1698
3	1698	1771	1757
3	1765	1763	1771
3	1730	1749	1771
3	1749	1765	1771
3	1698	1730	1771
3	1730	1678	1749
3	1638	1678	1730
3	1698	1638	1730
3	1777	1772	1778
3	1772	1782	1778
3	1772	1751	1782
3	1732	1763	1765
3	1765	1772	1777
3	1732	1765	1777
3	1749	1751	1772
3	1765	1749	1772
3	1749	1678	1751
3	1678	1705	1751
3	1782	1789	1778
3	1743	1785	1779
3	1743	1778	1785
3	1697	1743	1779
3	1514	1621	1593
3	1514	1501	1621
3	1515	1445	1514
3	1438	1514	1445
3	1514	1438	1501
3	1665	1672	1699
3	1642	1665	1699
3	1593	1642	1679
3	1649	1654	1665
3	1654	1672	1665
3	1654	1649	1655
3	1642	1649	1665
3	1621	1642	1593
3	1621	1622	1649
3	1642	1621	1649
3	1654	1759	1700
3	1654	1663	1759
3	1655	1663	1654
3	1672	1654	1700
3	1692	1722	1726
3	1681	1692	1726
3	1692	1634	1722
3	1634	1673	1722
3	1634	1594	1673
3	1561	1594	1634
3	1585	1561	1634
3	1551	1548	1561
3	1465	1561	1585
3	1465	1551	1561
3	1465	1409	1551
3	1451	1503	1551
3	1441	1502	1543
3	1517	1441	1543
3	1497	1441	1517
3	1644	1675	1670
3	1563	1644	1670
3	1601	1563	1670
3	1601	1543	1563
3	1543	1502	1563
3	1502	1455	1563
3	1675	1644	1664
3	1664	1676	1748
3	1544	1664	1644
3	1664	1554	1676
3	1544	1554	1664
3	1563	1544	1644
3	1563	1455	1544
3	1460	1554	1544
3	1460	1544	1455
3	1762	1630	1737
3	1676	1630	1762
3	1554	1567	1676
3	1630	1687	1737
3	1687	1613	1693
3	1643	1613	1687
3	1630	1643	1687
3	1613	1669	1693
3	1630	1536	1643
3	1536	1613	1643
3	1620	1610	1640
3	1427	1501	1438
3	1409	1451	1551
3	1423	1441	1497
3	1228	1335	1455
3	1914	1929	1947
3	1914	1890	1929
3	1886	1879	1889
3	1781	1748	1783
3	1748	1762	1752
3	1737	1742	1752
3	1761	1794	1797
3	1771	1763	1791
3	1561	1548	1594
3	1512	1548	1551
3	1451	1497	1519
3	1551	1503	1512
3	1542	1497	1517
3	1850	1879	1886
3	1849	1856	1866
3	1839	1849	1853
3	1820	1849	1839
3	1853	1828	1839
3	1836	1828	1853
3	1820	1839	1828
3	1795	1828	1836
3	1812	1795	1836
3	1795	1805	1828
3	1805	1820	1828
3	1859	1865	1871
3	1859	1836	1865
3	1826	1859	1850
3	1836	1853	1865
3	1826	1836	1859
3	1826	1812	1836
3	1803	1812	1826
3	1863	1850	1886
3	1886	1847	1863
3	1832	1826	1850
3	1834	1850	1863
3	1847	1834	1863
3	1834	1832	1850
3	1810	1832	1834
3	1832	1806	1826
3	1806	1803	1826
3	1813	1829	1847
3	1829	1834	1847
3	1829	1810	1834
3	1733	1805	1795
3	1733	1758	1805
3	1747	1795	1812
3	1806	1801	1803
3	1073	1105	1127
3	1747	1739	1795
3	1739	1733	1795
3	1718	1747	1764
3	1718	1739	1747
3	1718	1733	1739
3	1672	1733	1720
3	1810	1806	1832
3	1776	1829	1813
3	1802	1810	1829
3	1776	1788	1829
3	1802	1750	1810
3	1673	1802	1788
3	1673	1707	1802
3	1707	1750	1802
3	1776	1755	1788
3	1755	1673	1788
3	1707	1694	1750
3	1722	1673	1755
3	1766	1675	1786
3	1708	1728	1766
3	1728	1675	1766
3	1708	1662	1728
3	1662	1670	1728
3	1728	1670	1675
3	1781	1783	1786
3	1786	1675	1781
3	1731	1786	1783
3	1753	1766	1786
3	1756	1731	1783
3	1731	1753	1786
3	1783	1748	1752
3	1756	1783	1770
3	1783	1752	1770
3	1746	1756	1770
3	1752	1729	1770
3	1729	1704	1770
3	1704	1746	1770
3	1742	1729	1752
3	1693	1729	1742
3	1693	1719	1729
3	1719	1704	1729
3	1693	1696	1719
3	1754	1685	1761
3	1658	1685	1754
3	1793	1740	1797
3	1724	1740	1793
3	1754	1761	1797
3	1740	1754	1797
3	1740	1744	1754
3	1740	1639	1744
3	1744	1658	1754
3	1631	1658	1744
3	1794	1793	1797
3	1793	1794	1791
3	1793	1791	1784
3	1736	1793	1784
3	1767	1784	1791
3	1736	1724	1793
3	1736	1641	1724
3	1763	1767	1791
3	1767	1736	1784
3	1763	1702	1767
3	1702	1661	1767
3	1767	1680	1736
3	1661	1680	1767
3	1680	1641	1736
3	1723	1732	1777
3	1702	1763	1732
3	1723	1702	1732
3	1659	1702	1723
3	1778	1723	1777
3	1778	1717	1723
3	1745	1717	1778
3	1743	1745	1778
3	1717	1659	1723
3	1743	1608	1745
3	1604	1717	1745
3	1527	1565	1546
3	1514	1593	1632
3	1565	1515	1632
3	1515	1514	1632
3	1527	1515	1565
3	1496	1445	1515
3	1417	1515	1527
3	1699	1672	1720
3	1642	1699	1679
3	1701	1699	1720
3	1701	1720	1718
3	1632	1679	1699
3	1635	1632	1699
3	1701	1635	1699
3	1632	1593	1679
3	1565	1632	1635
3	1667	1694	1707
3	1656	1667	1707
3	1673	1656	1707
3	1673	1594	1656
3	1594	1602	1656
3	1594	1560	1602
3	1512	1560	1594
3	1548	1512	1594
3	1512	1499	1560
3	1499	1528	1560
3	1503	1499	1512
3	1479	1519	1520
3	1519	1503	1451
3	1479	1503	1519
3	1588	1601	1662
3	1625	1588	1662
3	1611	1564	1625
3	1588	1543	1601
3	1564	1588	1625
3	1517	1543	1588
3	1542	1517	1588
3	1564	1542	1588
3	1520	1542	1564
3	1520	1519	1542
3	1519	1497	1542
3	1662	1601	1670
3	1669	1696	1693
3	1696	1686	1719
3	1686	1704	1719
3	1647	1686	1696
3	1658	1696	1685
3	1696	1669	1685
3	1658	1647	1696
3	1631	1647	1658
3	1589	1647	1631
3	1639	1631	1744
3	1661	1616	1680
3	1606	1616	1661
3	1606	1538	1616
3	1475	1538	1606
3	1578	1475	1606
3	1435	1538	1475
3	1578	1702	1659
3	1578	1661	1702
3	1578	1606	1661
3	1582	1578	1659
3	1531	1430	1582
3	1475	1578	1582
3	1430	1475	1582
3	1473	1531	1532
3	1473	1430	1531
3	1608	1604	1745
3	1571	1608	1743
3	1697	1571	1743
3	1571	1604	1608
3	1571	1480	1604
3	1526	1472	1571
3	1472	1480	1571
3	1483	1472	1526
3	1467	1483	1526
3	1480	1473	1532
3	1391	1296	1417
3	1296	1336	1417
3	1336	1393	1408
3	1391	1306	1296
3	1306	1280	1296
3	1296	1229	1336
3	1417	1496	1515
3	1417	1408	1496
3	1408	1445	1496
3	1336	1408	1417
3	1479	1454	1503
3	1503	1454	1499
3	1208	1167	1248
3	1248	1258	1208
3	1370	1327	1389
3	1327	1341	1389
3	1260	1205	1341
3	1327	1298	1341
3	1273	1298	1327
3	1293	1260	1341
3	1298	1293	1341
3	1289	1293	1298
3	1220	1260	1293
3	1273	1370	1291
3	1273	1327	1370
3	1236	1291	1308
3	1273	1239	1298
3	1236	1273	1291
3	1249	1308	1328
3	1249	1236	1308
3	1263	1249	1328
3	1243	1249	1263
3	1243	1263	1279
3	1412	1435	1475
3	1337	1405	1435
3	1373	1337	1435
3	1412	1373	1435
3	1345	1302	1373
3	1302	1337	1373
3	1337	1263	1328
3	1263	1337	1302
3	1279	1263	1302
3	1450	1473	1480
3	1436	1430	1473
3	1436	1473	1450
3	1430	1412	1475
3	1436	1421	1430
3	1421	1412	1430
3	1373	1412	1421
3	1450	1472	1483
3	1472	1450	1480
3	1280	1229	1296
3	1184	1224	1229
3	1280	1184	1229
3	1133	1184	1280
3	1174	1133	1280
3	1133	1076	1184
3	1055	1133	1174
3	1075	1055	1174
3	1055	984	1076
3	1167	1129	1248
3	1256	1205	1258
3	1145	1167	1208
3	1258	1182	1208
3	1220	1205	1260
3	1220	1293	1257
3	1236	1239	1273
3	1735	1701	1718
3	1803	1747	1812
3	1801	1747	1803
3	1768	1764	1747
3	1810	1796	1806
3	1753	1708	1766
3	1625	1662	1708
3	1639	1740	1724
3	1677	1639	1724
3	1641	1677	1724
3	1616	1641	1680
3	1258	1248	1250
3	1370	1389	1443
3	1337	1328	1405
3	0	3	6
3	2	0	4
3	0	1	4
3	20	29	10
3	17	9	27
3	8	16	22
3	10	17	20
3	6	9	17
3	10	6	17
3	3	8	9
3	6	3	9
3	3	2	8
3	1640	1610	1645
3	1645	1638	1698
3	1536	1534	1613
3	1567	1630	1676
3	1577	1634	1692
3	1501	1591	1621
3	1621	1591	1622
3	1816	1815	1818
3	1903	1917	1927
3	1958	1943	1972
3	1967	1956	1968
3	1974	1967	1968
3	8	2	16
3	1446	1392	1506
3	1446	1506	1466
3	1507	1399	1523
3	1449	1461	1495
3	1402	1522	1481
3	1469	1367	1525
3	1482	1379	1530
3	1379	1457	1530
3	1457	1469	1530
3	1552	1714	1618
3	1584	1597	1638
3	1458	1493	1508
3	1508	1493	1584
3	1506	1508	1555
3	1493	1533	1597
3	1555	1508	1584
3	1584	1493	1597
3	1610	1555	1584
3	1555	1610	1620
3	1610	1584	1645
3	1645	1584	1638
3	1428	1466	1566
3	1466	1506	1557
3	1506	1555	1557
3	1466	1557	1626
3	1566	1466	1626
3	1557	1555	1620
3	1626	1557	1620
3	1399	1428	1566
3	1523	1399	1566
3	1507	1523	1574
3	1534	1507	1574
3	1574	1523	1566
3	1574	1566	1626
3	1461	1490	1534
3	1490	1507	1534
3	1536	1461	1534
3	1461	1536	1495
3	1630	1495	1536
3	1449	1567	1554
3	1449	1495	1567
3	1567	1495	1630
3	1381	1449	1554
3	1460	1381	1554
3	1402	1465	1522
3	1522	1465	1585
3	1481	1522	1442
3	1577	1442	1522
3	1442	1577	1529
3	1522	1585	1577
3	1577	1585	1634
3	1529	1577	1692
3	1498	1347	1524
3	1498	1524	1547
3	1547	1524	1629
3	1462	1529	1609
3	1524	1462	1609
3	1524	1609	1629
3	1609	1529	1666
3	1666	1529	1692
3	1525	1433	1569
3	1433	1547	1569
3	1525	1569	1605
3	1569	1547	1605
3	1583	1525	1605
3	1583	1605	1624
3	1605	1547	1629
3	1655	1624	1663
3	1591	1624	1655
3	1624	1605	1711
3	1759	1663	1716
3	1663	1624	1711
3	1469	1525	1530
3	1482	1530	1583
3	1530	1525	1583
3	1501	1482	1591
3	1591	1482	1583
3	1583	1624	1591
3	1622	1591	1655
3	1649	1622	1655
3	1427	1482	1501
3	1712	1598	1671
3	1785	1778	1789
3	1790	1712	1671
3	1671	1779	1790
3	1785	1789	1779
3	1790	1779	1789
3	1787	1792	1789
3	1792	1790	1789
3	1618	1714	1727
3	1705	1618	1727
3	1705	1727	1751
3	1782	1751	1787
3	1727	1780	1787
3	1789	1782	1787
3	1751	1727	1787
3	1638	1619	1678
3	1769	1681	1726
3	1769	1726	1798
3	1711	1629	1721
3	1629	1609	1721
3	1609	1666	1721
3	1666	1692	1681
3	1666	1681	1721
3	1734	1711	1721
3	1721	1681	1769
3	1721	1769	1800
3	1734	1721	1800
3	1769	1798	1811
3	1807	1734	1800
3	1769	1811	1800
3	1734	1807	1799
3	1807	1800	1821
3	1663	1711	1734
3	1716	1663	1734
3	1716	1734	1774
3	1734	1799	1774
3	1774	1799	1809
3	1816	1774	1809
3	1811	1798	1830
3	1799	1807	1845
3	1821	1800	1835
3	1807	1837	1845
3	1835	1800	1811
3	1807	1821	1837
3	1821	1835	1837
3	1811	1830	1854
3	1851	1835	1811
3	1845	1837	1861
3	1837	1835	1852
3	1861	1837	1852
3	1852	1835	1851
3	1851	1811	1854
3	1852	1851	1872
3	1861	1852	1867
3	1851	1854	1872
3	1867	1852	1872
3	1809	1799	1822
3	1816	1809	1822
3	1822	1799	1845
3	1814	1816	1822
3	1824	1814	1840
3	1814	1822	1841
3	1840	1814	1841
3	1841	1822	1845
3	1840	1841	1855
3	1841	1845	1861
3	1858	1824	1840
3	1841	1861	1855
3	1855	1861	1868
3	1858	1840	1868
3	1840	1855	1868
3	1868	1861	1867
3	1868	1867	1877
3	1819	1815	1823
3	1815	1814	1823
3	1814	1815	1816
3	1825	1814	1824
3	1814	1825	1823
3	1831	1823	1825
3	1825	1824	1844
3	1844	1824	1858
3	1825	1844	1864
3	1864	1844	1858
3	1878	1864	1858
3	1819	1823	1827
3	1827	1823	1831
3	1819	1827	1842
3	1838	1819	1842
3	1827	1831	1846
3	1831	1825	1848
3	1846	1831	1848
3	1842	1827	1862
3	1827	1846	1860
3	1827	1860	1862
3	1864	1848	1825
3	1842	1862	1869
3	1862	1860	1885
3	1867	1872	1896
3	1867	1896	1903
3	1858	1868	1898
3	1877	1867	1903
3	1907	1877	1926
3	1877	1903	1926
3	1903	1927	1926
3	1926	1927	1949
3	1949	1927	1943
3	1862	1885	1888
3	1869	1862	1893
3	1862	1888	1893
3	1888	1885	1876
3	1869	1893	1902
3	1899	1888	1876
3	1893	1888	1899
3	1902	1893	1915
3	1893	1899	1911
3	1915	1893	1925
3	1925	1893	1911
3	1911	1923	1925
3	1885	1883	1876
3	1899	1876	1875
3	1875	1999	1919
3	1899	1875	1923
3	1919	1999	1922
3	1911	1899	1923
3	1923	1919	1942
3	1919	1922	1930
3	1926	1949	1944
3	1944	1949	1954
3	1949	1943	1958
3	1954	1949	1958
3	1958	1972	1974
3	1944	1954	1970
3	1970	1954	1975
3	1954	1958	1975
3	1958	1974	1975
3	1975	1974	1979
3	1924	1941	1952
3	1952	1941	1955
3	1968	1952	1955
3	1956	1952	1968
3	1955	1971	1968
3	1968	1971	1979
3	1974	1968	1979
3	1975	1979	1976
3	1915	1925	1941
3	1915	1941	1924
3	1923	1963	1925
3	1941	1925	1963
3	1941	1963	1955
3	1955	1963	1980
3	1971	1955	1980
3	1963	1959	1991
3	1980	1963	1991
3	1919	1930	1945
3	1942	1919	1945
3	1963	1923	1959
3	1923	1942	1959
3	1959	1942	1960
3	1981	1971	1983
3	1983	1971	1980
3	1959	1985	1991
3	1980	1991	1993
3	1980	1993	1983
3	1985	1959	1960
3	25	28	37
3	28	39	37
3	8	22	9
3	22	25	32
3	27	9	22
3	32	25	37
3	22	32	27
3	27	32	47
3	32	37	47
3	0	2	3
3	495	572	708
3	384	436	442
3	547	510	579
3	510	507	563
3	431	445	474
3	197	207	212
3	598	556	610
3	1818	1815	1820
3	1817	1818	1820
3	1718	1720	1733
3	1788	1802	1829
3	1605	1629	1711
3	1923	1875	1919
