0.72676	0.3716	-0.22962
0.72412	0.38104	-0.21412
0.71505	0.39515	-0.20589
0.70817	0.36397	-0.24499
0.7032	0.34139	-0.17909
0.70559	0.33456	-0.22751
0.69638	0.42215	-0.23831
0.69621	0.40439	-0.19711
0.69524	0.46037	-0.24309
0.70004	0.39599	-0.25467
0.69746	0.35865	-0.17388
0.69153	0.42812	-0.20678
0.68888	0.44928	-0.26481
0.68173	0.4533	-0.21719
0.66463	0.39814	-0.25469
0.67937	0.47395	-0.24685
0.68283	0.31146	-0.19196
0.67052	0.40266	-0.1668
0.67941	0.31677	-0.23085
0.66934	0.34188	-0.24899
0.64841	0.45897	-0.23808
0.66087	0.43703	-0.18518
0.67133	0.29439	-0.2058
0.64823	0.44733	-0.25027
0.65059	0.46011	-0.21933
0.66553	0.34643	-0.15165
0.66692	0.37455	-0.15522
0.62797	0.49529	-0.24918
0.63251	0.2826	-0.22817
0.6441	0.45719	-0.19764
0.64328	0.28355	-0.15558
0.6329	0.46088	-0.24824
0.64182	0.27286	-0.20412
0.62681	0.49826	-0.23988
0.6335	0.29265	-0.14025
0.64378	0.31409	-0.24041
0.66933	0.42627	-0.25811
0.61633	0.35472	-0.13439
0.60207	0.46929	-0.17923
0.61178	0.48106	-0.24576
0.63269	0.4188	-0.16015
0.63713	0.24654	-0.16401
0.61336	0.4365	-0.15619
0.6293	0.2576	-0.1089
0.62901	0.25282	-0.074056
0.62709	0.28339	-0.12054
0.59366	0.38085	-0.23799
0.60987	0.32202	-0.12852
0.62052	0.2346	-0.088111
0.61871	0.26756	-0.036392
0.60935	0.2955	-0.23459
0.62738	0.27291	-0.074014
0.6142	0.30784	-0.098832
0.58703	0.47729	-0.19513
0.60212	0.23743	-0.22945
0.61764	0.2239	-0.19811
0.58559	0.46728	-0.23493
0.59293	0.48554	-0.22065
0.60212	0.23365	-0.018247
0.60531	0.19811	-0.12059
0.60212	0.20841	-0.065287
0.62136	0.21872	-0.14024
0.59467	0.33526	-0.096032
0.5934	0.27965	-0.0049529
0.57	0.4891	-0.21891
0.60484	0.3761	-0.13449
0.60418	0.30672	-0.031553
0.56814	0.40345	-0.13483
0.57763	0.34593	-0.12585
0.5736	0.28332	-0.22846
0.58096	0.17539	-0.14826
0.56037	0.32854	-0.0029733
0.57461	0.19411	-0.021165
0.56164	0.44646	-0.23164
0.58595	0.20714	-0.21492
0.57393	0.23146	-0.23722
0.54952	0.43046	-0.1471
0.54517	0.39396	-0.13591
0.55653	0.35505	-0.11919
0.56924	0.3487	-0.038657
0.53075	0.45613	-0.18099
0.55819	0.36065	-0.08968
0.56386	0.15809	-0.074503
0.54336	0.3695	-0.22188
0.57113	0.16294	-0.10638
0.55326	0.20171	-0.22118
0.54567	0.36238	-0.073599
0.534	0.36856	-0.1329
0.54126	0.17838	-0.196
0.55864	0.2286	0.018139
0.54362	0.27866	0.024145
0.55506	0.19893	0.0041388
0.56231	0.25201	-0.22726
0.53464	0.41145	-0.15152
0.54721	0.35098	-0.029849
0.53406	0.45038	-0.21489
0.54651	0.15886	-0.16121
0.53103	0.19992	-0.20962
0.53677	0.33005	2.6242e-05
0.55546	0.15057	-0.1105
0.52714	0.24677	0.033379
0.51962	0.40728	-0.18732
0.51625	0.34125	-0.033832
0.51597	0.30175	0.02214
0.52586	0.39144	-0.20668
0.53866	0.14906	-0.041047
0.51849	0.36439	-0.1247
0.51926	0.37375	-0.097763
0.50458	0.35774	-0.19599
0.51703	0.20696	-0.18555
0.53054	0.13286	-0.080571
0.52316	0.15069	-0.017436
0.51555	0.27323	-0.19612
0.50272	0.33882	-0.20391
0.50636	0.31504	-0.19904
0.51191	0.37125	-0.16821
0.51284	0.12644	-0.10723
0.57856	-0.43147	-0.35948
0.57079	-0.4588	-0.36228
0.56086	-0.45221	-0.32241
0.47058	0.30412	-0.001053
0.5029	0.1557	-0.16666
0.50272	0.13315	-0.13613
0.49974	0.18827	0.022123
0.55221	-0.45042	-0.37734
0.55795	-0.47061	-0.34186
0.55728	-0.39381	-0.31665
0.54851	-0.40917	-0.294
0.50459	0.16051	0.0047921
0.50584	0.12367	-0.059174
0.47154	0.35681	-0.15697
0.4616	0.29991	-0.16337
0.5375	-0.37662	-0.1599
0.5371	-0.34254	-0.20455
0.55106	-0.39842	-0.38058
0.54805	-0.39757	-0.28941
0.49752	0.16845	-0.17084
0.48489	0.24573	-0.16425
0.47757	0.34144	-0.19399
0.47616	0.36573	-0.123
0.54453	-0.3616	-0.3779
0.45758	0.32653	-0.031636
0.54009	-0.34757	-0.31452
0.53813	-0.36024	-0.26589
0.53457	-0.43417	-0.24933
0.49579	0.13592	-0.024463
0.52419	-0.32844	-0.24502
0.52715	-0.31778	-0.3593
0.53331	-0.48178	-0.35576
0.47797	0.11762	-0.090055
0.5382	-0.43463	-0.29243
0.46684	0.25744	0.031588
0.52106	-0.32687	-0.29466
0.52683	-0.43977	-0.1988
0.53347	-0.40256	-0.15602
0.52852	-0.37926	-0.12356
0.47051	0.21466	0.035102
0.526	-0.33989	-0.38959
0.49394	0.3575	-0.06772
0.45623	0.13578	-0.13331
0.47315	0.17855	-0.1432
0.52953	-0.32249	-0.38514
0.47439	0.18849	0.029351
0.52714	-0.34511	-0.14938
0.52609	-0.43737	-0.26538
0.46572	0.35658	-0.092967
0.51554	-0.45007	-0.29557
0.5267	-0.47128	-0.37734
0.45296	0.34437	-0.15706
0.47788	0.15652	0.0097184
0.52108	-0.35166	-0.10634
0.48651	-0.45627	-0.38896
0.45978	0.235	0.039182
0.50935	-0.26955	-0.39782
0.486	-0.25519	-0.40864
0.5089	-0.31673	-0.14983
0.51487	-0.41059	-0.10264
0.51453	-0.43039	-0.12454
0.49936	-0.24442	-0.36958
0.44093	0.30785	-0.1583
0.50305	-0.29999	-0.23434
0.45566	0.11795	-0.078672
0.50514	-0.35642	-0.059124
0.46679	0.15776	-0.14898
0.42624	0.24821	-0.11969
0.50219	-0.31307	-0.28149
0.49965	-0.32885	-0.071068
0.47284	-0.22426	-0.40561
0.46049	0.12494	-0.035139
0.50107	-0.44802	-0.27499
0.4624	0.1385	0.0082273
0.50567	-0.38779	-0.063648
0.50105	-0.45591	-0.14688
0.42907	0.31335	-0.04541
0.44584	0.30194	-0.0053201
0.49054	-0.45787	-0.30818
0.43434	0.22197	0.069893
0.50221	-0.29281	-0.32575
0.46413	-0.42877	-0.39181
0.5015	-0.46081	-0.2336
0.44937	-0.19342	-0.39902
0.49802	-0.47438	-0.37063
0.48531	-0.29887	-0.12613
0.43764	0.16692	0.066493
0.48526	-0.30711	-0.085174
0.48184	-0.47081	-0.35412
0.44358	0.12504	-0.064546
0.487	-0.37901	-0.03019
0.49284	-0.42506	-0.065017
0.44034	0.14547	-0.12947
0.43547	0.19953	-0.12244
0.41617	0.30422	-0.13625
0.47159	-0.23573	-0.34413
0.48599	-0.3321	-0.039328
0.4642	-0.27711	-0.19569
0.4799	-0.4663	-0.23081
0.42625	0.2703	0.031375
0.4736	-0.29122	-0.16531
0.48049	-0.30046	-0.27973
0.41804	0.31555	-0.09796
0.43355	0.16611	-0.13137
0.47497	-0.46819	-0.11351
0.47621	-0.2871	-0.30958
0.43402	0.16456	0.094707
0.47955	-0.45099	-0.078236
0.46562	-0.4359	-0.036834
0.43601	0.13914	0.05205
0.42924	0.118	0.029488
0.45847	-0.29182	-0.08334
0.47055	-0.44608	-0.28798
0.39513	0.26552	-0.11245
0.42056	0.2493	0.076343
0.40985	0.28614	0.0009403
0.45418	-0.30863	-0.026407
0.42381	0.21042	0.09916
0.42245	0.13883	-0.093569
0.4262	0.13434	-0.077028
0.4351	-0.42325	0.0086557
0.43865	-0.21733	-0.36977
0.42087	0.17767	0.10278
0.42054	0.12407	0.077008
0.44723	-0.20556	-0.41415
0.39572	0.1315	-0.053362
0.45048	-0.28769	-0.3068
0.44881	-0.2985	-0.28262
0.42613	-0.27168	-0.20505
0.40037	0.27222	0.047349
0.44113	-0.28173	-0.13018
0.43074	-0.41359	-0.39478
0.40411	0.28764	-0.058236
0.45693	-0.43952	-0.3058
0.41457	0.10897	0.056278
0.44088	-0.25473	-0.41555
0.41694	-0.25882	-0.32676
0.39694	0.23249	-0.11024
0.3685	0.084572	-0.0040334
0.45591	-0.28581	-0.24749
0.39646	0.27499	-0.088573
0.4286	-0.27337	-0.15089
0.39014	0.24999	0.085077
0.44938	-0.44646	-0.37359
0.39327	0.20885	-0.11189
0.3953	0.18542	0.11064
0.39314	0.10314	-0.033125
0.45666	-0.48042	-0.13511
0.4133	0.16427	-0.11602
0.45618	-0.44897	-0.32488
0.44166	-0.37035	0.011519
0.43579	-0.46948	-0.22618
0.38872	0.27347	-0.021235
0.45752	-0.3435	-0.39782
0.39393	0.13568	0.10431
0.41413	-0.28586	-0.23457
0.42701	-0.28426	-0.058146
0.42017	-0.21065	-0.40394
0.43869	-0.46823	-0.058358
0.39729	0.16532	-0.077301
0.4297	-0.22672	-0.41658
0.3866	0.24072	-0.075723
0.38091	0.2583	-0.041422
0.38722	0.20214	-0.081052
0.41884	-0.30018	-0.30651
0.40007	-0.37554	0.095243
0.43261	-0.47985	-0.089398
0.38316	0.27545	0.016222
0.42163	-0.3087	-0.29169
0.41508	-0.3079	-0.0081495
0.39188	-0.20942	-0.41041
0.37275	0.16603	-0.058775
0.4263	-0.33603	0.012539
0.42587	-0.28156	-0.1149
0.41108	-0.4014	-0.38694
0.43355	-0.44609	-0.26912
0.4105	-0.40094	-0.32869
0.37523	0.22817	-0.061498
0.42334	-0.36885	0.046322
0.37453	0.19968	-0.065702
0.35282	0.24293	-0.033655
0.40482	-0.3278	0.04011
0.42174	-0.26343	-0.41932
0.3692	0.10185	0.08043
0.37028	0.27287	0.05427
0.39623	-0.26919	-0.32758
0.37979	0.23173	0.10448
0.40914	-0.32701	-0.29596
0.36512	0.18374	0.13374
0.37791	-0.22364	-0.36969
0.39488	-0.35298	-0.41328
0.42463	-0.41255	-0.30811
0.4162	-0.44671	-0.0066521
0.39309	-0.26588	-0.18945
0.40612	-0.30436	-0.25495
0.36776	0.13838	0.12464
0.41051	-0.40133	-0.28713
0.34733	0.22448	0.12819
0.4056	-0.49019	-0.12546
0.3549	0.25936	0.097638
0.39683	-0.28328	-0.11606
0.40571	-0.28761	-0.037738
0.42439	-0.48569	-0.16671
0.38981	0.091747	0.030647
0.40667	-0.37258	-0.30726
0.36534	-0.31911	-0.42099
0.39032	-0.46142	-0.019493
0.41058	-0.42064	0.047205
0.37931	-0.29875	0.0048199
0.39842	-0.34962	-0.26976
0.37833	-0.27361	-0.14857
0.40806	-0.48618	-0.090875
0.34402	0.21312	-0.055256
0.40588	-0.34657	-0.29528
0.38745	-0.39293	0.10616
0.34744	0.20169	0.15919
0.34017	0.25003	0.13732
0.33661	0.1681	-0.050425
0.35989	-0.27804	-0.19754
0.36142	0.26654	0.0063147
0.37031	-0.27632	-0.080469
0.37845	-0.22613	-0.41844
0.35498	0.15516	0.15278
0.33542	0.27891	0.059239
0.37709	-0.3006	0.04537
0.38659	-0.33522	0.1143
0.38748	-0.48508	-0.16177
0.32081	0.25407	-0.018926
0.38399	-0.3841	-0.25838
0.3739	-0.43852	-0.22306
0.3836	-0.31055	0.079143
0.37615	-0.44034	0.059678
0.38737	-0.36976	-0.34313
0.33203	0.080556	0.065654
0.38649	-0.30559	-0.24064
0.37853	-0.27291	0.1182
0.32239	0.10601	0.13841
0.32499	0.2748	0.12112
0.36818	-0.34608	-0.3398
0.37393	-0.28235	0.082245
0.33127	0.23145	0.15446
0.36233	-0.34439	-0.41479
0.37663	-0.30999	-0.32531
0.37415	-0.27716	0.17775
0.36357	-0.27953	-0.12112
0.36779	-0.20727	-0.40031
0.32722	0.092615	0.10276
0.31979	0.27705	0.030447
0.36796	-0.23167	0.15588
0.3697	-0.36443	0.14643
0.35505	-0.32029	-0.33959
0.36193	-0.28109	0.053247
0.38935	-0.47342	-0.19081
0.33008	0.15096	0.16889
0.36587	-0.30544	0.19696
0.36023	-0.2396	0.21934
0.31818	0.19874	0.1751
0.37108	-0.31328	0.17237
0.34367	-0.18798	0.14882
0.36107	-0.25689	-0.42082
0.34775	-0.3164	-0.41735
0.35736	-0.25086	0.053816
0.35947	-0.38302	0.14554
0.35125	-0.28968	-0.19835
0.30681	0.25388	0.15561
0.36894	-0.42544	0.093586
0.35667	-0.22434	0.085764
0.34698	-0.28361	-0.16677
0.30395	0.21835	-0.045463
0.35268	-0.24312	-0.40956
0.36268	-0.26097	-0.36067
0.34724	-0.24672	-0.39289
0.35149	-0.34592	-0.20455
0.34399	-0.28081	-0.023205
0.34347	-0.45312	0.014728
0.34774	-0.19771	0.18583
0.34791	-0.36801	-0.21481
0.34089	-0.39881	-0.1993
0.34386	-0.28159	0.24865
0.30481	0.21857	0.16999
0.34483	-0.27213	-0.061683
0.30076	0.15072	-0.039585
0.2921	0.28505	0.11497
0.33686	-0.28408	-0.36279
0.33929	-0.28014	0.0062058
0.36781	-0.45834	-0.023763
0.33624	-0.23659	0.029577
0.33559	-0.19945	0.23606
0.28246	0.1617	-0.039777
0.36472	-0.4872	-0.12324
0.33522	-0.26034	-0.42234
0.34567	-0.33466	-0.39851
0.28532	0.29226	0.077191
0.27236	0.07697	0.061091
0.32571	-0.31923	0.25106
0.3346	-0.23494	0.26737
0.33744	-0.26984	0.025868
0.33347	-0.32186	-0.36844
0.26199	0.085015	0.025084
0.32354	-0.18089	0.098119
0.32484	-0.20722	0.047276
0.35743	-0.47209	-0.061349
0.33975	-0.46407	-0.14959
0.3464	-0.44034	-0.18423
0.31817	-0.18682	0.072175
0.34294	-0.28951	-0.12344
0.35359	-0.43764	0.064461
0.32343	-0.28427	-0.085861
0.30657	0.14016	0.16838
0.33254	-0.18022	0.15658
0.33228	-0.32794	-0.17727
0.289	0.27148	0.14369
0.27499	0.27982	0.028932
0.32224	-0.21936	0.27482
0.33478	-0.43689	0.080941
0.32006	-0.31541	-0.1424
0.26408	0.24535	-0.024103
0.27293	0.20215	0.18773
0.30536	0.090254	-0.0047514
0.27842	0.093157	0.12813
0.33083	-0.44985	-0.033238
0.31172	-0.18548	0.19911
0.3371	-0.47147	-0.094343
0.26917	0.18513	-0.044675
0.32111	-0.40722	-0.16369
0.32298	-0.34128	0.23115
0.27365	0.2456	0.17603
0.27518	0.12534	0.16693
0.29391	-0.17277	0.1025
0.25987	0.27354	0.01266
0.32423	-0.40072	0.14945
0.28682	-0.2215	0.3091
0.29996	-0.261	-0.0036449
0.2608	0.30311	0.10658
0.26597	0.28763	0.14837
0.3045	-0.27141	0.29546
0.3063	-0.37403	-0.13556
0.27045	0.15728	0.18598
0.31083	-0.27205	-0.025519
0.25947	0.10451	-0.00083974
0.28321	-0.17644	0.14249
0.29594	-0.38354	0.19873
0.30912	-0.41451	0.12879
0.31138	-0.24839	-0.40439
0.28852	-0.20823	0.022443
0.3042	-0.36293	0.22309
0.25418	0.2259	-0.038366
0.29596	-0.18036	0.1735
0.29208	-0.20186	0.28643
0.31758	-0.44567	0.021171
0.30983	-0.27227	-0.41041
0.26075	0.13508	-0.020238
0.31918	-0.45463	-0.11066
0.29563	-0.23487	0.0026502
0.28989	-0.31924	-0.099921
0.30681	-0.33425	-0.13392
0.25191	0.26129	0.19199
0.30868	-0.42834	-0.13022
0.30182	-0.28093	-0.047227
0.23851	0.30894	0.17465
0.31084	-0.4376	-0.045345
0.28827	-0.40983	-0.083017
0.25767	0.11095	0.1805
0.24322	0.31366	0.14754
0.26496	-0.17251	0.072766
0.23923	0.24435	0.22999
0.25161	0.3096	0.079105
0.27747	-0.3049	0.29713
0.24781	0.20269	0.20815
0.28724	-0.34142	-0.11036
0.28356	-0.33147	0.27037
0.25228	0.072937	0.064784
0.27239	-0.16077	0.19472
0.21528	0.14987	-0.04211
0.27827	-0.26284	-0.034262
0.26077	0.085653	0.1306
0.25593	-0.17842	0.27985
0.22115	0.35533	0.15003
0.22079	0.35426	0.12197
0.28351	-0.40793	-0.042039
0.2468	0.0915	0.19778
0.24442	0.14489	0.22271
0.22893	0.32265	0.049543
0.26603	-0.15244	0.15345
0.22859	0.29161	0.24614
0.27943	-0.30622	-0.056813
0.21638	0.22846	-0.039608
0.23382	0.20293	0.24145
0.23298	0.30132	0.029316
0.22734	0.30839	0.21249
0.27602	-0.36846	-0.087693
0.23332	0.24513	0.25834
0.27038	-0.26143	-0.015425
0.21685	0.25594	-0.028771
0.26949	-0.32756	-0.060054
0.24017	-0.22299	0.33288
0.28057	-0.42709	0.037342
0.22783	0.1991	0.27539
0.23314	0.10033	0.26949
0.24873	0.079522	0.16473
0.25637	-0.2186	0.0096362
0.26896	-0.35563	0.24822
0.25161	-0.13777	0.13479
0.22258	0.34203	0.18789
0.25458	-0.4056	0.12037
0.23073	0.066046	0.041801
0.22541	0.10014	-0.0034764
0.22916	0.049233	0.13275
0.26902	-0.17218	0.24486
0.21233	0.34804	0.068991
0.24758	-0.39611	0.022612
0.23414	-0.18468	0.05135
0.21339	0.28648	-0.0057878
0.19653	0.38916	0.17593
0.26789	-0.3912	-0.029564
0.21369	0.25346	0.29371
0.22018	-0.27326	0.34633
0.23304	-0.14756	0.21981
0.20974	0.19062	-0.04861
0.23296	0.05095	0.10494
0.24644	-0.29094	-0.043237
0.20992	0.32624	0.020362
0.246	-0.1341	0.16329
0.20662	0.36848	0.2073
0.20157	0.33466	0.0080461
0.266	-0.35447	-0.054929
0.19605	0.30447	0.0023872
0.23996	-0.14691	0.10614
0.19692	0.36006	0.23387
0.25283	-0.334	-0.04201
0.24881	-0.18938	0.30509
0.26864	-0.40035	0.16807
0.20904	0.21304	0.31611
0.2111	0.12539	0.31913
0.2383	-0.13208	0.17515
0.20393	0.3182	0.27295
0.22658	0.039304	0.19419
0.22091	0.095615	0.29423
0.19013	0.39773	0.13808
0.21592	0.03049	0.029026
0.21975	0.025526	0.12364
0.18851	0.25415	-0.079178
0.18905	0.38593	0.10735
0.23591	-0.16267	0.28697
0.20415	0.2836	0.29749
0.19123	0.35661	0.054517
0.22029	-0.13584	0.13653
0.20699	0.097879	-0.021595
0.22424	-0.39149	0.1153
0.22503	0.044595	0.23813
0.22666	-0.22994	0.0077654
0.20946	-0.0020209	0.20472
0.19555	0.21987	-0.07203
0.24735	-0.27677	-0.018685
0.20755	-0.13859	0.1543
0.16434	0.42762	0.18447
0.21238	0.020347	0.085696
0.17301	0.38361	0.25576
0.20953	0.05114	0.28415
0.21853	-0.12347	0.22392
0.19132	0.099661	0.33609
0.2391	-0.25202	-0.0095191
0.21059	-0.0024651	0.11597
0.16925	0.38515	0.070568
0.19138	0.19508	-0.065143
0.22011	-0.29882	0.33011
0.24256	-0.39396	0.14983
0.18943	-0.092091	0.30879
0.17655	0.29428	-0.049884
0.20457	-0.0053486	0.15461
0.2119	-0.36972	0.24334
0.19174	0.14153	-0.04854
0.17088	0.29016	0.33005
0.17885	0.36235	0.27405
0.19751	0.0095919	0.026313
0.20584	0.014745	0.26302
0.18121	0.16045	-0.056069
0.16896	0.41854	0.14117
0.23585	-0.31184	-0.018995
0.18643	0.33371	-0.0060595
0.18223	0.070939	0.34509
0.15058	0.4386	0.12177
0.21797	-0.2509	0.35102
0.19578	-0.13535	0.15231
0.16045	0.23127	0.35868
0.21849	-0.2914	-0.011632
0.20917	-0.15082	0.32587
0.20775	-0.02944	0.21684
0.19878	-0.022858	0.14878
0.23109	-0.33854	-0.011716
0.21415	-0.18696	0.34595
0.20289	-0.0085306	0.26591
0.21249	-0.09387	0.23288
0.16375	0.36153	-0.026747
0.17647	0.15846	0.35454
0.20219	-0.057963	0.2033
0.16156	0.40557	0.2486
0.2063	-0.049569	0.25368
0.16352	0.36515	0.00099093
0.18664	0.030061	0.30541
0.22864	-0.36761	0.0058394
0.17791	0.010211	-0.010963
0.21747	-0.37656	0.22319
0.17652	0.050597	-0.041986
0.16179	0.31365	-0.025501
0.20956	-0.33052	0.29622
0.16127	0.35773	-0.03885
0.16319	0.41212	0.090619
0.16144	0.23983	-0.10127
0.20646	-0.1006	0.27936
0.18366	-0.01742	0.3119
0.19701	-0.0093569	0.091283
0.19041	-0.08042	0.18207
0.20418	-0.25309	0.0062635
0.21648	-0.38247	0.051904
0.19681	-0.18398	0.073151
0.20955	-0.32029	0.00066501
0.19427	-0.057134	0.2871
0.13946	0.37988	0.30361
0.18874	-0.027169	0.13614
0.15263	0.28389	-0.10423
0.18541	-0.23503	0.035
0.12672	0.34503	-0.057037
0.1541	0.32008	0.33357
0.17404	-0.03515	0.05608
0.19379	-0.15868	0.10723
0.1566	0.1187	-0.066552
0.13891	0.43422	0.079238
0.16616	-0.052436	0.34403
0.16839	-0.044998	0.088702
0.18924	-0.11442	0.16357
0.16493	0.19469	-0.06635
0.1563	0.26614	0.3521
0.16705	-0.1146	0.34023
0.13101	0.32482	-0.073217
0.13038	0.45524	0.18993
0.12084	0.46107	0.10047
0.16408	-0.089831	0.12723
0.14854	0.020318	0.34672
0.2005	-0.37713	0.086102
0.16337	0.037056	0.33266
0.16187	-0.036514	0.019821
0.14806	0.16212	-0.066527
0.16296	-0.16966	0.11769
0.13352	0.25917	-0.12877
0.11663	0.41301	0.28471
0.18582	-0.30549	0.33278
0.19488	-0.35674	0.046869
0.16843	-0.35343	0.27573
0.15082	0.14911	0.37504
0.1176	0.45281	0.22066
0.12281	0.28528	-0.1451
0.16041	-0.21771	0.37546
0.1035	0.47207	0.15666
0.17835	-0.26436	0.027569
0.13319	0.37428	-0.056942
0.10478	0.43504	0.026542
0.12081	0.40382	-0.042024
0.15886	-0.22229	0.070419
0.15082	-0.24725	0.37479
0.12173	0.39344	0.30448
0.12037	0.43221	0.26086
0.11521	0.29484	0.37585
0.1602	-0.13399	0.12101
0.10691	0.42794	-0.25436
0.1157	0.41391	0.0088962
0.17074	-0.38047	0.1652
0.10087	0.44697	-0.29604
0.15645	0.030392	-0.048775
0.11852	0.37616	-0.22184
0.10304	0.3383	0.36106
0.13906	-0.065781	0.37534
0.14178	-0.37223	0.15481
0.11942	0.23521	-0.085098
0.10715	0.35143	-0.081548
0.13006	0.084973	0.38278
0.10094	0.33218	-0.15791
0.12516	0.39723	-0.23749
0.11487	0.39205	-0.21422
0.11762	0.25189	0.38489
0.13147	0.13802	-0.078415
0.14922	-0.19963	0.10438
0.11172	0.14768	0.3954
0.090348	0.45668	0.030179
0.10236	0.34332	-0.12724
0.083462	0.4743	0.21374
0.15058	-0.1422	0.36095
0.13162	-0.039029	-0.0038816
0.17529	-0.37857	0.22061
0.11145	0.26105	-0.15742
0.16957	-0.31014	0.043782
0.15567	-0.33461	0.29563
0.069155	0.43995	-0.33098
0.077051	0.49029	0.10082
0.12528	0.045923	0.36547
0.077978	0.47774	0.1867
0.10161	0.42115	-0.21943
0.13193	-0.22435	0.10622
0.10759	0.16828	-0.084776
0.12579	0.088453	-0.075895
0.14363	-0.0088079	0.36283
0.092591	0.36645	-0.17683
0.1463	-0.094018	0.10209
0.14481	-0.18326	0.10762
0.1286	-0.30866	0.33628
0.15309	-0.30413	0.069069
0.12665	-0.064746	0.042775
0.086896	0.43697	-0.061655
0.13298	-0.15075	0.10086
0.081778	0.4642	0.2499
0.087562	0.37218	0.34359
0.091412	0.25285	-0.11189
0.096688	0.37557	-0.084729
0.10832	0.42647	-0.27854
0.094399	0.33292	-0.21569
0.10715	0.41052	-0.070986
0.10413	0.2759	-0.19838
0.094425	0.34418	-0.18497
0.11411	-0.089798	0.048191
0.092486	0.47463	0.073124
0.098797	0.2252	-0.098028
0.091366	0.14424	-0.080016
0.14493	-0.27929	0.36541
0.10769	0.23299	-0.19111
0.085919	-0.016658	-0.051383
0.10572	0.12417	-0.083089
0.087099	0.43453	-0.2186
0.07152	0.43677	0.29492
0.055066	0.4706	-0.0084945
0.12212	0.0083522	0.38276
0.14755	-0.36903	0.22654
0.10242	0.24312	-0.2138
0.13779	-0.3155	0.10531
0.11093	0.012964	-0.062137
0.13119	-0.0042739	-0.044039
0.083206	0.21995	0.40303
0.12382	-0.15093	0.37716
0.070202	0.40557	0.32989
0.082337	0.36704	-0.14823
0.082077	0.41593	-0.29706
0.091257	0.30841	-0.21954
0.12728	-0.35896	0.16763
0.073493	0.17827	-0.10437
0.097855	0.045035	0.37745
0.068312	0.3952	-0.10166
0.076569	0.29502	0.38828
0.12478	-0.25574	0.1089
0.10688	-0.013659	0.38976
0.11932	-0.086234	0.38747
0.0608	0.36317	0.36379
0.065434	0.38956	-0.28028
0.086174	-0.23083	0.38667
0.087262	0.23914	-0.15751
0.11288	-0.16057	0.085711
0.072801	0.17822	-0.22125
0.10581	-0.037359	0.39482
0.11052	-0.11755	0.077353
0.080528	0.22572	-0.25319
0.047137	0.45348	-0.2874
0.065722	0.4123	-0.17853
0.073934	0.36194	-0.24638
0.095782	-0.19716	0.38702
0.049181	0.45227	-0.25101
0.04513	0.45875	-0.088804
0.062832	0.39209	-0.12234
0.09338	0.21314	-0.21056
0.070831	0.4575	-0.32057
0.075501	0.26491	-0.25643
0.092845	0.10227	0.40059
0.11088	-0.29279	0.14327
0.11381	-0.24536	0.11418
0.061026	0.14564	0.41624
0.071273	0.327	-0.25779
0.052708	0.32701	0.38679
0.11767	-0.34687	0.24578
0.081294	-0.098205	0.021615
0.11365	-0.32578	0.17377
0.076465	0.2146	-0.13147
0.10039	-0.053532	0.012643
0.045264	0.42908	0.31686
0.077328	-0.096074	0.40309
0.066975	0.40091	-0.31293
0.015172	0.51171	0.1135
0.026374	0.50404	0.062276
0.049435	0.4052	-0.15108
0.058578	0.32648	-0.26549
0.064459	0.2822	-0.26964
0.065957	0.19218	-0.18316
0.053365	0.3591	-0.2786
0.079835	0.023314	-0.071217
0.072219	0.031486	0.38939
0.048372	0.45907	0.27936
0.084107	0.0064567	0.40323
0.027204	0.50654	0.14898
0.064108	0.24598	-0.29545
0.076352	0.17449	-0.25885
0.12372	-0.35363	0.18657
0.098959	-0.28957	0.15587
0.044647	0.42397	-0.21022
0.086647	-0.25814	0.3732
0.041493	0.34545	-0.2615
0.085559	-0.33452	0.25198
0.030618	0.48191	0.24702
0.12622	-0.33786	0.28166
0.089579	-0.11636	0.041977
0.070946	0.15173	-0.31897
0.068526	0.18666	-0.27886
0.044991	0.25113	0.41323
0.062174	-0.14766	0.59501
0.061272	0.18001	-0.13484
0.085173	-0.15689	0.058917
0.073827	0.13108	-0.28814
0.049705	0.39999	-0.31508
0.076468	0.076442	-0.074717
0.028211	0.47056	-0.068703
0.036247	0.40888	-0.17083
0.099478	-0.33907	0.21444
0.065015	-0.13583	0.4006
0.088732	-0.063305	0.40131
0.053732	0.23664	-0.31162
0.07148	0.11767	-0.34025
0.060991	0.13944	-0.25798
0.061765	0.13963	-0.23025
0.035484	0.43581	-0.2594
0.05579	0.1533	-0.10622
0.04949	0.09508	0.39857
0.057304	0.12936	-0.37061
0.063537	0.11832	-0.079686
0.070829	-0.16871	0.60282
0.049488	0.25527	-0.30579
0.046754	0.27056	-0.28778
0.058881	0.11398	-0.38761
0.063599	0.20256	-0.28203
0.052539	0.15114	-0.20241
0.059213	0.090781	-0.38165
0.064734	-0.055269	0.40117
0.044309	0.13144	0.4044
0.071928	-0.046326	-0.00011728
0.062568	-0.014976	-0.053375
0.097086	-0.31055	0.32597
0.058022	0.097147	-0.32875
0.067907	-0.28112	0.34648
0.085216	-0.3112	0.17606
0.028449	0.29542	0.40209
0.076024	-0.27826	0.12648
0.03061	0.40812	-0.27377
0.034906	0.39284	-0.23898
0.093412	-0.20952	0.088203
0.024834	0.40215	-0.19061
0.015058	0.46174	-0.099116
0.066893	-0.31339	0.2877
0.07466	-0.18031	0.58532
0.048159	0.11918	-0.22551
0.017579	0.4928	0.20835
0.035462	0.43247	-0.30695
0.073696	-0.33368	0.21827
0.053435	0.16607	-0.17253
0.063808	-0.1605	0.045634
0.04735	0.10924	-0.27104
0.026729	0.36102	-0.24016
0.02213	0.18161	-0.33124
0.063841	-0.22777	0.5993
0.062538	-0.18094	0.40209
0.076181	-0.2305	0.56767
0.046562	0.032455	0.39123
0.0026653	0.4474	0.31084
0.048708	-0.15959	0.60622
0.046129	0.074994	-0.33492
-0.001848	0.42775	0.33457
0.019734	0.38661	-0.21525
0.081215	-0.2772	0.50422
0.07422	-0.26707	0.38564
0.031395	0.20786	-0.31848
0.016332	0.41267	-0.15551
0.064001	-0.21122	0.5533
0.044899	-0.023615	0.40282
0.02974	0.094673	-0.42151
0.044159	0.31745	-0.26785
0.069844	-0.22686	0.40671
0.040982	0.093873	-0.2913
0.072004	-0.26001	0.50069
0.034327	0.14426	-0.13556
0.01993	0.42936	-0.1099
0.073351	-0.28296	0.53697
0.074227	-0.29482	0.48765
0.084277	-0.24129	0.099291
0.042992	0.079389	-0.065481
0.071582	-0.2826	0.43286
0.066185	-0.25831	0.45201
0.050631	-0.29137	0.31992
0.057961	-0.28194	0.37018
0.046506	-0.034002	-0.013983
0.010053	0.38627	0.36016
0.045064	-0.17856	0.56659
0.0043123	0.20663	0.42294
0.0054192	0.18722	0.42022
0.0021168	0.25333	0.41646
0.040813	0.017342	-0.064141
0.069714	-0.29905	0.4463
0.042103	0.091368	-0.25224
0.052601	-0.28257	0.56648
-0.021773	0.51735	0.074293
0.060682	-0.23512	0.52199
0.016128	0.34428	-0.26121
0.010809	0.15903	0.39998
0.0098854	0.35269	0.38168
0.052859	-0.10998	0.02
-0.023869	0.46697	0.29215
0.060248	-0.29295	0.40423
0.028543	0.078588	-0.24073
0.045834	-0.24439	0.46905
0.018812	0.26467	-0.29578
0.024105	0.11663	-0.10591
-0.0084299	0.30698	-0.28491
0.012692	0.16457	-0.35966
0.005972	-0.074575	0.40708
0.027858	0.068213	-0.35857
0.036741	-0.050565	0.40938
0.05419	-0.30471	0.53272
0.02152	0.12099	-0.166
0.029102	0.077155	-0.39749
0.054336	-0.30788	0.16352
0.014903	0.043032	-0.055236
0.042513	-0.31405	0.19819
-0.029759	0.44494	-0.11873
0.054748	-0.31788	0.47529
-0.021166	0.49551	0.22863
0.013536	0.28602	-0.29375
0.013453	0.22758	-0.31794
-0.011703	0.50832	0.17168
0.049896	-0.21785	0.43011
0.022588	0.1068	-0.4331
0.031887	-0.17522	0.40704
-0.015291	0.42575	-0.14488
0.03305	-0.24194	0.48851
-0.024353	0.51796	0.13472
0.049763	-0.31628	0.44133
0.016598	0.087332	-0.43222
0.049679	-0.25308	0.59496
0.054078	-0.27555	0.097744
0.021772	-0.18387	0.045486
0.021946	-0.09561	0.0071134
0.039403	-0.16686	0.5788
0.047993	-0.29036	0.11889
0.019047	0.070536	-0.31459
-0.042706	0.48653	0.25426
0.033266	-0.13186	0.029348
0.028281	-0.14106	0.40391
0.0012979	0.10839	-0.1084
-0.017756	0.4754	-0.10057
-0.0092886	0.0614	-0.24367
0.004538	0.10677	-0.44592
0.0070828	0.12205	-0.41769
0.025396	-0.036091	0.40293
0.036208	-0.2263	0.067189
0.037946	-0.28496	0.35812
-0.030513	0.31826	0.39764
0.027991	-0.23941	0.47061
0.028668	-0.31622	0.14083
0.016147	0.064897	-0.2758
-0.027435	0.363	0.37367
-0.023598	0.086233	0.40587
-0.014062	0.498	0.0064246
-0.028727	0.3509	-0.25386
-0.034022	0.51069	0.04748
0.0030975	0.11806	-0.13287
0.022761	-0.31775	0.50732
-0.013103	0.085739	-0.43384
0.034964	-0.23549	0.51282
0.0087286	-0.043316	0.41173
0.039427	-0.20019	0.61299
0.035373	-0.32792	0.46409
0.030856	-0.31212	0.41852
0.0043631	-0.27318	0.085031
-0.024974	0.48178	-0.067396
-0.0077604	0.19014	-0.33809
0.010273	-0.020842	-0.026828
0.01076	-0.22297	0.52848
0.00082145	0.10215	-0.18132
0.032601	-0.30447	0.23241
-0.014701	-0.088969	0.40845
-0.023336	0.27839	0.40668
0.0069003	0.06384	-0.068709
-0.06206	0.43746	0.31779
0.024933	-0.27197	0.58131
0.016425	-0.24033	0.49723
0.020558	-0.18872	0.57285
0.021167	-0.21848	0.43917
-0.017511	0.11683	-0.4194
0.011962	-0.29501	0.38431
-0.003527	0.063781	-0.37009
-0.017031	0.058012	-0.27415
-0.017578	0.067208	-0.31997
-0.015681	0.030476	0.40318
-0.0096048	-0.0081087	-0.03604
-0.068722	0.40204	-0.2119
-0.043439	0.51632	0.087485
-0.045793	0.47397	-0.099726
-0.017807	0.10486	-0.439
0.0081904	-0.20503	0.5908
-0.060432	0.51397	0.14909
-0.011376	0.13756	-0.3988
-0.038705	0.23784	-0.31675
0.0039043	-0.31039	0.12028
-0.011268	-0.26112	0.081065
-0.020906	0.16282	-0.36286
-0.011052	-0.03062	-0.016235
-0.0086653	-0.079854	-0.0032265
0.0035439	-0.21076	0.42353
-0.0064778	0.01179	-0.043616
-0.057008	0.44282	-0.12533
-0.026509	0.063978	-0.35986
-0.05384	0.49929	0.0022198
-0.061944	0.26645	-0.30485
-0.021319	0.14516	0.40854
0.0076135	-0.28253	0.35949
0.026758	-0.29284	0.25642
-0.01637	0.11165	-0.13321
-0.038736	0.21576	-0.32429
-0.004027	-0.17412	0.4056
0.013731	-0.28825	0.27744
-0.0497	0.32478	-0.27606
0.023848	-0.30061	0.54854
-0.071331	0.50065	0.19254
-0.046131	0.39536	0.35683
-0.057354	0.48385	-0.056314
-0.026875	0.1028	-0.17846
-0.047439	0.42393	-0.16088
0.0098759	-0.31837	0.17526
-0.033008	0.17898	-0.33856
-0.068451	0.51911	0.097922
-0.032593	-0.02938	-0.029978
-0.033986	-0.17311	0.05152
-0.0004858	-0.25149	0.56394
-0.017022	-0.12526	0.027846
0.0036543	-0.24657	0.46895
-0.083282	0.49854	0.017086
-0.036101	0.17412	0.42416
-0.023816	0.075505	-0.40038
-0.043281	0.11675	-0.12999
-0.037246	0.2575	0.41666
-0.0053656	-0.28049	0.53651
0.011788	-0.32386	0.45635
-0.061964	0.51278	0.048904
-0.008491	-0.25157	0.50333
-0.042688	0.0023869	0.4066
-0.081482	0.41111	0.33728
-0.0047237	-0.30996	0.21979
-0.0035026	-0.28446	0.10043
-0.00054358	-0.22965	0.55358
-0.068538	0.38164	-0.23663
-0.034163	0.056983	-0.055626
-0.016086	-0.28336	0.32746
-0.035202	0.096236	-0.41471
-0.035473	0.06506	-0.27168
0.0075497	-0.3079	0.42601
-0.080037	0.34829	-0.26334
-0.010931	-0.30198	0.27198
-0.048005	0.12339	0.41947
-0.011975	-0.22318	0.42082
-0.029439	0.086625	-0.21489
-0.017421	-0.30143	0.13369
-0.062314	0.20159	0.42303
-0.012396	-0.27896	0.36178
-0.017117	-0.27392	0.50913
-0.014844	-0.30312	0.47603
-0.00084487	-0.22928	0.066783
-0.028558	-0.20875	0.40128
-0.020641	-0.30916	0.17965
-0.040075	-0.037699	-0.0046789
-0.055063	0.084438	-0.38991
-0.044826	0.06844	-0.25075
-0.014602	-0.26304	0.45744
-0.020568	-0.2692	0.38448
-0.054245	0.077243	-0.32745
-0.092479	0.51045	0.064364
-0.064138	0.47877	-0.089964
-0.057246	0.19029	-0.31724
-0.11746	0.37153	0.34792
-0.093944	0.45183	0.29674
-0.028555	-0.31577	0.23281
-0.070888	0.28749	0.40107
-0.056445	0.054579	0.39887
-0.031653	0.10272	-0.10399
-0.064521	0.12998	-0.17112
-0.016791	-0.29134	0.42703
-0.082859	0.4185	-0.16637
-0.054289	-0.092813	0.013539
-0.092589	0.48778	-0.015959
-0.021832	-0.24573	0.41132
-0.070239	0.085971	-0.069245
-0.05736	0.095747	-0.28644
-0.078203	0.24154	-0.32548
-0.056248	0.16942	-0.32423
-0.015536	-0.3042	0.16118
-0.050269	0.079575	-0.30586
-0.080457	0.38303	-0.29447
-0.052286	0.038679	0.39632
-0.022181	-0.28725	0.44562
-0.12008	0.48054	0.20233
-0.055544	-0.032015	-0.054134
-0.051859	-0.0043055	-0.066256
-0.10276	0.47911	0.23774
-0.023159	-0.27784	0.15137
-0.064464	0.11496	-0.22078
-0.097208	0.2476	0.40989
-0.097687	0.42885	-0.12697
-0.057814	-0.11644	0.032984
-0.083466	0.41656	-0.306
-0.094054	0.41576	-0.18999
-0.083956	0.41373	-0.2681
-0.075501	0.13378	-0.35583
-0.033449	-0.24413	0.38804
-0.083233	0.36396	-0.25745
-0.038851	-0.26548	0.10485
-0.082798	0.40334	-0.23924
-0.084385	0.39991	-0.32613
-0.11357	0.45433	-0.11027
-0.032706	-0.31102	0.18616
-0.064472	0.35067	0.37928
-0.10953	0.48591	0.0077625
-0.066978	-0.096383	0.39915
-0.072025	0.12338	0.42168
-0.060904	0.10836	-0.3893
-0.082268	0.21576	-0.31499
-0.09928	0.30403	0.39317
-0.10955	0.32105	-0.27532
-0.092152	0.37067	-0.32568
-0.036235	-0.28671	0.15822
-0.059787	-0.016935	0.39789
-0.093111	0.13981	-0.11521
-0.035007	-0.28352	0.34441
-0.070679	-0.059975	0.015359
-0.1028	0.42339	-0.33983
-0.040494	-0.19102	0.064308
-0.060751	-0.20412	0.084075
-0.095365	0.3486	-0.27451
-0.12088	0.46118	-0.0879
-0.072927	0.094613	-0.34013
-0.074013	0.10884	-0.28636
-0.046042	-0.23931	0.38726
-0.07939	0.17413	-0.2991
-0.10198	0.41947	-0.21337
-0.11971	0.45895	0.26441
-0.080036	0.30112	-0.28992
-0.10478	0.43703	-0.28893
-0.128	0.41115	0.31534
-0.054176	-0.24531	0.13045
-0.13606	0.49826	0.095471
-0.09239	0.10537	-0.080981
-0.12142	0.4986	0.14174
-0.099316	0.15238	-0.23669
-0.11315	0.43559	-0.24947
-0.087068	0.1246	-0.33764
-0.11159	0.35383	0.36463
-0.10337	0.37904	-0.34828
-0.073095	-0.19034	0.39503
-0.069128	0.079393	0.40959
-0.07143	-0.040848	-0.029848
-0.10555	0.34384	-0.28322
-0.093981	0.24362	-0.31227
-0.05442	-0.31601	0.1606
-0.033318	-0.27859	0.12427
-0.094405	0.16675	-0.28274
-0.10599	0.40653	-0.15933
-0.089137	0.12034	-0.31116
-0.039131	-0.15412	0.39976
-0.1224	0.49582	0.046281
-0.09233	0.047356	-0.076379
-0.10777	0.36222	-0.31176
-0.10151	0.028628	0.37308
-0.12417	0.47373	-0.021045
-0.085624	-0.13312	0.3871
-0.061041	-0.30236	0.13656
-0.098518	0.16853	-0.19022
-0.074279	-0.0010412	-0.072143
-0.10395	-0.005073	0.38146
-0.096524	0.27228	-0.28769
-0.10126	0.16411	-0.14455
-0.095464	0.14929	-0.27095
-0.13477	0.42438	-0.2181
-0.099611	0.17007	0.41729
-0.10748	0.1342	0.41235
-0.13346	0.45369	-0.3008
-0.073085	-0.14837	0.070861
-0.10738	-0.027214	0.37475
-0.054743	-0.3277	0.28707
-0.098052	-0.11768	0.079268
-0.12943	0.38628	-0.16759
-0.14102	0.4459	-0.083152
-0.14287	0.40692	-0.32346
-0.10007	-0.19713	0.10213
-0.13461	0.27064	0.38856
-0.12501	0.39112	-0.13487
-0.11845	0.27523	-0.27046
-0.074749	-0.25944	0.1156
-0.088552	-0.071167	0.027488
-0.12993	0.40574	-0.35092
-0.10064	-0.23994	0.38445
-0.13247	0.045021	0.36357
-0.12732	0.37533	-0.2917
-0.14387	0.42485	-0.24947
-0.13687	0.45189	-0.28347
-0.13312	0.1867	-0.24796
-0.11612	0.036186	-0.082329
-0.14605	0.46829	0.018722
-0.075286	-0.33982	0.14437
-0.14733	0.42848	-0.33606
-0.12378	0.20488	-0.16962
-0.12453	0.33168	-0.26083
-0.14129	0.35524	-0.16491
-0.13786	0.38922	-0.11167
-0.09259	-0.31048	0.089668
-0.15035	0.43387	0.27378
-0.064136	-0.30947	0.32962
-0.1254	0.12404	-0.087907
-0.11229	0.22575	-0.27737
-0.097639	-0.34993	0.18052
-0.095806	-0.2112	0.11664
-0.12992	0.33502	-0.24645
-0.13136	0.18118	-0.22917
-0.11861	-0.050981	-0.013066
-0.11584	-0.29363	0.35592
-0.085769	-0.34932	0.29871
-0.15697	0.44136	-0.28329
-0.12039	-0.00616	-0.071671
-0.17084	0.39291	0.2956
-0.10087	-0.039759	-0.048361
-0.14132	0.34141	0.35773
-0.1368	0.3139	-0.24131
-0.13651	0.36665	-0.26092
-0.088198	-0.33983	0.10942
-0.12276	-0.27095	0.060825
-0.15994	0.47849	0.13997
-0.1234	-0.11018	0.36695
-0.1364	0.21598	-0.14918
-0.15391	0.39094	-0.28805
-0.15592	0.3769	0.3221
-0.10843	-0.071938	0.039671
-0.077094	-0.337	0.20612
-0.13578	0.20288	0.40573
-0.12164	-0.21901	0.38367
-0.15162	0.40445	-0.10395
-0.078452	-0.35118	0.26535
-0.15101	0.38518	-0.20891
-0.12647	-0.076397	0.070297
-0.16231	0.45897	0.18676
-0.15762	0.37259	-0.09808
-0.13806	0.089709	0.40036
-0.14815	0.11913	-0.085901
-0.15032	0.35339	-0.24791
-0.14543	0.34059	-0.19339
-0.099132	-0.080098	0.38245
-0.13789	0.16675	-0.10988
-0.1107	-0.29508	0.06675
-0.14573	0.32245	-0.21589
-0.1435	-0.082876	0.34576
-0.098842	-0.3779	0.27028
-0.16611	0.057717	0.37248
-0.16384	0.217	-0.16375
-0.16155	0.44151	-0.00040902
-0.13467	-0.089199	0.10481
-0.1506	0.25398	-0.22988
-0.11866	-0.1539	0.37338
-0.17007	0.40211	-0.27006
-0.15099	0.21499	-0.13038
-0.11131	-0.33867	0.06821
-0.16109	0.458	0.2114
-0.14175	0.13676	0.40373
-0.17108	0.3675	0.31956
-0.18119	0.41315	0.26058
-0.12036	-0.19454	0.13161
-0.16693	0.3411	-0.11511
-0.13748	-0.032278	-0.049617
-0.16049	0.28226	0.3786
-0.15022	0.2089	-0.19366
-0.18018	0.40041	-0.078524
-0.1638	0.37562	-0.24859
-0.1506	0.21267	-0.2209
-0.1817	0.46963	0.094756
-0.14164	0.072718	-0.094914
-0.14637	-0.19442	0.37044
-0.149	0.0048951	0.32561
-0.17059	0.31534	-0.14201
-0.1649	0.30092	-0.17655
-0.11792	-0.36649	0.11683
-0.15319	0.14685	-0.096231
-0.15635	0.096235	-0.096387
-0.15391	0.24178	0.39325
-0.1916	0.44626	0.15389
-0.14486	-0.033732	0.33602
-0.12197	-0.24734	0.073828
-0.12327	-0.3509	0.31399
-0.17824	0.20265	0.38832
-0.12794	-0.1219	0.11198
-0.15921	-0.04227	0.011513
-0.11733	-0.39666	0.23363
-0.15358	-0.0010109	-0.065837
-0.16804	0.24944	-0.18938
-0.18734	0.41056	0.018772
-0.14054	-0.17856	0.14098
-0.16575	0.27297	-0.19896
-0.14806	-0.1453	0.14822
-0.12219	-0.33272	0.051226
-0.16957	0.21233	-0.13473
-0.18253	0.37997	-0.086425
-0.12312	-0.38111	0.094168
-0.13402	-0.40034	0.15264
-0.12721	-0.40056	0.24292
-0.2079	0.37052	-0.0074588
-0.17363	-0.070566	0.15992
-0.16045	-0.055179	0.084777
-0.14968	-0.1235	0.3414
-0.16641	0.43364	-0.31443
-0.13551	-0.22157	0.082578
-0.17399	0.14528	0.38638
-0.12628	-0.36546	0.070241
-0.15651	-0.27976	0.364
-0.18192	0.18526	-0.10458
-0.19464	0.31911	0.33773
-0.1557	-0.1896	0.12008
-0.19241	0.38354	0.27382
-0.18589	0.23474	0.37821
-0.18858	0.085304	-0.08438
-0.19296	0.26227	0.36771
-0.1726	0.02042	0.30706
-0.19078	0.26043	-0.13903
-0.21295	0.43707	0.09527
-0.16728	-0.055957	0.2967
-0.1879	0.22196	-0.14314
-0.16001	-0.22903	0.06382
-0.15092	-0.38389	0.2822
-0.13964	-0.41463	0.19203
-0.16126	-0.32198	0.013426
-0.15846	-0.42337	0.21149
-0.15793	-0.14149	0.34586
-0.14665	-0.33721	0.32646
-0.20091	0.15504	-0.091513
-0.17135	-0.035154	-0.0087372
-0.19563	0.42481	0.21067
-0.14922	-0.36309	0.029855
-0.17557	-0.015356	0.2683
-0.14225	-0.38599	0.049139
-0.20081	0.34935	0.30474
-0.19437	-0.027962	0.040834
-0.14502	-0.40422	0.099694
-0.22996	0.37597	0.235
-0.19073	0.11576	-0.076655
-0.19235	0.042262	-0.066174
-0.17815	-0.028965	0.24945
-0.21591	0.41808	0.17378
-0.17006	-0.10906	0.31426
-0.20103	0.37081	-0.063936
-0.19324	-0.0089251	-0.029049
-0.20417	0.28391	-0.098415
-0.16313	-0.24939	0.36851
-0.17344	-0.1818	0.15396
-0.18713	0.1124	0.36557
-0.17453	-0.15223	0.18059
-0.1588	-0.16355	0.35041
-0.21207	0.4322	0.12019
-0.19664	0.3308	-0.079677
-0.18126	-0.05312	0.12338
-0.17102	-0.12931	0.18643
-0.21921	0.34202	0.2947
-0.21233	0.22414	-0.12518
-0.22461	0.16718	-0.10388
-0.21676	0.1973	-0.12182
-0.17947	-0.063175	0.25246
-0.19799	0.006584	0.24875
-0.198	-0.16659	0.19304
-0.21726	0.26832	0.34281
-0.20289	0.053178	0.33981
-0.24518	0.29268	-0.04176
-0.2067	0.19909	0.36275
-0.17809	-0.096207	0.19254
-0.22805	0.33546	-0.05649
-0.19638	0.033968	0.30121
-0.17716	-0.20481	0.08488
-0.23344	0.39666	0.084507
-0.18145	-0.094508	0.22315
-0.18225	-0.045251	0.17969
-0.23355	0.40335	0.1311
-0.21351	0.25197	-0.10927
-0.18804	-0.042814	0.080166
-0.18596	-0.13737	0.22156
-0.19038	-0.36417	0.29893
-0.19195	-0.28418	0.0041704
-0.19206	-0.023539	0.19697
-0.19612	-0.032987	0.16386
-0.22844	0.35691	0.25486
-0.24063	0.35464	0.052299
-0.18609	0.076496	0.3623
-0.24478	0.32348	0.27614
-0.18923	-0.14632	0.30767
-0.19219	-0.131	0.25101
-0.1862	-0.10474	0.25928
-0.16446	-0.40929	0.051376
-0.18446	-0.44775	0.15218
-0.23922	0.21409	0.32484
-0.21767	-0.18766	0.33005
-0.23229	0.080096	-0.073637
-0.20766	-0.022895	0.079025
-0.24756	0.39141	0.099876
-0.25317	0.31249	-0.035274
-0.22112	0.025415	0.24566
-0.22524	0.35244	-0.0075908
-0.23857	0.25013	0.33083
-0.21494	-0.0081753	0.010151
-0.24048	0.34326	0.046198
-0.17274	-0.25642	0.030899
-0.2208	-0.22168	0.34876
-0.18831	-0.34258	-0.0017589
-0.17839	-0.39487	0.014176
-0.24211	0.037932	-0.017864
-0.19839	0.014021	-0.046036
-0.24506	0.3779	0.18255
-0.22342	-0.00443	0.15742
-0.20103	-0.44043	0.19351
-0.21406	-0.35159	0.30127
-0.22371	-0.16062	0.25011
-0.23541	0.1242	0.3174
-0.20135	-0.44959	0.042874
-0.21457	-0.16954	0.14691
-0.24477	0.26357	-0.073309
-0.23477	0.043868	0.27748
-0.21491	-0.30562	0.32347
-0.21154	-0.25901	0.016655
-0.25027	0.35254	0.22222
-0.25556	0.36809	0.076921
-0.27261	0.30109	0.23966
-0.26117	0.32203	0.022171
-0.26965	0.34508	0.11243
-0.25777	0.36458	0.13258
-0.19784	-0.38992	-0.013825
-0.25077	0.026855	0.18179
-0.23595	-0.29914	-0.39899
-0.23237	-0.17161	0.28554
-0.26992	0.34903	0.15824
-0.20723	-0.31321	-0.02419
-0.27271	0.20905	0.28146
-0.21414	-0.34843	-0.047308
-0.2188	-0.19585	0.094428
-0.23578	0.11479	-0.076233
-0.25984	0.19119	-0.087025
-0.2432	0.010841	0.11386
-0.25918	0.3359	0.052482
-0.21193	-0.47168	0.1127
-0.23195	0.074935	0.30155
-0.21521	-0.29752	-0.0030276
-0.22364	-0.39674	0.26135
-0.24465	-0.32539	-0.36834
-0.2359	-0.3551	-0.37646
-0.20602	-0.37917	-0.052713
-0.20765	-0.43402	-0.017371
-0.24608	-0.17213	0.18594
-0.27183	0.31189	0.078113
-0.25781	0.083965	-0.055329
-0.20104	-0.43393	0.0072134
-0.24604	0.013899	0.076001
-0.23608	-0.42231	0.22057
-0.19941	-0.4563	0.10644
-0.27816	0.14657	0.26573
-0.23136	-0.17095	0.15455
-0.23627	-0.31437	-0.41395
-0.20816	-0.40228	-0.073158
-0.20928	-0.42882	-0.10551
-0.20039	-0.2183	0.06063
-0.28174	0.21793	-0.057493
-0.24286	0.017149	0.037026
-0.23702	-0.4689	0.13827
-0.26245	0.12903	-0.072089
-0.27282	0.082365	-0.039334
-0.27184	0.25607	0.27807
-0.25708	0.076137	0.25772
-0.20888	-0.45365	-0.081855
-0.2777	0.31657	0.20701
-0.21843	-0.35247	-0.073372
-0.26954	0.27518	-0.023811
-0.2704	0.033453	0.030053
-0.21457	-0.44983	-0.045396
-0.27978	0.29666	-0.011173
-0.2534	-0.24256	0.037429
-0.24509	-0.2255	0.33435
-0.24228	-0.19593	0.10375
-0.25977	0.052885	0.22794
-0.27629	0.25898	-0.039181
-0.25059	-0.28594	0.0028216
-0.24051	-0.31399	-0.048328
-0.22243	-0.37504	-0.097615
-0.23984	-0.2911	-0.022834
-0.24862	-0.26201	0.3147
-0.2876	0.29738	0.039653
-0.25557	-0.17447	0.24756
-0.26564	0.0434	0.16344
-0.27608	0.049614	-0.012698
-0.23518	-0.21954	0.059316
-0.22421	-0.4954	-0.094097
-0.26821	0.028214	0.085938
-0.22421	-0.46808	-0.15181
-0.28672	0.20965	0.26637
-0.29066	0.30019	0.094722
-0.24317	-0.47974	-0.0041664
-0.28561	0.24516	-0.0076253
-0.30019	0.267	0.040599
-0.23028	-0.48488	0.087469
-0.23063	-0.46546	-0.026773
-0.27858	0.044331	0.13368
-0.28179	0.12883	0.24069
-0.26027	-0.21627	0.0808
-0.28063	0.1358	-0.056118
-0.28354	0.098334	0.1863
-0.28872	0.14168	0.21568
-0.25216	-0.32062	-0.069018
-0.239	-0.35469	-0.40464
-0.24389	-0.35325	0.28773
-0.28539	0.064858	0.16036
-0.2548	-0.18747	0.15572
-0.23859	-0.47959	0.063707
-0.29495	0.30046	0.12325
-0.30382	0.28392	0.17056
-0.24938	-0.34019	-0.41634
-0.29295	0.24978	0.24645
-0.28236	0.031778	0.0439
-0.28685	0.16304	0.24437
-0.22849	-0.41206	-0.14603
-0.30593	0.24009	0.20809
-0.24469	-0.43867	-0.19047
-0.29491	0.08513	-0.035325
-0.25879	-0.32751	-0.10708
-0.2746	-0.31542	0.2825
-0.27013	-0.20977	0.31311
-0.3067	0.27257	0.082437
-0.2389	-0.5149	-0.099136
-0.30252	0.22704	-0.007941
-0.2547	-0.5119	-0.057639
-0.29897	0.187	-0.038135
-0.25897	-0.41573	-0.20917
-0.2719	-0.41628	-0.37644
-0.27257	-0.29756	-0.40545
-0.30139	0.12201	-0.043097
-0.29991	0.23706	0.040824
-0.28786	0.036307	0.098083
-0.25742	-0.37082	-0.34163
-0.26145	-0.30515	-0.041594
-0.25534	-0.34182	-0.12163
-0.3061	0.18709	0.19013
-0.30449	0.1985	0.21096
-0.27093	-0.18828	0.28271
-0.25097	-0.48687	0.098055
-0.26413	-0.4866	0.065682
-0.30934	0.26558	0.13114
-0.30667	0.23906	0.094731
-0.25564	-0.52754	-0.10718
-0.3123	0.22567	0.16957
-0.28537	-0.25072	0.27501
-0.26506	-0.38007	0.25065
-0.31031	0.17128	-0.036254
-0.31447	0.20368	-0.014549
-0.29545	-0.22413	0.11926
-0.30703	0.10705	0.16929
-0.23168	-0.49236	-0.14257
-0.30125	0.042593	-0.02525
-0.30691	0.17537	0.1736
-0.3146	0.21883	0.13528
-0.29724	-0.2169	0.25116
-0.26658	-0.46697	-0.22558
-0.24616	-0.43352	0.19538
-0.27083	-0.40507	0.2173
-0.26607	-0.52541	-0.16441
-0.26165	-0.501	-0.19487
-0.27691	-0.3542	-0.41852
-0.27585	-0.39725	-0.21931
-0.31783	0.025278	-0.006051
-0.29633	-0.22245	0.26461
-0.27156	-0.35627	-0.16238
-0.29381	-0.2065	0.18457
-0.27653	-0.25238	0.041849
-0.32864	0.22655	0.038037
-0.27929	-0.41645	0.1884
-0.30197	0.050783	0.12801
-0.32866	0.14129	0.16017
-0.32819	0.20869	0.11704
-0.29923	-0.25066	0.080347
-0.26304	-0.49386	-0.027899
-0.27725	-0.40213	-0.34001
-0.29691	-0.34474	0.23671
-0.31253	0.030394	0.097548
-0.27333	-0.30686	-0.37161
-0.3022	-0.2115	0.22068
-0.28421	-0.30881	-0.42224
-0.29136	-0.26939	-0.41303
-0.29085	-0.30673	-0.043874
-0.29867	-0.31071	-0.085761
-0.3194	0.2206	0.011677
-0.30029	-0.5242	-0.05147
-0.28617	-0.49737	0.012415
-0.29021	-0.34241	-0.17501
-0.29197	-0.4831	0.069166
-0.29837	-0.35599	-0.32243
-0.3327	0.1358	-0.046219
-0.28842	-0.49427	0.042724
-0.28598	-0.53809	-0.11707
-0.28163	-0.46023	0.13747
-0.28375	-0.32528	-0.11396
-0.30351	-0.31235	0.026689
-0.30233	-0.42776	-0.285
-0.29008	-0.43406	-0.39792
-0.32557	0.017585	0.051938
-0.32328	0.22508	0.08655
-0.33249	0.073325	0.15034
-0.29425	-0.47937	-0.26003
-0.31673	-0.26735	0.096661
-0.30184	-0.27761	0.24962
-0.29759	-0.30989	-0.015245
-0.36163	0.15394	-0.046799
-0.29364	-0.50778	-0.23038
-0.33983	0.17527	0.14385
-0.3033	-0.33083	-0.15682
-0.33958	0.10349	-0.051126
-0.30889	-0.28629	0.050239
-0.28706	-0.38425	-0.32468
-0.36944	0.21133	-0.001752
-0.3119	-0.31771	0.22184
-0.30891	-0.49486	-0.012771
-0.32811	-0.47134	-0.39501
-0.31659	-0.32133	-0.11185
-0.34438	0.037269	0.11519
-0.35713	0.20006	0.11945
-0.32834	-0.28317	0.16758
-0.31178	-0.3094	-0.3381
-0.28998	-0.47602	0.10035
-0.35027	0.03174	-0.04163
-0.30197	-0.44784	-0.31493
-0.31492	-0.40502	0.14012
-0.30637	-0.37504	-0.24731
-0.32161	-0.29942	0.20283
-0.30657	-0.40866	-0.3004
-0.3204	-0.25489	0.14238
-0.37	0.22004	0.030648
-0.3147	-0.48097	-0.32517
-0.31458	-0.35323	-0.22973
-0.30702	-0.46595	-0.2943
-0.31916	-0.49103	-0.37273
-0.35915	0.064987	-0.043265
-0.32937	-0.29378	-0.4274
-0.3078	-0.53168	-0.20397
-0.32615	-0.5196	-0.26173
-0.34001	-0.32252	-0.053252
-0.33561	-0.26434	-0.39826
-0.30984	-0.37987	0.18147
-0.31447	-0.45928	0.097281
-0.30787	-0.53857	-0.17063
-0.32283	-0.3368	0.014996
-0.34068	0.017178	0.0061609
-0.35374	0.018259	0.058746
-0.34035	-0.27711	-0.4225
-0.39111	0.18906	0.10881
-0.32338	-0.37253	-0.30203
-0.31552	-0.53298	-0.079921
-0.35743	0.062616	0.1381
-0.37112	0.024654	-0.036827
-0.32903	-0.50313	-0.28818
-0.34068	-0.34253	-0.010688
-0.36237	0.22312	0.074769
-0.32752	-0.3432	0.051162
-0.37426	0.17628	-0.047317
-0.34032	-0.28163	-0.3682
-0.36693	0.12337	0.15425
-0.33021	-0.37313	-0.28373
-0.32886	-0.33572	0.1559
-0.33656	-0.33328	0.10109
-0.37304	0.034992	0.093142
-0.37831	0.15985	0.14091
-0.32747	-0.43157	0.09574
-0.32146	-0.45855	0.069323
-0.34792	-0.37446	0.014863
-0.32654	-0.48664	-0.0023244
-0.33301	-0.33393	-0.15519
-0.40963	0.017866	-0.011502
-0.40095	0.20448	0.071289
-0.37992	0.024135	0.051364
-0.34305	-0.35316	-0.26012
-0.33554	-0.35976	0.088695
-0.34115	-0.51328	-0.3839
-0.36686	-0.30254	-0.3399
-0.40354	0.17424	-0.056151
-0.35213	-0.33848	-0.31659
-0.33834	-0.33086	-0.10836
-0.32932	-0.39244	0.11298
-0.3404	-0.38849	0.072251
-0.34368	-0.53005	-0.25802
-0.39124	0.038931	-0.041504
-0.32653	-0.33196	-0.19521
-0.3606	-0.33696	-0.05491
-0.35423	-0.25793	-0.41678
-0.35685	-0.36169	-0.29391
-0.34541	-0.45614	0.015027
-0.33675	-0.51056	-0.30543
-0.3432	-0.53505	-0.086116
-0.39063	0.018217	0.026409
-0.39326	0.14939	-0.064394
-0.41357	0.054004	0.083728
-0.3952	0.091733	-0.063435
-0.39227	0.10769	0.13634
-0.36298	-0.26484	-0.38011
-0.35067	-0.40649	0.034269
-0.34353	-0.34004	-0.226
-0.36339	-0.42319	-0.401
-0.35849	-0.54338	-0.33209
-0.36127	-0.33766	-0.22078
-0.35579	-0.5545	-0.36551
-0.41145	0.059854	-0.05256
-0.41007	0.18802	-0.03731
-0.36494	-0.35275	-0.17313
-0.39699	0.1507	-0.092879
-0.39288	0.12423	-0.06781
-0.35517	-0.53885	-0.15433
-0.35678	-0.53354	-0.2346
-0.41128	0.19796	-0.10045
-0.358	-0.46121	-0.0052947
-0.36424	-0.4188	0.0047746
-0.36284	-0.49465	-0.030812
-0.43344	0.20258	0.0040919
-0.36036	-0.32773	-0.42321
-0.36068	-0.52862	-0.30612
-0.4217	0.099601	0.11246
-0.40335	0.072766	-0.061203
-0.40104	0.03333	0.062395
-0.40451	0.1926	-0.059743
-0.37861	-0.36341	-0.031727
-0.40406	0.17022	-0.10137
-0.42532	0.14486	0.10631
-0.36243	-0.50302	-0.38888
-0.3949	-0.29321	-0.35817
-0.38346	-0.35054	-0.15242
-0.36209	-0.52321	-0.27867
-0.4129	0.13111	-0.10664
-0.37583	-0.26179	-0.39485
-0.42375	0.20703	0.031516
-0.3866	-0.35645	-0.30366
-0.38292	-0.35147	-0.2517
-0.42459	0.22202	-0.071613
-0.41142	0.091549	-0.1014
-0.43296	0.21174	-0.017677
-0.38248	-0.34935	-0.097648
-0.42206	0.043331	-0.026843
-0.37617	-0.26039	-0.42152
-0.42561	0.18391	0.082024
-0.376	-0.46459	-0.017914
-0.44096	0.21664	-0.1359
-0.41512	0.073574	0.10368
-0.36986	-0.54106	-0.38577
-0.39102	-0.36152	-0.28515
-0.43681	0.046922	-0.084409
-0.38612	-0.35115	-0.21933
-0.39752	-0.36077	-0.071641
-0.37404	-0.52661	-0.10931
-0.39288	-0.52171	-0.26966
-0.41745	-0.371	-0.2295
-0.44276	0.19627	0.050299
-0.44616	0.23808	-0.10668
-0.4391	0.16628	-0.12051
-0.38506	-0.57268	-0.35791
-0.39097	-0.33217	-0.32901
-0.41318	-0.30477	-0.37877
-0.40854	-0.29177	-0.41067
-0.44681	0.1996	-0.13853
-0.39498	-0.5233	-0.17522
-0.39969	-0.31317	-0.4296
-0.44008	0.1098	-0.1142
-0.40893	-0.36679	-0.18756
-0.37426	-0.40974	-0.0026056
-0.38978	-0.49992	-0.065936
-0.44067	0.038317	0.0062565
-0.45708	0.05303	-0.11735
-0.41887	-0.39091	-0.41273
-0.4427	0.03764	0.061553
-0.43643	-0.47248	-0.39549
-0.40497	-0.29667	-0.42638
-0.40914	-0.34737	-0.33852
-0.4608	0.23546	-0.040759
-0.39998	-0.54972	-0.3166
-0.41021	-0.50751	-0.14206
-0.3917	-0.572	-0.37296
-0.39637	-0.53045	-0.29876
-0.39211	-0.52304	-0.20525
-0.46806	0.21218	0.011507
-0.4561	0.18796	0.031999
-0.41892	-0.37376	-0.16161
-0.48008	0.24953	-0.14975
-0.40866	-0.40111	-0.039677
-0.42983	0.021342	0.026698
-0.40505	-0.47812	-0.39177
-0.45332	0.031974	-0.04506
-0.40503	-0.51808	-0.26204
-0.45608	0.14127	0.09699
-0.45692	0.036908	-0.012565
-0.47408	0.085128	-0.13305
-0.45162	0.18415	0.071002
-0.45977	0.17371	0.04754
-0.45289	0.062494	0.08925
-0.41774	-0.32042	-0.41766
-0.45253	0.047763	0.03959
-0.46223	0.15763	0.07703
-0.4701	0.2278	-0.17548
-0.41295	-0.5727	-0.36982
-0.45996	0.07075	0.065192
-0.42357	-0.36685	-0.35943
-0.45919	0.1067	0.098246
-0.41204	-0.37366	-0.30936
-0.49216	0.2239	-0.20205
-0.48714	0.25841	-0.11045
-0.42329	-0.50153	-0.22298
-0.4171	-0.5186	-0.28933
-0.4221	-0.48076	-0.10466
-0.46545	0.11386	0.077276
-0.43658	-0.41352	-0.3143
-0.42685	-0.43966	-0.059098
-0.42513	-0.37835	-0.39256
-0.42597	-0.41379	-0.065473
-0.46682	0.028712	-0.071462
-0.49111	0.25298	-0.079888
-0.42722	-0.39342	-0.26925
-0.43201	-0.48852	-0.2572
-0.43482	-0.40743	-0.10898
-0.42865	-0.52449	-0.38992
-0.49576	0.2318	-0.013507
-0.41935	-0.55355	-0.32845
-0.48271	0.065263	0.035711
-0.42908	-0.39226	-0.23387
-0.44068	-0.54032	-0.37735
-0.43568	-0.43339	-0.39395
-0.48615	0.12014	0.051106
-0.43799	-0.41427	-0.35892
-0.44079	-0.44667	-0.30296
-0.43936	-0.54947	-0.35762
-0.5148	0.21969	-0.21946
-0.43728	-0.45379	-0.12455
-0.49285	0.20421	-0.17986
-0.43998	-0.46354	-0.23669
-0.44053	-0.42945	-0.22649
-0.43964	-0.44948	-0.17343
-0.43656	-0.41568	-0.12984
-0.49337	0.089846	0.043885
-0.50983	0.24488	-0.19308
-0.48344	0.030605	-0.10023
-0.49468	0.049217	-0.14091
-0.48683	0.14493	0.046747
-0.48575	0.041178	-0.0013679
-0.43505	-0.49842	-0.29406
-0.45361	-0.49455	-0.3398
-0.49692	0.027371	-0.040307
-0.5351	0.25718	-0.077466
-0.49786	0.18417	0.032033
-0.53188	0.25662	-0.16829
-0.45649	-0.49408	-0.37449
-0.51992	0.16707	-0.19537
-0.51221	0.098755	-0.16903
-0.52757	0.265	-0.13422
-0.50885	0.24857	-0.049827
-0.52754	0.082357	-0.18067
-0.50162	0.054904	0.011733
-0.53384	0.19715	0.018351
-0.54347	0.23526	-0.030405
-0.54191	0.24257	-0.22272
-0.5434	0.097119	0.020691
-0.53649	0.20853	-0.2197
-0.5606	0.25606	-0.21928
-0.52547	0.1219	0.033181
-0.57212	0.11147	-0.21095
-0.55269	0.080952	-0.19702
-0.52463	0.031493	-0.064143
-0.52271	0.041749	-0.017344
-0.51953	0.03997	-0.12507
-0.55905	0.26303	-0.1124
-0.54866	0.044173	-0.042716
-0.55827	0.26503	-0.18572
-0.5746	0.14942	0.020063
-0.5407	0.061237	-0.0041766
-0.57329	0.063735	-0.17366
-0.57091	0.1732	-0.22916
-0.567	0.26675	-0.16483
-0.54909	0.040863	-0.10034
-0.57403	0.28303	-0.22092
-0.55919	0.20097	0.015822
-0.57642	0.30434	-0.1831
-0.58253	0.25382	-0.073382
-0.57781	0.30873	-0.21122
-0.57862	0.25945	-0.14068
-0.59362	0.37191	-0.24416
-0.6038	0.10228	-0.006653
-0.58869	0.34718	-0.19059
-0.55518	0.04252	-0.082755
-0.579	0.22825	-0.24013
-0.61116	0.38924	-0.22254
-0.60141	0.32483	-0.1579
-0.58289	0.071102	-0.039554
-0.59068	0.22414	-0.028225
-0.5889	0.28966	-0.23217
-0.57801	0.056809	-0.1426
-0.58905	0.38154	-0.21726
-0.58594	0.19296	0.0069477
-0.60226	0.20796	-0.24189
-0.60048	0.25534	-0.13315
-0.60237	0.25617	-0.23984
-0.59511	0.12334	0.003644
-0.60816	0.36907	-0.19273
-0.60735	0.16954	-0.0023023
-0.58543	0.087091	-0.20777
-0.60907	0.11201	-0.23035
-0.63594	0.2951	-0.24587
-0.61612	0.23227	-0.11758
-0.58853	0.063279	-0.08146
-0.62149	0.21869	-0.052229
-0.62419	0.35206	-0.24152
-0.62003	0.086856	-0.1992
-0.60093	0.08934	-0.016402
-0.62129	0.13975	-0.23368
-0.60085	0.15268	-0.23547
-0.62809	0.081681	-0.16575
-0.62832	0.21478	-0.064925
-0.6439	0.35718	-0.21762
-0.61691	0.092871	-0.071293
-0.64002	0.3458	-0.18069
-0.62624	0.22727	-0.13295
-0.62839	0.11141	-0.23169
-0.64093	0.17451	-0.24002
-0.65007	0.25317	-0.13696
-0.64238	0.1861	-0.11088
-0.63559	0.11125	-0.053866
-0.63289	0.10101	-0.114
-0.64822	0.33995	-0.24261
-0.6441	0.16428	-0.065209
-0.63956	0.1282	-0.05342
-0.64654	0.10811	-0.21036
-0.64388	0.12772	-0.080574
-0.63995	0.31004	-0.14661
-0.6464	0.10047	-0.14284
-0.65259	0.1553	-0.091629
-0.66849	0.34154	-0.2527
-0.70135	0.34245	-0.19931
-0.64559	0.19902	-0.13473
-0.65722	0.14637	-0.22996
-0.68453	0.26473	-0.14942
-0.6496	0.13898	-0.1182
-0.66617	0.1885	-0.14819
-0.6888	0.37191	-0.26328
-0.67384	0.3659	-0.22066
-0.66109	0.1205	-0.17617
-0.6629	0.16272	-0.15054
-0.69406	0.32008	-0.1766
-0.66912	0.14653	-0.20445
-0.68566	0.18307	-0.23451
-0.67373	0.15504	-0.17076
-0.67573	0.20909	-0.24279
-0.69671	0.19448	-0.1532
-0.71832	0.28299	-0.16768
-0.7106	0.181	-0.17369
-0.71383	0.32317	-0.25326
-0.69841	0.17229	-0.21908
-0.69246	0.3677	-0.24474
-0.71848	0.33998	-0.24208
-0.73759	0.29103	-0.25346
-0.72405	0.20453	-0.16239
-0.75296	0.33045	-0.25994
-0.74205	0.22105	-0.2419
-0.7205	0.32212	-0.19811
-0.74718	0.33631	-0.24262
-0.74499	0.19464	-0.20367
-0.75013	0.21318	-0.17261
-0.76828	0.27095	-0.19539
-0.77635	0.22607	-0.22689
-0.77057	0.21211	-0.20302
-0.76477	0.31257	-0.23808
-0.76422	0.29276	-0.24152
-0.75547	0.25184	-0.18135
-0.78655	0.2596	-0.24329
-0.76974	0.27465	-0.2457
-0.78087	0.23357	-0.1974
-0.77871	0.27195	-0.22325
-0.29484	-0.26822	-0.39155
0.070922	0.35988	-0.28572
