3	1211	1233	1279
3	756	767	798
3	829	805	862
3	1253	1267	1330
3	684	783	779
3	783	775	779
3	1200	1162	1150
3	343	406	419
3	1516	1578	1587
3	1587	1578	1586
3	1542	1554	1589
3	1592	1589	1614
3	1614	1658	1710
3	245	272	310
3	272	335	310
3	1008	967	1088
3	916	869	926
3	896	916	961
3	961	916	926
3	976	961	926
3	926	967	976
3	976	967	1008
3	926	995	967
3	967	1077	1088
3	1008	1088	1071
3	1088	1077	1121
3	1108	1071	1088
3	1071	1108	1112
3	1108	1088	1156
3	1156	1088	1168
3	1088	1121	1168
3	1182	1156	1196
3	782	812	823
3	822	812	837
3	828	812	838
3	812	822	823
3	837	812	828
3	812	771	838
3	838	771	839
3	822	877	823
3	849	823	889
3	889	823	877
3	1046	1158	1094
3	1046	1110	1158
3	1158	1180	1094
3	1180	1158	1170
3	1158	1128	1170
3	1156	1168	1196
3	1094	1180	1233
3	1180	1170	1196
3	1170	1182	1196
3	1180	1196	1220
3	1233	1180	1220
3	774	823	849
3	784	774	811
3	803	784	811
3	811	774	849
3	811	849	836
3	803	811	847
3	811	836	846
3	811	846	847
3	847	846	928
3	836	849	889
3	846	836	945
3	836	889	945
3	928	846	945
3	889	877	945
3	928	945	1019
3	928	1019	1030
3	944	928	1030
3	945	992	1035
3	945	1035	1019
3	1019	1035	1109
3	1035	1094	1109
3	1019	1109	1030
3	1109	1094	1141
3	1030	1109	1194
3	1109	1141	1177
3	1194	1109	1177
3	1141	1094	1233
3	1177	1141	1233
3	1194	1177	1211
3	1211	1177	1233
3	789	803	847
3	802	789	847
3	802	847	894
3	894	847	928
3	894	928	944
3	930	894	944
3	930	944	1030
3	920	930	1038
3	1038	930	1030
3	1038	1030	1161
3	1161	1030	1194
3	1038	1161	1143
3	1161	1194	1143
3	1186	1176	1226
3	709	730	756
3	709	756	798
3	798	1999	829
3	805	829	1999
3	871	709	829
3	829	862	871
3	1133	1113	1144
3	1113	1133	1125
3	1133	1144	1172
3	1125	1133	1150
3	1133	1172	1150
3	1172	1144	1176
3	1144	1113	1153
3	1144	1153	1176
3	1172	1176	1186
3	1172	1186	1214
3	1214	1186	1207
3	1207	1186	1217
3	1207	1217	1253
3	1207	1253	1330
3	684	709	783
3	684	730	709
3	775	783	871
3	871	783	709
3	1125	1150	1162
3	482	501	508
3	1150	1172	1214
3	1150	1214	1224
3	1200	1150	1224
3	1214	1207	1224
3	1224	1207	1330
3	1200	1224	1330
3	154	177	153
3	144	153	199
3	153	177	192
3	153	192	199
3	199	192	215
3	215	192	264
3	215	319	268
3	215	264	319
3	268	319	343
3	268	343	369
3	292	268	369
3	292	369	346
3	346	369	419
3	369	343	419
3	346	419	420
3	1587	1586	1633
3	1633	1586	1663
3	1633	1663	1664
3	1663	1586	1669
3	1664	1663	1708
3	1663	1669	1735
3	1708	1663	1735
3	1669	1734	1735
3	1775	1735	1734
3	1775	1734	1803
3	1803	1734	1785
3	609	612	614
3	1830	1803	1785
3	135	133	132
3	133	135	143
3	144	127	153
3	127	154	153
3	127	132	154
3	394	345	346
3	345	394	393
3	394	346	420
3	389	393	441
3	394	420	441
3	393	394	441
3	1583	1516	1587
3	1544	1516	1583
3	1554	1544	1623
3	1544	1583	1623
3	1628	1583	1587
3	1785	1800	1830
3	1812	1830	1841
3	1830	1800	1855
3	1830	1855	1857
3	1841	1830	1857
3	1857	1855	1859
3	1858	1841	1857
3	1857	1859	1858
3	133	143	146
3	133	146	180
3	175	163	133
3	133	180	175
3	146	185	180
3	180	185	218
3	180	218	256
3	175	180	214
3	180	256	214
3	244	285	272
3	272	285	311
3	311	326	351
3	335	311	351
3	335	272	311
3	335	351	380
3	351	326	393
3	389	351	393
3	393	326	345
3	351	389	380
3	427	380	389
3	1614	1589	1652
3	1614	1652	1658
3	1658	1652	1699
3	1652	1686	1699
3	1710	1658	1724
3	1788	1772	1776
3	1776	1770	1840
3	1847	1776	1840
3	1788	1776	1847
3	1858	1847	1840
3	1840	1852	1858
3	256	218	244
3	245	214	256
3	256	244	272
3	245	256	272
3	809	881	892
3	760	842	881
3	809	807	881
3	807	760	881
3	760	807	809
3	746	760	809
3	764	746	809
3	711	692	760
3	760	692	785
3	655	711	760
3	746	655	760
3	717	655	746
3	597	711	657
3	1202	1273	1269
3	1138	1202	1269
3	1138	1146	1202
3	997	1146	1138
3	932	1146	997
3	932	1062	1146
3	932	986	1062
3	970	1010	986
3	892	881	970
3	934	970	986
3	932	934	986
3	934	892	970
3	932	852	934
3	835	852	932
3	852	892	934
3	852	809	892
3	764	809	852
3	835	772	852
3	772	764	852
3	765	772	835
3	717	764	772
3	765	688	772
3	717	746	764
3	688	717	772
3	1138	1251	1189
3	997	1138	1189
3	1183	997	1189
3	1183	964	997
3	1036	964	1183
3	964	797	997
3	949	964	1036
3	834	797	964
3	797	932	997
3	949	834	964
3	797	835	932
3	753	797	834
3	797	765	835
3	1036	1183	1084
3	1076	1025	1084
3	1025	1036	1084
3	949	1036	1025
3	1004	949	1025
3	927	947	1004
3	947	949	1004
3	947	879	949
3	895	879	947
3	879	834	949
3	1082	1081	1115
3	1102	1082	1115
3	1089	1106	1115
3	1081	1089	1115
3	1061	1089	1081
3	1082	1058	1081
3	1089	1076	1106
3	1059	1082	1102
3	1072	1059	1102
3	1025	1076	1089
3	1052	1089	1061
3	1052	1025	1089
3	1002	1052	1061
3	1002	974	1052
3	1052	1004	1025
3	927	1004	974
3	974	1004	1052
3	974	1002	951
3	927	974	951
3	897	927	951
3	905	895	947
3	927	905	947
3	905	927	897
3	904	895	905
3	904	901	915
3	887	905	897
3	887	904	905
3	904	887	901
3	983	1058	1082
3	1059	983	1082
3	988	983	1059
3	989	1059	1072
3	989	988	1059
3	942	983	988
3	953	988	989
3	953	942	988
3	915	942	953
3	901	935	942
3	901	900	935
3	915	901	942
3	1245	1171	1254
3	1171	1095	1254
3	1136	1095	1171
3	1095	1041	1063
3	1041	1095	1136
3	977	1041	1136
3	885	1000	1063
3	1041	885	1063
3	909	1041	977
3	909	885	1041
3	909	754	885
3	727	754	909
3	766	727	909
3	1291	1245	1336
3	1209	1245	1291
3	1209	1142	1245
3	1142	1171	1245
3	1142	1136	1171
3	973	1136	1142
3	1098	973	1142
3	973	977	1136
3	922	977	973
3	860	973	998
3	860	922	973
3	922	909	977
3	860	790	922
3	766	909	922
3	790	766	922
3	762	790	860
3	762	766	790
3	687	766	762
3	679	687	762
3	766	687	727
3	1305	1341	1339
3	1305	1291	1341
3	1305	1339	1310
3	1257	1305	1310
3	1209	1291	1305
3	1257	1209	1305
3	1122	1209	1257
3	1122	1142	1209
3	1098	1142	1122
3	1057	1122	1079
3	1057	1098	1122
3	1057	973	1098
3	998	973	1057
3	913	1057	1079
3	913	998	1057
3	913	860	998
3	911	824	913
3	860	913	824
3	762	860	824
3	696	762	824
3	752	696	824
3	696	679	762
3	666	696	752
3	696	649	679
3	1285	1310	1332
3	1285	1257	1310
3	1199	1257	1285
3	1199	1198	1257
3	1198	1122	1257
3	1079	1122	1198
3	1079	1198	1199
3	1054	1079	1199
3	1139	1054	1199
3	1075	1054	1139
3	1075	1031	1054
3	1054	911	1079
3	1054	912	911
3	1031	921	1054
3	911	913	1079
3	921	912	1054
3	921	853	912
3	788	911	912
3	788	912	853
3	788	824	911
3	788	752	824
3	788	699	752
3	699	666	752
3	1199	1285	1265
3	1139	1199	1265
3	1174	1139	1265
3	1174	1075	1139
3	978	1075	1174
3	978	1031	1075
3	788	853	842
3	1003	910	994
3	910	985	994
3	891	985	910
3	1066	1061	1081
3	1058	1050	1081
3	1050	1066	1081
3	1058	1001	1050
3	1050	1016	1066
3	994	1061	1066
3	1003	994	1066
3	994	1002	1061
3	994	985	1002
3	985	951	1002
3	985	919	951
3	891	919	985
3	919	897	951
3	891	897	919
3	900	878	917
3	901	887	900
3	891	880	897
3	900	880	878
3	880	887	897
3	887	880	900
3	983	1039	1058
3	1039	1001	1058
3	1039	917	1001
3	983	935	1039
3	935	917	1039
3	942	935	983
3	900	917	935
3	1016	883	1003
3	987	883	1016
3	883	959	1003
3	959	910	1003
3	883	825	959
3	845	883	987
3	868	891	910
3	825	910	959
3	910	825	868
3	825	845	868
3	845	825	883
3	1016	1003	1066
3	1016	1050	1001
3	1001	987	1016
3	955	987	1001
3	917	955	1001
3	955	878	987
3	917	878	955
3	868	880	891
3	878	845	987
3	880	868	878
3	868	845	878
3	480	450	483
3	409	429	483
3	450	409	483
3	399	450	451
3	399	409	450
3	354	399	428
3	381	354	428
3	409	354	340
3	354	409	399
3	333	354	381
3	316	340	354
3	333	316	354
3	301	340	316
3	259	301	316
3	259	246	301
3	231	246	259
3	1826	1813	1821
3	1826	1821	1833
3	1816	1821	1813
3	1826	1749	1813
3	1743	1749	1826
3	1813	1749	1816
3	1749	1765	1816
3	1749	1674	1765
3	1690	1749	1743
3	1690	1743	1721
3	1690	1674	1749
3	1645	1674	1690
3	1598	1645	1690
3	1598	1634	1645
3	1581	1599	1634
3	314	333	357
3	332	314	357
3	314	316	333
3	332	305	314
3	314	303	316
3	303	259	316
3	305	303	314
3	305	262	303
3	303	234	259
3	239	303	262
3	239	234	303
3	234	231	259
3	223	196	234
3	234	196	231
3	1818	1826	1833
3	1818	1743	1826
3	1818	1768	1743
3	1719	1743	1768
3	1721	1743	1719
3	1689	1644	1719
3	1677	1685	1721
3	1685	1690	1721
3	1719	1677	1721
3	1644	1677	1719
3	1627	1685	1677
3	1644	1627	1677
3	1627	1577	1685
3	1577	1598	1685
3	1597	1533	1627
3	1533	1577	1627
3	1524	1533	1597
3	1533	1528	1577
3	1511	1528	1533
3	492	444	479
3	436	444	492
3	436	425	444
3	353	425	436
3	353	370	425
3	353	339	370
3	300	353	363
3	300	312	353
3	312	339	353
3	339	305	332
3	312	305	339
3	300	271	312
3	240	271	300
3	262	305	312
3	271	262	312
3	239	262	271
3	271	223	239
3	223	234	239
3	1644	1597	1627
3	1559	1597	1644
3	1604	1559	1644
3	1559	1524	1597
3	1515	1524	1559
3	1524	1511	1533
3	1515	1462	1524
3	1462	1511	1524
3	1462	1452	1511
3	1476	1462	1515
3	1434	1452	1462
3	1434	1405	1452
3	553	557	524
3	536	524	557
3	516	553	524
3	492	524	536
3	492	516	524
3	492	479	516
3	363	353	436
3	1406	1434	1462
3	1419	1406	1462
3	1406	1405	1434
3	1398	1405	1406
3	1379	1398	1406
3	1327	1398	1379
3	1327	1392	1398
3	636	612	654
3	605	612	636
3	568	604	612
3	605	568	612
3	586	568	605
3	579	586	605
3	586	557	568
3	553	568	557
3	1392	1380	1402
3	1402	1380	1375
3	1327	1380	1392
3	1327	1319	1380
3	1319	1375	1380
3	1311	1319	1327
3	629	647	654
3	612	629	654
3	609	576	629
3	612	609	629
3	629	576	647
3	1606	1593	1646
3	1582	1606	1646
3	1510	1593	1606
3	1510	1472	1593
3	1472	1534	1593
3	1480	1534	1472
3	1472	1440	1480
3	1387	1472	1510
3	1387	1440	1472
3	1437	1387	1510
3	1387	1373	1440
3	1402	1375	1387
3	1402	1387	1437
3	1317	1373	1387
3	1387	1375	1317
3	576	600	647
3	534	571	600
3	576	534	600
3	534	551	571
3	551	489	539
3	489	464	539
3	534	489	551
3	525	489	534
3	464	500	539
3	525	438	489
3	404	438	525
3	438	464	489
3	438	426	464
3	392	426	438
3	392	375	426
3	1582	1646	1653
3	1630	1582	1653
3	1640	1630	1653
3	1572	1582	1630
3	1547	1630	1640
3	404	392	438
3	430	412	404
3	372	392	404
3	372	404	412
3	1603	1640	1667
3	1573	1603	1667
3	1585	1573	1667
3	1603	1547	1640
3	1573	1547	1603
3	1256	1274	1234
3	1256	1260	1274
3	1260	1203	1274
3	1135	1097	1256
3	1135	1064	1097
3	1097	1260	1256
3	1097	1074	1260
3	1097	1037	1074
3	1045	940	1064
3	1064	1037	1097
3	1064	1033	1037
3	940	996	1064
3	996	1033	1064
3	940	872	996
3	906	1033	996
3	867	906	996
3	872	867	996
3	818	867	872
3	820	867	818
3	872	833	818
3	833	791	818
3	791	820	818
3	747	791	833
3	411	452	487
3	442	411	487
3	411	395	452
3	371	395	411
3	395	372	412
3	395	360	372
3	371	360	395
3	1477	1467	1585
3	1585	1467	1573
3	1467	1532	1573
3	1477	1435	1467
3	1435	1348	1467
3	1351	1348	1435
3	1351	1325	1348
3	1325	1274	1348
3	1274	1309	1348
3	1313	1325	1349
3	1313	1274	1325
3	1234	1274	1313
3	791	665	820
3	747	665	791
3	708	820	665
3	705	665	747
3	619	587	705
3	587	665	705
3	587	622	665
3	587	487	622
3	619	518	587
3	518	487	587
3	458	518	619
3	462	518	458
3	442	487	518
3	462	442	518
3	1306	1296	1344
3	1306	1250	1296
3	1250	1165	1296
3	1116	1167	1250
3	1167	1165	1250
3	1165	1092	1184
3	1047	1092	1165
3	1167	1047	1165
3	1116	1017	1167
3	1017	1047	1167
3	1017	952	1047
3	1013	1060	1047
3	952	1013	1047
3	952	918	1013
3	799	918	952
3	799	952	946
3	810	799	946
3	800	918	799
3	799	710	800
3	810	710	799
3	670	710	810
3	710	653	736
3	1450	1399	1449
3	1433	1450	1455
3	1399	1420	1449
3	1399	1396	1420
3	1433	1399	1450
3	1367	1399	1433
3	1377	1396	1399
3	1367	1377	1399
3	1377	1344	1396
3	1367	1306	1377
3	1306	1344	1377
3	670	653	710
3	598	653	670
3	598	670	652
3	644	653	598
3	572	598	652
3	598	624	644
3	451	450	480
3	428	399	451
3	1598	1690	1685
3	1580	1581	1634
3	425	454	444
3	339	332	370
3	516	566	553
3	479	497	516
3	1412	1392	1402
3	1398	1392	1397
3	525	534	493
3	1467	1436	1532
3	1260	1074	1203
3	452	484	487
3	487	484	622
3	1263	1250	1306
3	946	952	1017
3	735	719	773
3	719	654	725
3	654	680	725
3	654	647	680
3	647	600	680
3	1576	1629	1655
3	1593	1576	1655
3	1576	1600	1629
3	1534	1576	1593
3	1501	1526	1576
3	1501	1576	1534
3	1534	1480	1501
3	1501	1513	1526
3	1501	1459	1513
3	1480	1459	1501
3	1440	1459	1480
3	1440	1395	1459
3	1469	1468	1560
3	212	200	238
3	1751	1722	1755
3	1853	1867	1868
3	1795	1843	1873
3	1843	1848	1873
3	1848	1853	1873
3	1853	1868	1873
3	117	134	140
3	126	117	142
3	117	140	142
3	142	140	147
3	147	140	161
3	140	134	157
3	161	140	157
3	157	134	270
3	174	157	252
3	252	157	270
3	270	198	307
3	307	198	248
3	322	270	307
3	291	293	349
3	307	248	358
3	248	291	358
3	377	307	358
3	358	291	408
3	408	291	414
3	414	349	355
3	1555	1469	1560
3	1555	1560	1602
3	1531	1555	1624
3	1531	1624	1538
3	1624	1555	1660
3	1642	1538	1624
3	1538	1642	1588
3	1555	1602	1650
3	1555	1650	1657
3	1555	1657	1660
3	1588	1642	1725
3	1642	1750	1725
3	1741	1725	1793
3	1725	1750	1810
3	1795	1725	1810
3	1793	1725	1795
3	1836	1793	1849
3	1825	1836	1851
3	1849	1793	1795
3	1836	1849	1851
3	1834	1851	1873
3	1868	1834	1873
3	1851	1849	1873
3	1849	1795	1873
3	147	161	173
3	173	161	157
3	147	173	178
3	147	178	197
3	173	157	174
3	178	173	187
3	187	173	174
3	252	270	299
3	299	270	322
3	299	322	376
3	376	322	407
3	307	377	322
3	387	306	388
3	306	362	388
3	322	377	407
3	377	358	408
3	387	388	400
3	355	367	414
3	979	1029	1053
3	367	400	414
3	407	377	467
3	408	414	467
3	414	400	460
3	467	414	460
3	1453	1469	1481
3	1481	1469	1531
3	1538	1481	1531
3	1531	1469	1555
3	1468	1453	1605
3	1481	1538	1607
3	1538	1588	1607
3	1607	1588	1662
3	1588	1725	1741
3	1786	1741	1793
3	1819	1786	1793
3	1796	1786	1819
3	1797	1782	1825
3	1782	1819	1825
3	1825	1819	1836
3	1836	1819	1793
3	187	200	178
3	187	174	252
3	241	187	252
3	241	252	277
3	274	241	277
3	200	241	274
3	238	200	274
3	274	277	287
3	277	252	299
3	758	813	793
3	238	274	362
3	306	238	362
3	277	299	338
3	274	287	362
3	338	299	376
3	287	277	338
3	338	376	386
3	362	338	386
3	287	338	362
3	386	388	362
3	386	376	407
3	388	386	460
3	386	407	460
3	388	460	400
3	407	467	460
3	1453	1468	1469
3	1453	1481	1556
3	1453	1556	1605
3	1608	1998	1556
3	1605	1556	1998
3	1608	1556	1607
3	1556	1481	1607
3	1608	1607	1662
3	1666	1608	1673
3	1673	1608	1662
3	1684	1998	1666
3	1666	1673	1712
3	1684	1666	1722
3	1662	1588	1741
3	1666	1712	1722
3	1722	1712	1755
3	1673	1662	1741
3	1712	1673	1764
3	1764	1673	1786
3	1673	1741	1786
3	1755	1764	1783
3	1783	1764	1796
3	1764	1786	1796
3	1782	1755	1783
3	1755	1782	1751
3	1782	1783	1819
3	1783	1796	1819
3	200	187	241
3	1998	1608	1666
3	1755	1712	1764
3	1373	1337	1440
3	1337	1395	1440
3	1317	1337	1373
3	1337	1331	1395
3	1317	1288	1337
3	1288	1331	1337
3	1288	1235	1331
3	1208	1235	1288
3	1235	1308	1331
3	1235	1249	1308
3	1201	1152	1208
3	1131	1179	1208
3	1152	1131	1208
3	714	902	864
3	720	714	864
3	725	720	770
3	698	714	720
3	660	720	725
3	660	698	720
3	680	660	725
3	660	632	698
3	600	660	680
3	660	642	632
3	600	642	660
3	600	563	642
3	563	544	642
3	544	632	642
3	571	563	600
3	519	544	563
3	539	519	563
3	500	519	539
3	519	500	544
3	500	457	544
3	445	481	544
3	464	457	500
3	457	445	544
3	426	445	457
3	464	426	457
3	426	416	445
3	375	416	426
3	416	375	383
3	1640	1653	1687
3	1655	1688	1646
3	1655	1629	1688
3	1235	1212	1249
3	1164	1212	1235
3	1212	1190	1229
3	1145	1190	1212
3	1164	1145	1212
3	1145	1178	1190
3	1135	1178	1145
3	1164	1085	1145
3	1120	1085	1164
3	1145	1085	1135
3	1131	1078	1179
3	1078	1111	1179
3	1111	1085	1120
3	1111	1120	1179
3	1065	1078	1131
3	1065	1020	1078
3	960	975	1020
3	960	938	975
3	956	861	960
3	861	938	960
3	861	859	938
3	902	814	861
3	377	408	467
3	787	814	902
3	787	763	786
3	714	787	902
3	714	763	787
3	375	365	383
3	392	365	375
3	372	365	392
3	365	352	383
3	360	365	372
3	365	360	352
3	1687	1646	1688
3	1667	1687	1706
3	1651	1667	1706
3	1651	1596	1667
3	1596	1585	1667
3	1323	1313	1324
3	1323	1302	1313
3	1302	1234	1313
3	1302	1223	1234
3	1178	1256	1234
3	1190	1178	1248
3	1248	1178	1223
3	1223	1178	1234
3	1178	1135	1256
3	1085	1064	1135
3	1078	1045	1111
3	1085	1045	1064
3	1045	1085	1111
3	1078	1020	1045
3	975	1045	1020
3	938	940	1045
3	975	938	1045
3	859	940	938
3	291	349	414
3	814	859	861
3	859	833	872
3	793	833	859
3	814	793	859
3	833	793	813
3	786	793	814
3	749	793	786
3	758	689	813
3	749	758	793
3	689	683	813
3	366	374	411
3	374	371	411
3	360	371	374
3	342	374	366
3	352	360	374
3	342	352	374
3	1620	1596	1651
3	1620	1584	1596
3	1584	1477	1596
3	1487	1435	1584
3	1435	1477	1584
3	1351	1435	1487
3	1415	1351	1487
3	1349	1351	1415
3	1349	1415	1324
3	1349	1325	1351
3	1324	1313	1349
3	683	747	813
3	683	705	747
3	565	705	683
3	583	705	565
3	583	619	705
3	583	548	619
3	548	583	521
3	548	447	458
3	379	442	458
3	447	379	458
3	379	366	442
3	366	411	442
3	1277	1316	1344
3	1296	1222	1344
3	1222	1277	1344
3	1165	1222	1296
3	1165	1184	1222
3	1184	1137	1222
3	1184	1053	1137
3	1092	1053	1184
3	1060	1053	1092
3	1053	1029	1137
3	1029	1105	1137
3	981	1053	1060
3	1013	981	1060
3	981	979	1053
3	918	981	1013
3	918	979	981
3	800	979	918
3	710	745	800
3	736	700	745
3	736	745	710
3	653	700	736
3	1420	1446	1449
3	1420	1396	1446
3	1408	1426	1446
3	1396	1408	1446
3	1316	1408	1396
3	1344	1316	1396
3	1316	1326	1408
3	653	673	700
3	653	644	673
3	673	580	682
3	644	580	673
3	624	580	644
3	559	580	624
3	1518	1549	1568
3	1536	1518	1568
3	1549	1509	1521
3	1473	1518	1536
3	1549	1473	1509
3	1473	1549	1518
3	1473	1448	1509
3	1473	1463	1448
3	1426	1448	1463
3	1446	1463	1473
3	1449	1446	1473
3	1446	1426	1463
3	562	541	580
3	559	526	580
3	526	562	580
3	499	538	562
3	526	499	562
3	495	526	559
3	483	499	526
3	495	483	526
3	1765	1777	1816
3	1765	1697	1777
3	1674	1697	1765
3	1674	1645	1697
3	1645	1681	1697
3	1645	1626	1681
3	1626	1595	1681
3	1645	1599	1626
3	1581	1626	1599
3	1626	1558	1595
3	1581	1569	1626
3	1569	1558	1626
3	1568	1569	1581
3	1549	1569	1568
3	1549	1521	1569
3	1521	1558	1569
3	483	505	499
3	1634	1599	1645
3	551	563	571
3	551	539	563
3	1593	1655	1646
3	1653	1646	1687
3	1667	1640	1687
3	859	872	940
3	813	747	833
3	1477	1585	1596
3	548	458	619
3	458	442	462
3	1047	1060	1092
3	1449	1473	1536
3	1450	1449	1536
3	431	459	521
3	447	548	459
3	382	459	431
3	382	447	459
3	423	382	431
3	382	379	447
3	348	382	423
3	331	379	382
3	282	366	379
3	331	282	379
3	324	331	382
3	282	331	324
3	1188	1206	1277
3	1222	1188	1277
3	1137	1188	1222
3	1188	1154	1206
3	1105	1154	1188
3	1137	1105	1188
3	1105	1042	1154
3	1029	1042	1105
3	991	1093	1042
3	979	1042	1029
3	979	991	1042
3	979	831	991
3	800	831	979
3	745	831	800
3	745	780	831
3	745	724	780
3	673	674	745
3	674	724	745
3	1369	1393	1421
3	1423	1369	1421
3	1326	1423	1426
3	1326	1369	1423
3	1326	1293	1369
3	1277	1293	1326
3	1316	1277	1326
3	682	674	673
3	674	732	724
3	610	674	682
3	610	623	674
3	615	610	682
3	1509	1498	1521
3	1498	1495	1521
3	1495	1503	1520
3	1509	1448	1498
3	1498	1421	1495
3	1421	1390	1495
3	1448	1423	1498
3	1423	1421	1498
3	1426	1423	1448
3	623	621	639
3	623	596	621
3	610	596	623
3	596	543	621
3	596	610	615
3	541	596	615
3	541	543	596
3	541	538	543
3	505	543	538
3	499	505	538
3	120	141	194
3	141	102	158
3	120	102	141
3	98	102	120
3	94	102	98
3	71	94	98
3	1925	1919	1931
3	1895	1919	1925
3	1895	1902	1919
3	1902	1915	1919
3	1902	1881	1915
3	1895	1880	1902
3	1871	1880	1895
3	1880	1881	1902
3	1880	1844	1881
3	1804	1844	1880
3	1871	1804	1880
3	1817	1805	1871
3	1804	1798	1844
3	1805	1804	1871
3	1740	1804	1805
3	1777	1805	1817
3	1816	1777	1817
3	1761	1798	1804
3	1805	1756	1740
3	1777	1756	1805
3	1804	1740	1761
3	1740	1730	1761
3	1697	1756	1777
3	1756	1639	1740
3	1697	1656	1756
3	1656	1639	1756
3	1611	1639	1656
3	1639	1575	1683
3	1595	1611	1656
3	1611	1575	1639
3	1558	1611	1595
3	1551	1575	1611
3	1558	1551	1611
3	1558	1520	1551
3	1521	1495	1558
3	1495	1520	1558
3	1520	1503	1551
3	446	529	543
3	505	446	543
3	446	510	529
3	446	433	510
3	429	446	505
3	429	344	446
3	344	433	446
3	340	364	409
3	364	344	429
3	336	344	364
3	340	336	364
3	301	336	340
3	301	284	336
3	284	269	336
3	246	284	301
3	232	269	284
3	232	284	246
3	246	216	232
3	231	216	246
3	196	216	231
3	194	193	232
3	216	194	232
3	172	216	196
3	120	194	216
3	172	151	216
3	151	120	216
3	151	103	120
3	98	120	103
3	100	103	151
3	100	90	103
3	103	71	98
3	90	71	103
3	89	90	100
3	63	71	90
3	89	63	90
3	58	63	89
3	71	66	79
3	66	71	63
3	1923	1895	1925
3	1883	1895	1923
3	1908	1883	1923
3	1886	1895	1883
3	1879	1883	1908
3	1865	1871	1895
3	1865	1895	1886
3	1883	1861	1886
3	1861	1850	1886
3	1850	1865	1886
3	1833	1850	1861
3	1850	1833	1865
3	1833	1817	1865
3	1865	1817	1871
3	223	203	196
3	162	196	203
3	156	172	196
3	156	196	162
3	123	162	169
3	156	151	172
3	162	123	156
3	128	123	169
3	100	151	156
3	123	100	156
3	89	100	123
3	58	89	91
3	1883	1846	1861
3	1879	1846	1883
3	1866	1846	1879
3	1846	1824	1861
3	1820	1824	1846
3	1820	1846	1866
3	1824	1833	1861
3	1818	1833	1824
3	1820	1818	1824
3	1794	1818	1820
3	1809	1794	1820
3	1791	1809	1820
3	1794	1719	1818
3	1719	1768	1818
3	1745	1794	1809
3	1745	1719	1794
3	1717	1745	1809
3	1717	1698	1745
3	415	488	522
3	410	488	415
3	320	350	255
3	350	300	363
3	320	300	350
3	251	300	320
3	251	240	300
3	227	251	320
3	240	223	271
3	227	240	251
3	227	226	240
3	226	223	240
3	226	203	223
3	190	226	227
3	190	169	226
3	169	203	226
3	169	162	203
3	1671	1698	1717
3	1698	1689	1745
3	1671	1672	1698
3	1672	1689	1698
3	1672	1644	1689
3	1671	1625	1672
3	1604	1644	1672
3	1625	1604	1672
3	1559	1604	1625
3	1540	1559	1625
3	1515	1559	1540
3	1515	1540	1496
3	1496	1486	1515
3	1486	1476	1515
3	1486	1419	1476
3	1476	1419	1462
3	1361	1419	1486
3	1361	1401	1419
3	556	573	591
3	536	557	573
3	556	522	573
3	522	536	573
3	488	536	522
3	488	492	536
3	410	492	488
3	410	436	492
3	410	363	436
3	350	363	410
3	1401	1379	1419
3	1379	1406	1419
3	1328	1379	1401
3	1361	1328	1401
3	1262	1328	1361
3	1328	1278	1327
3	1262	1278	1328
3	1262	1204	1278
3	646	735	723
3	646	654	719
3	636	654	646
3	641	628	646
3	628	636	646
3	591	628	641
3	605	636	628
3	579	605	628
3	591	573	628
3	573	579	628
3	573	557	579
3	1311	1317	1319
3	1311	1208	1317
3	1278	1204	1311
3	1204	1208	1311
3	1201	1208	1204
3	725	770	773
3	719	725	773
3	646	719	735
3	1208	1288	1317
3	700	673	745
3	1326	1426	1408
3	580	615	682
3	580	541	615
3	562	538	541
3	1816	1817	1821
3	1697	1681	1656
3	1595	1656	1681
3	483	429	505
3	409	364	429
3	1821	1817	1833
3	1745	1689	1719
3	1328	1327	1379
3	579	557	586
3	1319	1317	1375
3	1327	1278	1311
3	832	865	890
3	801	832	890
3	815	863	865
3	832	815	865
3	776	832	801
3	832	776	815
3	776	779	815
3	743	779	776
3	713	743	776
3	695	713	718
3	80	95	101
3	348	324	382
3	513	521	565
3	1694	1615	1692
3	1692	1691	1714
3	631	656	664
3	1430	1359	1414
3	1707	1693	1723
3	1691	1707	1723
3	368	341	413
3	341	401	413
3	1249	1350	1404
3	1682	1670	1693
3	993	1011	1026
3	1117	1048	1086
3	1244	1238	1290
3	643	620	685
3	939	1026	1068
3	1365	1431	1418
3	1889	1893	1910
3	82	60	72
3	276	242	288
3	280	276	296
3	659	697	738
3	715	659	738
3	1460	1418	1474
3	282	267	295
3	309	324	348
3	323	309	348
3	323	348	391
3	348	423	391
3	423	431	391
3	391	431	466
3	437	391	466
3	466	431	521
3	437	466	513
3	513	466	521
3	513	565	527
3	1475	1439	1523
3	1471	1475	1523
3	1523	1439	1519
3	1439	1478	1519
3	1519	1478	1535
3	1535	1567	1618
3	1519	1535	1613
3	1535	1618	1613
3	1618	1567	1615
3	1618	1615	1694
3	1641	1613	1618
3	1641	1618	1694
3	1694	1692	1714
3	1694	1714	1737
3	207	213	267
3	237	207	267
3	267	213	233
3	267	233	289
3	233	286	289
3	267	289	295
3	295	289	298
3	289	286	298
3	298	286	325
3	341	298	325
3	542	531	617
3	531	527	617
3	546	542	617
3	595	546	606
3	606	546	617
3	606	617	633
3	617	527	631
3	633	617	707
3	617	631	664
3	707	617	664
3	1320	1357	1350
3	1359	1430	1357
3	1350	1357	1430
3	1429	1350	1430
3	1429	1430	1451
3	1430	1414	1475
3	1475	1414	1439
3	1451	1430	1475
3	1429	1451	1458
3	1471	1451	1475
3	1714	1691	1723
3	1714	1723	1738
3	1738	1723	1789
3	1723	1693	1789
3	1714	1738	1737
3	1766	1737	1789
3	1737	1738	1789
3	1789	1693	1808
3	233	273	318
3	286	233	318
3	286	318	325
3	325	318	390
3	341	325	401
3	401	325	390
3	401	390	455
3	449	401	455
3	403	413	449
3	413	401	449
3	403	449	470
3	455	390	475
3	455	475	491
3	449	455	491
3	470	449	509
3	449	491	509
3	570	491	537
3	509	491	570
3	509	570	578
3	570	537	595
3	570	595	602
3	570	602	578
3	602	595	633
3	578	602	630
3	595	606	633
3	630	602	671
3	602	633	671
3	638	630	671
3	671	633	707
3	1271	1320	1350
3	1404	1350	1429
3	1456	1429	1458
3	1404	1429	1466
3	1429	1456	1466
3	1466	1456	1507
3	1507	1456	1505
3	1404	1466	1504
3	1466	1507	1504
3	1507	1505	1561
3	1609	1561	1610
3	1504	1507	1631
3	1622	1504	1631
3	1507	1561	1631
3	1561	1609	1631
3	1622	1631	1670
3	1631	1609	1665
3	1670	1631	1680
3	1622	1670	1682
3	1631	1665	1711
3	1680	1631	1711
3	1693	1670	1680
3	1680	1747	1693
3	1680	1711	1747
3	417	403	470
3	461	470	517
3	517	470	509
3	517	509	567
3	567	509	578
3	567	578	630
3	1427	1404	1444
3	1444	1404	1504
3	685	618	751
3	750	685	751
3	750	751	741
3	750	741	855
3	750	855	806
3	741	795	855
3	806	855	914
3	939	914	1026
3	914	855	1026
3	855	993	1026
3	1026	1011	1118
3	1068	1026	1118
3	1011	1117	1118
3	1011	1048	1117
3	1117	1086	1175
3	1117	1175	1244
3	1118	1117	1192
3	1185	1118	1192
3	1192	1117	1242
3	1242	1117	1244
3	1242	1244	1290
3	1221	1192	1242
3	1242	1290	1314
3	1314	1290	1370
3	1314	1370	1432
3	1365	1314	1432
3	99	82	105
3	110	99	105
3	99	110	116
3	149	110	129
3	116	110	149
3	122	116	149
3	149	129	181
3	122	149	159
3	159	149	181
3	181	206	236
3	236	206	242
3	643	685	716
3	716	685	750
3	643	716	697
3	697	716	742
3	716	750	806
3	742	716	830
3	716	806	830
3	742	830	844
3	844	830	903
3	830	806	914
3	844	903	929
3	830	914	939
3	903	830	939
3	929	903	999
3	903	939	999
3	965	929	999
3	965	999	1100
3	999	939	1068
3	1100	999	1068
3	1100	1068	1107
3	1068	1118	1185
3	1068	1185	1107
3	1185	1192	1221
3	1166	1107	1185
3	1166	1185	1297
3	1297	1185	1221
3	1242	1297	1221
3	1297	1242	1314
3	1340	1297	1365
3	1297	1340	1304
3	1297	1314	1365
3	1340	1365	1418
3	1760	1771	1792
3	1792	1771	1838
3	1771	1811	1838
3	1792	1838	1863
3	1792	1863	1864
3	1863	1838	1869
3	1864	1863	1891
3	1863	1869	1889
3	1891	1863	1889
3	1891	1889	1900
3	1900	1889	1910
3	59	60	84
3	70	59	84
3	60	82	84
3	70	84	96
3	84	82	99
3	96	84	99
3	96	99	116
3	121	122	159
3	183	159	209
3	160	183	210
3	210	183	220
3	183	209	220
3	210	220	254
3	209	159	235
3	159	181	235
3	181	236	235
3	220	209	265
3	209	235	265
3	254	220	261
3	261	220	265
3	235	236	276
3	265	235	276
3	236	242	276
3	261	265	276
3	261	276	280
3	659	643	697
3	738	697	742
3	738	742	844
3	759	715	841
3	715	738	844
3	715	844	841
3	841	844	929
3	826	841	898
3	898	841	982
3	982	841	929
3	936	898	982
3	982	929	965
3	982	965	1034
3	1034	965	1100
3	1034	1100	1056
3	1056	1100	1147
3	1101	1056	1195
3	1100	1107	1166
3	1147	1100	1166
3	1056	1147	1195
3	1147	1166	1232
3	1147	1232	1270
3	1166	1297	1304
3	1232	1166	1266
3	1266	1166	1304
3	1270	1232	1266
3	1270	1266	1303
3	1364	1304	1340
3	1266	1364	1303
3	1266	1304	1364
3	1303	1364	1354
3	1354	1364	1383
3	1383	1364	1460
3	1364	1340	1460
3	1340	1418	1460
3	1383	1460	1488
3	1732	1733	1760
3	1733	1720	1760
3	1754	1732	1760
3	1760	1720	1744
3	1754	1760	1787
3	1744	1771	1760
3	64	95	80
3	53	64	80
3	76	38	80
3	38	53	80
3	53	57	64
3	53	33	57
3	38	33	53
3	42	29	38
3	33	38	29
3	40	29	42
3	24	33	29
3	21	29	40
3	13	24	29
3	21	13	29
3	11	13	21
3	1996	1993	1988
3	1974	1988	1993
3	1974	1984	1988
3	1974	1968	1984
3	1981	1961	1993
3	1961	1974	1993
3	1961	1968	1974
3	1954	1968	1961
3	1954	1958	1968
3	1941	1958	1954
3	1945	1954	1961
3	1921	1954	1945
3	1921	1913	1954
3	1913	1924	1954
3	1899	1909	1913
3	1899	1903	1909
3	1906	1899	1913
3	1903	1894	1905
3	1894	1903	1899
3	1300	1268	1301
3	1268	1272	1301
3	1227	1268	1300
3	1227	1300	1289
3	1228	1227	1289
3	1227	1205	1268
3	1210	1227	1228
3	781	755	801
3	755	776	801
3	755	718	776
3	718	713	776
3	734	718	755
3	693	734	755
3	701	693	755
3	693	731	734
3	693	757	731
3	130	168	139
3	130	108	138
3	130	115	108
3	106	115	130
3	107	106	130
3	101	108	115
3	87	115	106
3	115	80	101
3	87	77	115
3	101	95	104
3	115	93	80
3	77	93	115
3	93	76	80
3	77	76	93
3	87	67	77
3	76	77	67
3	67	38	76
3	65	42	67
3	42	38	67
3	65	40	42
3	17	40	65
3	17	65	37
3	26	17	37
3	17	21	40
3	17	11	21
3	7	17	26
3	17	7	11
3	10	7	26
3	1987	1993	1996
3	1990	1975	1987
3	1975	1981	1987
3	1981	1993	1987
3	1973	1961	1981
3	1975	1973	1981
3	1973	1945	1961
3	1942	1945	1973
3	1963	1942	1973
3	1959	1942	1963
3	1946	1942	1959
3	1946	1929	1942
3	1942	1921	1945
3	1929	1921	1942
3	1906	1921	1929
3	1906	1913	1921
3	1892	1876	1906
3	1876	1899	1906
3	1872	1894	1899
3	1876	1872	1899
3	1862	1885	1894
3	1872	1862	1894
3	1807	1872	1876
3	1872	1807	1862
3	1829	1807	1876
3	1807	1822	1862
3	1828	1784	1856
3	1822	1784	1828
3	1767	1822	1807
3	1778	1807	1829
3	1767	1784	1822
3	1778	1767	1807
3	1736	1767	1778
3	1343	1382	1400
3	1343	1346	1382
3	1371	1343	1400
3	1300	1343	1371
3	1343	1315	1346
3	1343	1301	1315
3	1300	1301	1343
3	1315	1276	1346
3	1301	1318	1315
3	1292	1276	1315
3	1301	1272	1318
3	706	728	769
3	740	706	769
3	757	668	733
3	668	706	733
3	693	668	757
3	706	661	728
3	637	668	693
3	668	661	706
3	625	661	668
3	257	211	230
3	211	179	230
3	179	184	230
3	179	131	184
3	168	211	219
3	165	168	219
3	168	179	211
3	138	179	168
3	139	168	165
3	130	138	168
3	114	131	179
3	138	114	179
3	78	87	106
3	68	87	78
3	68	67	87
3	68	65	67
3	52	47	68
3	37	65	68
3	47	37	68
3	34	25	47
3	47	25	37
3	25	26	37
3	30	25	34
3	16	4	30
3	4	25	30
3	25	10	26
3	4	10	25
3	4	1	10
3	1971	1973	1975
3	1971	1963	1973
3	1967	1963	1971
3	1966	1955	1971
3	1955	1967	1971
3	1955	1962	1967
3	1967	1959	1963
3	1962	1946	1967
3	1946	1959	1967
3	1956	1946	1962
3	1948	1956	1962
3	1948	1962	1955
3	1948	1953	1956
3	1856	1784	1779
3	1779	1815	1856
3	1779	1748	1787
3	1767	1779	1784
3	1748	1754	1787
3	1736	1748	1767
3	1767	1748	1779
3	1748	1732	1754
3	1736	1732	1748
3	1384	1488	1461
3	1384	1383	1488
3	1382	1384	1461
3	1335	1354	1383
3	1382	1346	1384
3	1321	1383	1384
3	1346	1321	1384
3	1321	1335	1383
3	1276	1321	1346
3	1354	1335	1303
3	1321	1282	1335
3	1282	1303	1335
3	1276	1282	1321
3	1282	1270	1303
3	1276	1252	1282
3	1225	1276	1292
3	1195	1270	1282
3	1225	1252	1276
3	1252	1195	1282
3	1195	1147	1270
3	1225	1195	1252
3	873	826	898
3	794	759	826
3	769	794	826
3	804	769	826
3	728	737	794
3	737	759	794
3	769	728	794
3	690	759	737
3	690	715	759
3	661	690	728
3	625	690	661
3	637	625	668
3	637	558	625
3	254	261	278
3	261	280	278
3	184	210	254
3	230	184	254
3	184	160	210
3	137	184	131
3	137	160	184
3	131	112	137
3	45	47	52
3	48	59	61
3	45	34	47
3	43	48	61
3	41	43	61
3	43	34	45
3	41	34	43
3	30	34	41
3	1937	1948	1955
3	1948	1940	1953
3	1937	1930	1948
3	1914	1940	1948
3	1930	1914	1948
3	1917	1900	1937
3	1900	1930	1937
3	1900	1910	1930
3	1891	1900	1917
3	1792	1864	1878
3	1815	1792	1878
3	1787	1792	1815
3	1779	1787	1815
3	1760	1792	1787
3	826	759	841
3	59	48	60
3	781	801	890
3	701	755	781
3	107	130	139
3	1904	1906	1929
3	637	693	701
3	219	211	257
3	62	52	68
3	728	690	737
3	230	254	278
3	43	45	51
3	572	594	598
3	598	559	624
3	530	555	594
3	572	530	594
3	559	598	594
3	555	559	594
3	1455	1536	1537
3	1493	1455	1537
3	1455	1450	1536
3	1433	1455	1493
3	540	530	572
3	520	555	530
3	495	559	555
3	494	495	555
3	520	494	555
3	476	494	520
3	480	495	494
3	1571	1568	1581
3	1543	1571	1564
3	1537	1568	1571
3	1543	1537	1571
3	1537	1536	1568
3	1543	1493	1537
3	476	520	506
3	482	473	506
3	473	476	506
3	476	480	494
3	480	483	495
3	473	451	476
3	476	451	480
3	443	451	473
3	443	428	451
3	1598	1580	1634
3	1528	1580	1598
3	1563	1571	1581
3	1580	1563	1581
3	1563	1564	1571
3	1563	1541	1564
3	1580	1529	1563
3	1529	1541	1563
3	1529	1525	1541
3	485	482	504
3	473	482	485
3	434	443	485
3	443	473	485
3	434	396	443
3	396	381	443
3	443	381	428
3	396	434	373
3	373	357	396
3	332	357	373
3	357	381	396
3	357	333	381
3	1577	1528	1598
3	1529	1580	1528
3	1528	1491	1529
3	1491	1525	1529
3	514	498	504
3	498	514	515
3	498	485	504
3	454	485	498
3	454	498	479
3	454	434	485
3	479	444	454
3	373	434	454
3	425	373	454
3	370	373	425
3	370	332	373
3	1511	1502	1528
3	1502	1491	1528
3	1452	1502	1511
3	1452	1442	1502
3	1422	1442	1452
3	1452	1386	1422
3	1405	1386	1452
3	566	497	515
3	516	497	566
3	497	498	515
3	497	479	498
3	1405	1358	1386
3	1398	1366	1405
3	1385	1366	1398
3	1366	1358	1405
3	1345	1366	1385
3	627	608	592
3	604	592	608
3	568	592	604
3	566	575	592
3	568	566	592
3	553	566	568
3	1411	1413	1412
3	1392	1412	1413
3	1397	1392	1413
3	1368	1413	1411
3	1385	1397	1413
3	1385	1398	1397
3	1368	1385	1413
3	1345	1385	1368
3	626	634	584
3	626	609	634
3	614	608	627
3	609	614	634
3	604	608	614
3	612	604	614
3	1548	1582	1591
3	1565	1510	1606
3	1582	1565	1606
3	1548	1565	1582
3	1417	1454	1565
3	1454	1510	1565
3	1417	1565	1548
3	1454	1437	1510
3	1411	1454	1417
3	1412	1402	1437
3	1412	1437	1454
3	1411	1412	1454
3	576	609	626
3	534	576	626
3	584	560	626
3	560	534	626
3	560	584	603
3	560	493	534
3	1572	1591	1582
3	1547	1572	1630
3	1572	1548	1591
3	1572	1508	1548
3	1547	1508	1572
3	1508	1500	1548
3	1443	1428	1508
3	547	560	603
3	547	493	560
3	547	465	493
3	512	465	547
3	448	465	512
3	404	525	493
3	465	404	493
3	448	430	465
3	430	404	465
3	412	430	448
3	1573	1532	1547
3	1532	1443	1547
3	1443	1508	1547
3	1436	1443	1532
3	1436	1467	1403
3	1436	1334	1443
3	1403	1353	1436
3	1353	1334	1436
3	1309	1239	1353
3	1309	1231	1239
3	1240	1231	1309
3	1203	1240	1274
3	1203	1231	1240
3	1203	1069	1231
3	1069	1148	1231
3	1074	1069	1203
3	1069	1080	1148
3	1037	1080	1069
3	1037	1069	1074
3	1037	1032	1080
3	906	972	1032
3	906	1032	1037
3	1033	906	1037
3	858	972	906
3	856	858	906
3	867	856	906
3	820	856	867
3	820	708	856
3	708	721	856
3	663	739	721
3	663	582	739
3	622	663	721
3	708	622	721
3	622	582	663
3	484	582	622
3	533	452	599
3	484	533	582
3	452	512	599
3	484	452	533
3	452	448	512
3	452	412	448
3	395	412	452
3	1467	1348	1403
3	1348	1353	1403
3	1309	1353	1348
3	1274	1240	1309
3	665	622	708
3	1284	1116	1263
3	1116	1250	1263
3	1119	1040	1116
3	1040	1017	1116
3	962	1040	1119
3	946	1017	1040
3	943	1040	962
3	943	946	1040
3	943	870	946
3	819	870	943
3	870	810	946
3	712	670	810
3	1363	1367	1433
3	1356	1367	1363
3	1356	1306	1367
3	1356	1338	1287
3	1356	1263	1306
3	1287	1284	1356
3	1284	1263	1356
3	1287	1230	1284
3	1160	1116	1284
3	1119	1116	1160
3	819	810	870
3	712	810	819
3	702	712	819
3	726	702	819
3	702	667	712
3	667	652	712
3	667	702	726
3	652	670	712
3	613	667	678
3	613	652	667
3	613	572	652
3	1447	1445	1493
3	1445	1433	1493
3	1447	1407	1445
3	1410	1407	1447
3	1363	1445	1407
3	1363	1433	1445
3	1363	1338	1356
3	574	545	613
3	545	572	613
3	545	574	590
3	545	540	572
3	520	530	540
3	506	540	545
3	506	520	540
3	1539	1447	1543
3	1447	1493	1543
3	1490	1447	1539
3	1410	1447	1490
3	552	545	590
3	561	532	552
3	532	501	552
3	501	545	552
3	501	506	545
3	501	482	506
3	1564	1517	1543
3	1517	1539	1543
3	1541	1517	1564
3	1457	1517	1541
3	1479	1457	1541
3	1517	1490	1539
3	1457	1490	1517
3	1479	1416	1457
3	508	532	549
3	514	508	549
3	508	501	532
3	504	508	514
3	482	508	504
3	1525	1479	1541
3	1491	1479	1525
3	1438	1479	1491
3	1438	1416	1479
3	1465	1438	1491
3	566	515	575
3	1358	1342	1386
3	614	627	634
3	547	603	607
3	1508	1428	1500
3	858	907	972
3	856	721	858
3	582	533	739
3	726	819	808
3	678	667	726
3	1438	1391	1416
3	550	549	611
3	1545	1579	1661
3	1649	1590	1671
3	1579	1649	1661
3	1579	1590	1649
3	1590	1540	1671
3	1579	1496	1590
3	1512	1496	1579
3	1512	1579	1545
3	1496	1540	1590
3	1489	1512	1545
3	1431	1496	1512
3	1489	1431	1512
3	1431	1486	1496
3	1474	1431	1489
3	176	208	224
3	478	469	439
3	1550	1612	1570
3	1855	1842	1860
3	424	432	471
3	1705	1752	1762
3	1907	1916	1928
3	1976	1957	1980
3	730	684	681
3	681	684	743
3	779	775	840
3	1219	1241	1218
3	1247	1267	1253
3	1218	1241	1281
3	1197	1218	1281
3	1261	1197	1281
3	1268	1261	1294
3	1261	1281	1294
3	1281	1241	1330
3	1281	1330	1267
3	1294	1281	1267
3	1918	1907	1912
3	1918	1905	1907
3	1932	1907	1928
3	1912	1907	1932
3	1912	1932	1939
3	1939	1932	1949
3	1949	1932	1928
3	1949	1928	1957
3	1949	1957	1964
3	1965	1939	1949
3	1949	1964	1965
3	1978	1965	1964
3	1964	1957	1976
3	1964	1976	1979
3	1978	1964	1979
3	1958	1978	1979
3	1982	1979	1976
3	1984	1979	1985
3	1979	1982	1985
3	1982	1980	1992
3	1976	1980	1982
3	1984	1985	1991
3	1991	1985	1982
3	1992	1991	1982
3	33	27	39
3	743	684	779
3	840	775	871
3	1127	1125	1162
3	1169	1127	1162
3	1169	1162	1219
3	1219	1162	1200
3	1197	1169	1218
3	1169	1219	1218
3	1241	1219	1200
3	1241	1200	1330
3	154	176	177
3	192	177	221
3	177	176	224
3	221	177	224
3	192	221	264
3	221	224	275
3	264	221	275
3	264	275	283
3	264	283	315
3	319	264	315
3	315	283	328
3	319	315	406
3	315	328	406
3	343	319	406
3	328	323	418
3	406	328	418
3	406	418	439
3	406	439	419
3	420	419	474
3	419	439	469
3	441	420	474
3	419	469	474
3	474	469	478
3	1516	1483	1492
3	1516	1492	1578
3	1492	1514	1578
3	1514	1550	1578
3	1578	1550	1586
3	1550	1570	1586
3	1570	1619	1586
3	1586	1619	1669
3	1570	1612	1676
3	1619	1570	1676
3	1669	1619	1734
3	1619	1676	1716
3	1734	1619	1716
3	1734	1716	1774
3	1774	1716	1790
3	1734	1774	1785
3	1800	1774	1790
3	1785	1774	1800
3	1800	1790	1832
3	154	132	155
3	132	133	163
3	155	132	163
3	154	155	176
3	170	155	163
3	389	441	453
3	453	441	474
3	472	453	486
3	453	474	478
3	486	453	507
3	453	478	507
3	1542	1483	1516
3	1482	1483	1506
3	1506	1483	1542
3	1542	1516	1544
3	1542	1544	1554
3	1800	1832	1855
3	1832	1835	1855
3	1860	1858	1859
3	1860	1859	1855
3	170	163	175
3	202	175	217
3	217	175	214
3	202	217	247
3	217	214	258
3	247	217	258
3	247	258	290
3	290	258	317
3	317	258	327
3	317	327	361
3	361	327	384
3	361	384	422
3	384	335	432
3	335	380	432
3	432	380	427
3	422	384	432
3	427	389	453
3	432	427	472
3	472	427	453
3	432	472	486
3	471	432	486
3	1494	1506	1542
3	1494	1542	1562
3	1542	1589	1592
3	1562	1542	1592
3	1562	1592	1635
3	1621	1562	1635
3	1592	1614	1635
3	1635	1614	1710
3	1643	1621	1635
3	1643	1635	1695
3	1705	1643	1695
3	1705	1695	1731
3	1705	1731	1752
3	1731	1695	1727
3	1731	1727	1772
3	1731	1772	1788
3	1752	1731	1788
3	1762	1752	1806
3	1773	1762	1806
3	1806	1752	1788
3	1806	1788	1847
3	1806	1847	1842
3	1842	1847	1858
3	1842	1858	1860
3	258	214	245
3	258	245	310
3	327	258	310
3	327	310	384
3	384	310	335
3	1635	1710	1695
3	828	838	875
3	857	828	875
3	838	839	875
3	857	875	896
3	875	839	916
3	839	869	916
3	896	875	916
3	1418	1431	1474
3	1431	1365	1432
3	643	588	620
3	588	564	620
3	490	564	588
3	523	522	564
3	490	523	564
3	415	522	523
3	468	456	523
3	456	415	523
3	435	415	456
3	435	456	468
3	398	435	468
3	435	255	415
3	255	410	415
3	242	435	398
3	263	255	435
3	242	263	435
3	242	206	263
3	206	255	263
3	188	320	255
3	206	188	255
3	188	227	320
3	188	190	227
3	181	188	206
3	169	190	188
3	145	169	188
3	129	188	181
3	129	145	188
3	145	128	169
3	129	111	145
3	111	128	145
3	110	105	129
3	129	105	111
3	1540	1625	1671
3	1431	1425	1486
3	1425	1361	1486
3	1432	1370	1431
3	1370	1425	1431
3	1355	1361	1425
3	1370	1355	1425
3	1355	1312	1361
3	1290	1355	1370
3	1238	1312	1355
3	1290	1238	1355
3	1175	1238	1244
3	1048	1023	1086
3	1011	1023	1048
3	1011	993	1023
3	855	908	993
3	704	741	751
3	658	704	751
3	618	658	751
3	620	618	685
3	591	658	618
3	556	618	620
3	564	556	620
3	618	556	591
3	522	556	564
3	1312	1262	1361
3	1238	1255	1312
3	1255	1262	1312
3	1238	1213	1255
3	1213	1124	1262
3	1175	1213	1238
3	1104	1124	1213
3	1149	1104	1213
3	1175	1149	1213
3	1086	1149	1175
3	1086	1104	1149
3	1086	1024	1104
3	1023	1024	1086
3	1024	1023	908
3	1023	993	908
3	958	1024	908
3	908	923	958
3	908	854	923
3	854	792	923
3	795	854	908
3	854	795	792
3	855	795	908
3	723	792	795
3	723	735	792
3	741	704	795
3	704	723	795
3	658	723	704
3	658	641	723
3	1124	1201	1204
3	1124	1049	1201
3	1049	1151	1201
3	1104	1051	1124
3	1051	1049	1124
3	1104	1024	1051
3	957	1049	1051
3	1024	958	1051
3	958	963	1051
3	963	957	1051
3	874	957	963
3	958	923	963
3	923	874	963
3	874	821	827
3	821	874	923
3	792	821	923
3	773	827	821
3	773	770	827
3	792	735	821
3	735	773	821
3	1600	1594	1637
3	1504	1622	1594
3	1526	1594	1600
3	1499	1504	1594
3	1526	1499	1594
3	1513	1499	1526
3	1444	1504	1499
3	1444	1499	1513
3	1459	1484	1513
3	1484	1444	1513
3	1395	1484	1459
3	1484	1427	1444
3	1395	1347	1484
3	1347	1427	1484
3	1331	1347	1395
3	1347	1308	1427
3	1308	1249	1427
3	1331	1308	1347
3	1151	1152	1201
3	1151	1083	1152
3	1083	1021	1152
3	1049	1083	1151
3	1049	957	1083
3	971	1021	1083
3	971	956	1021
3	957	971	1083
3	957	874	971
3	902	956	971
3	874	902	971
3	874	864	902
3	827	864	874
3	827	770	864
3	675	714	698
3	675	671	714
3	675	638	671
3	632	675	698
3	675	632	638
3	567	630	638
3	567	638	632
3	528	567	632
3	544	528	632
3	528	517	567
3	481	528	544
3	461	517	528
3	481	461	528
3	445	421	481
3	481	421	461
3	417	461	421
3	461	417	470
3	445	416	421
3	421	383	417
3	1700	1682	1707
3	1682	1693	1707
3	1688	1682	1700
3	1629	1682	1688
3	1629	1637	1682
3	1637	1622	1682
3	1600	1637	1629
3	1594	1622	1637
3	1427	1249	1404
3	1249	1271	1350
3	1271	1229	1320
3	1229	1283	1320
3	1212	1229	1249
3	1190	1248	1229
3	1152	1021	1131
3	1021	990	1131
3	990	1065	1131
3	1021	956	990
3	960	1020	1065
3	956	960	1065
3	990	956	1065
3	722	749	763
3	671	722	763
3	714	671	763
3	671	707	722
3	383	403	417
3	378	413	403
3	378	368	413
3	383	378	403
3	356	368	378
3	352	378	383
3	352	356	378
3	347	341	368
3	1691	1706	1707
3	1700	1687	1688
3	1706	1700	1707
3	1687	1700	1706
3	1691	1651	1706
3	1414	1362	1439
3	1359	1362	1414
3	1359	1323	1362
3	1357	1333	1359
3	1333	1323	1359
3	1320	1333	1357
3	1333	1302	1323
3	1283	1302	1333
3	1320	1283	1333
3	1283	1248	1302
3	1248	1223	1302
3	1229	1248	1283
3	749	689	758
3	707	689	749
3	722	707	749
3	707	664	689
3	664	656	689
3	356	347	368
3	282	342	366
3	352	347	356
3	342	347	352
3	342	295	347
3	298	341	347
3	295	342	282
3	295	298	347
3	1692	1668	1691
3	1615	1668	1692
3	1651	1691	1668
3	1620	1651	1668
3	1615	1648	1668
3	1648	1620	1668
3	1615	1566	1648
3	1566	1620	1648
3	1567	1566	1615
3	1566	1584	1620
3	1487	1584	1566
3	1567	1522	1566
3	1522	1567	1535
3	1522	1464	1566
3	1464	1487	1566
3	1464	1522	1535
3	1478	1464	1535
3	1439	1362	1478
3	1415	1464	1478
3	1324	1415	1478
3	1362	1324	1478
3	1323	1324	1362
3	656	683	689
3	565	683	656
3	631	565	656
3	527	565	631
3	521	583	565
3	459	548	521
3	255	350	410
3	1213	1262	1255
3	1124	1204	1262
3	641	646	723
3	591	641	658
3	1576	1526	1600
3	770	720	864
3	383	421	416
3	763	749	786
3	1464	1415	1487
3	1853	1845	1867
3	1795	1810	1843
3	1750	1769	1843
3	1810	1750	1843
3	1750	1701	1769
3	1642	1701	1750
3	1726	1715	1742
3	1657	1715	1726
3	1701	1660	1728
3	1657	1726	1728
3	1660	1657	1728
3	1642	1624	1701
3	1624	1660	1701
3	291	260	293
3	293	266	308
3	248	260	291
3	260	266	293
3	205	266	260
3	248	171	260
3	198	171	248
3	201	205	260
3	205	195	266
3	171	201	260
3	167	201	171
3	134	198	270
3	171	124	167
3	134	124	198
3	124	171	198
3	117	124	134
3	119	117	127
3	118	119	125
3	118	124	117
3	117	119	118
3	1823	1853	1848
3	1823	1845	1853
3	1823	1848	1843
3	1823	1780	1845
3	1801	1823	1843
3	1780	1799	1845
3	1769	1801	1843
3	1801	1780	1823
3	1780	1742	1799
3	1726	1742	1780
3	1728	1780	1801
3	1701	1728	1769
3	1769	1728	1801
3	1728	1726	1780
3	201	148	205
3	167	148	201
3	205	148	195
3	148	166	195
3	167	118	148
3	125	166	148
3	118	167	124
3	125	119	166
3	118	125	148
3	1070	1087	1140
3	1128	1005	1140
3	1005	1070	1140
3	1015	1070	1005
3	1015	984	1070
3	1005	968	1015
3	1015	968	984
3	969	968	1005
3	969	1005	1018
3	969	948	968
3	948	954	968
3	843	848	969
3	848	948	969
3	848	893	948
3	1070	1055	1087
3	984	1055	1070
3	984	937	1055
3	937	1028	1055
3	937	1007	1028
3	968	954	984
3	937	933	1007
3	893	984	954
3	893	954	948
3	984	893	937
3	851	937	893
3	893	848	851
3	1702	1722	1751
3	1702	1684	1722
3	1647	1684	1702
3	1647	1998	1684
3	1605	1998	1647
3	302	253	306
3	253	212	306
3	212	238	306
3	178	200	212
3	1797	1825	1827
3	1797	1751	1782
3	1757	1797	1827
3	1770	1757	1827
3	1757	1781	1797
3	1781	1751	1797
3	1713	1757	1770
3	1702	1751	1781
3	1757	1704	1781
3	1713	1704	1757
3	1704	1702	1781
3	1675	1704	1713
3	1704	1647	1702
3	1675	1647	1704
3	1616	1647	1675
3	1468	1605	1647
3	1616	1468	1647
3	1560	1468	1616
3	367	359	400
3	302	387	400
3	302	306	387
3	359	302	400
3	281	359	304
3	281	302	359
3	281	253	302
3	243	281	285
3	244	243	285
3	281	243	253
3	243	212	253
3	222	243	244
3	222	212	243
3	218	222	244
3	218	185	222
3	185	197	222
3	197	212	222
3	197	178	212
3	1825	1851	1834
3	1834	1827	1825
3	1827	1834	1840
3	1770	1827	1840
3	1686	1675	1713
3	1654	1675	1686
3	1652	1623	1654
3	1654	1623	1659
3	1650	1654	1659
3	1654	1638	1675
3	1638	1616	1675
3	1652	1589	1623
3	1589	1554	1623
3	1650	1602	1654
3	1602	1638	1654
3	1560	1616	1638
3	1602	1560	1638
3	359	367	355
3	321	355	349
3	321	330	355
3	355	304	359
3	330	304	355
3	293	321	349
3	330	313	326
3	321	313	330
3	326	304	330
3	311	304	326
3	285	281	304
3	311	285	304
3	152	197	185
3	152	142	197
3	142	147	197
3	1852	1834	1868
3	1867	1852	1868
3	1841	1852	1867
3	1841	1858	1852
3	1845	1831	1867
3	1831	1841	1867
3	1831	1812	1841
3	1831	1775	1812
3	1679	1753	1742
3	1715	1679	1742
3	1679	1664	1708
3	1657	1679	1715
3	1657	1659	1679
3	1659	1628	1679
3	1657	1650	1659
3	1628	1633	1679
3	1623	1628	1659
3	326	313	345
3	345	313	346
3	313	292	346
3	321	308	313
3	308	321	293
3	250	292	313
3	308	250	313
3	266	250	308
3	250	229	292
3	195	250	266
3	195	229	250
3	189	229	195
3	166	189	195
3	166	164	189
3	150	164	166
3	119	150	166
3	127	144	164
3	150	127	164
3	143	142	152
3	127	150	119
3	135	142	143
3	135	132	127
3	126	135	127
3	126	142	135
3	117	126	127
3	1802	1831	1845
3	1799	1802	1845
3	1799	1742	1802
3	1802	1753	1775
3	1742	1753	1802
3	1753	1735	1775
3	1708	1735	1753
3	1679	1708	1753
3	1679	1633	1664
3	229	268	292
3	229	215	268
3	189	215	229
3	189	199	215
3	189	164	199
3	164	144	199
3	1035	1046	1094
3	1155	1182	1170
3	1128	1140	1170
3	1110	1128	1158
3	1140	1087	1170
3	1110	1005	1128
3	1022	1005	1110
3	1046	1022	1110
3	1022	1018	1005
3	992	1046	1035
3	992	1022	1046
3	969	1018	1022
3	931	969	1022
3	992	931	1022
3	945	877	992
3	877	931	992
3	931	843	969
3	877	843	931
3	822	843	877
3	843	837	848
3	822	837	843
3	1155	1156	1182
3	1087	1155	1170
3	1091	1112	1155
3	1108	1156	1155
3	1112	1108	1155
3	1087	1091	1155
3	1091	1071	1112
3	1087	1028	1091
3	1055	1028	1087
3	1028	1009	1091
3	1009	1071	1091
3	1028	1007	1009
3	961	1008	1009
3	1007	961	1009
3	933	961	1007
3	961	976	1008
3	933	884	961
3	937	884	933
3	851	884	937
3	857	896	961
3	851	837	857
3	837	851	848
3	837	828	857
3	1758	1770	1776
3	1758	1713	1770
3	1727	1776	1772
3	1776	1727	1758
3	1758	1699	1713
3	1727	1699	1758
3	1727	1710	1724
3	1724	1699	1727
3	1699	1686	1713
3	1658	1699	1724
3	1852	1840	1834
3	1652	1654	1686
3	146	152	185
3	143	152	146
3	1628	1587	1633
3	1623	1583	1628
3	1775	1803	1812
3	1812	1803	1830
3	1009	1008	1071
3	1710	1727	1695
3	237	324	309
3	237	282	324
3	267	282	237
3	1259	1293	1206
3	1228	1264	1259
3	1134	1259	1206
3	1134	1123	1259
3	1259	1123	1228
3	1154	1134	1206
3	1123	1210	1228
3	1123	1181	1210
3	785	788	842
3	842	853	978
3	853	921	978
3	978	921	1031
3	601	696	666
3	1310	1339	1391
3	1291	1336	1341
3	754	796	885
3	1115	1106	1102
3	778	834	879
3	1173	1084	1183
3	970	881	1010
3	1251	1138	1269
3	43	44	48
3	657	616	597
3	655	657	711
3	881	978	1010
3	986	1010	1062
3	1010	978	1114
3	978	1099	1114
3	1062	1010	1114
3	1146	1062	1193
3	1062	1114	1193
3	1114	1187	1193
3	1202	1146	1193
3	1114	1099	1216
3	1114	1216	1187
3	1187	1216	1299
3	1193	1187	1299
3	577	550	611
3	597	577	666
3	577	611	666
3	711	597	692
3	597	666	692
3	692	666	699
3	692	699	785
3	785	699	788
3	760	785	842
3	842	978	881
3	1099	978	1174
3	1099	1174	1265
3	1275	1099	1265
3	1099	1275	1216
3	1265	1285	1332
3	1275	1265	1409
3	1409	1265	1374
3	1265	1332	1374
3	1275	1409	1389
3	549	601	611
3	611	601	666
3	1332	1310	1391
3	1332	1391	1374
3	1374	1391	1409
3	1409	1391	1438
3	532	561	549
3	561	589	549
3	601	549	589
3	601	589	649
3	601	649	696
3	1339	1341	1388
3	1339	1388	1391
3	1391	1388	1424
3	1416	1391	1424
3	1416	1424	1457
3	1457	1424	1490
3	561	552	590
3	561	590	640
3	589	561	640
3	589	640	649
3	590	635	640
3	649	640	679
3	679	640	687
3	640	635	687
3	687	635	727
3	1341	1336	1388
3	1388	1336	1360
3	1388	1360	1381
3	1381	1410	1388
3	1388	1410	1424
3	1424	1410	1490
3	590	574	635
3	635	574	662
3	662	574	613
3	635	662	677
3	662	613	678
3	635	677	727
3	677	662	744
3	677	744	754
3	677	754	727
3	754	744	796
3	1000	1163	1063
3	1095	1063	1163
3	1254	1095	1163
3	1254	1286	1245
3	1254	1163	1243
3	1286	1254	1243
3	1286	1336	1245
3	1243	1287	1338
3	1286	1243	1338
3	1336	1286	1360
3	1286	1338	1360
3	1360	1338	1381
3	1338	1363	1407
3	1381	1338	1407
3	1381	1407	1410
3	678	726	744
3	662	678	744
3	744	726	808
3	796	744	882
3	885	796	882
3	808	819	924
3	882	808	924
3	744	808	882
3	924	819	962
3	962	819	943
3	885	882	1000
3	882	924	1000
3	924	962	1096
3	1000	924	1096
3	962	1119	1096
3	1163	1000	1096
3	1119	1160	1096
3	1163	1096	1160
3	1163	1160	1230
3	1163	1230	1243
3	1230	1160	1284
3	1243	1230	1287
3	533	599	676
3	533	676	739
3	676	599	669
3	739	676	768
3	721	739	816
3	739	768	816
3	858	721	816
3	858	816	907
3	907	816	888
3	888	895	904
3	816	895	888
3	888	904	925
3	904	915	925
3	907	888	925
3	925	915	953
3	907	925	989
3	907	989	972
3	925	953	989
3	972	989	1006
3	1006	989	1072
3	972	1006	1032
3	1032	1006	1080
3	1080	1006	1090
3	1006	1072	1102
3	1090	1006	1102
3	1080	1090	1129
3	1102	1106	1090
3	1090	1106	1129
3	1080	1129	1148
3	1129	1157	1148
3	1148	1157	1231
3	1157	1239	1231
3	1239	1215	1334
3	1239	1334	1353
3	1334	1372	1428
3	1443	1334	1428
3	512	547	607
3	599	512	607
3	599	607	669
3	607	703	669
3	703	753	669
3	676	669	768
3	778	669	753
3	768	669	778
3	768	778	879
3	816	768	895
3	768	879	895
3	1076	1084	1129
3	1106	1076	1129
3	1129	1084	1157
3	1157	1084	1173
3	1157	1173	1215
3	1215	1173	1258
3	1239	1157	1215
3	1258	1173	1298
3	1215	1258	1334
3	1372	1258	1298
3	1334	1258	1372
3	1372	1298	1428
3	1298	1417	1428
3	1428	1417	1500
3	1500	1417	1548
3	603	584	650
3	607	603	703
3	703	603	650
3	650	688	765
3	650	765	703
3	703	765	753
3	753	765	797
3	753	834	778
3	1173	1183	1189
3	1173	1189	1280
3	1189	1251	1329
3	1298	1173	1280
3	1280	1189	1329
3	1280	1329	1352
3	1298	1280	1376
3	1280	1352	1376
3	1329	1368	1352
3	1376	1352	1411
3	1352	1368	1411
3	1376	1411	1417
3	1298	1376	1417
3	645	584	634
3	627	645	634
3	584	645	650
3	645	627	717
3	650	645	688
3	688	645	717
3	1269	1273	1251
3	1202	1307	1273
3	1329	1251	1273
3	1273	1307	1345
3	1329	1273	1368
3	1273	1345	1368
3	592	575	616
3	627	592	616
3	627	616	655
3	655	616	657
3	627	655	717
3	1202	1193	1307
3	1193	1299	1307
3	1299	1216	1342
3	1307	1299	1345
3	1345	1299	1358
3	1299	1342	1358
3	1345	1358	1366
3	515	514	550
3	515	550	554
3	575	515	554
3	554	550	577
3	575	554	616
3	554	577	597
3	554	597	616
3	1342	1216	1394
3	1394	1216	1275
3	1394	1275	1389
3	1386	1342	1394
3	1386	1394	1442
3	1386	1442	1422
3	1409	1438	1465
3	1389	1409	1465
3	1394	1389	1442
3	1442	1389	1465
3	1442	1465	1491
3	1442	1491	1502
3	514	549	550
3	1093	1134	1154
3	1123	1103	1181
3	1027	1123	1134
3	1027	1103	1123
3	1014	1134	1093
3	1014	1027	1134
3	1027	1044	1103
3	1027	950	1044
3	1014	941	1027
3	941	950	1027
3	966	941	1014
3	991	1014	1093
3	991	966	1014
3	941	899	950
3	966	866	941
3	866	899	941
3	831	866	966
3	781	890	899
3	780	866	831
3	780	899	866
3	780	761	899
3	732	761	780
3	724	732	780
3	1378	1390	1393
3	1378	1393	1369
3	1322	1378	1369
3	1264	1289	1378
3	1378	1289	1300
3	1322	1264	1378
3	1293	1322	1369
3	1293	1264	1322
3	1259	1264	1293
3	1264	1228	1289
3	761	781	899
3	729	781	761
3	691	701	781
3	732	729	761
3	729	691	781
3	729	639	691
3	691	637	701
3	672	639	729
3	732	672	729
3	672	732	674
3	623	672	674
3	672	623	639
3	78	106	107
3	1929	1946	1938
3	1904	1929	1938
3	1931	1904	1938
3	1915	1904	1931
3	1892	1906	1904
3	1881	1904	1915
3	1870	1892	1904
3	1881	1870	1904
3	1881	1877	1870
3	1870	1876	1892
3	1877	1839	1870
3	1844	1877	1881
3	1870	1829	1876
3	1839	1829	1870
3	1844	1839	1877
3	1798	1839	1844
3	1778	1829	1839
3	1798	1778	1839
3	1759	1778	1798
3	1759	1736	1778
3	1441	1485	1503
3	1495	1441	1503
3	1390	1441	1495
3	1393	1390	1421
3	1400	1382	1441
3	1390	1371	1441
3	1371	1400	1441
3	1390	1378	1371
3	1378	1300	1371
3	651	637	691
3	639	651	691
3	621	585	651
3	585	637	651
3	639	621	651
3	543	585	621
3	558	637	585
3	543	529	585
3	529	558	585
3	249	219	257
3	193	219	249
3	193	165	219
3	141	165	193
3	158	165	141
3	107	139	165
3	158	107	165
3	102	86	158
3	86	107	158
3	86	102	94
3	86	81	107
3	81	78	107
3	79	86	94
3	79	81	86
3	79	62	81
3	62	68	78
3	62	78	81
3	66	62	79
3	52	62	66
3	1953	1950	1956
3	1950	1953	1951
3	1938	1946	1956
3	1950	1938	1956
3	1931	1938	1950
3	1925	1950	1951
3	1925	1931	1950
3	1761	1759	1798
3	1761	1746	1759
3	1746	1736	1759
3	1730	1746	1761
3	1730	1703	1746
3	1732	1736	1746
3	1718	1732	1703
3	1703	1732	1746
3	1732	1718	1733
3	1703	1632	1718
3	1730	1683	1703
3	1632	1703	1683
3	1639	1683	1730
3	1574	1632	1683
3	1575	1574	1683
3	1575	1553	1574
3	1553	1575	1551
3	1553	1527	1574
3	1485	1553	1551
3	1461	1527	1553
3	1485	1461	1553
3	1503	1485	1551
3	1461	1488	1527
3	1441	1382	1485
3	1485	1382	1461
3	659	715	690
3	648	659	690
3	625	648	690
3	625	581	648
3	569	625	558
3	569	581	625
3	569	535	581
3	503	535	569
3	558	503	569
3	529	510	558
3	558	510	503
3	463	503	510
3	433	463	510
3	463	440	503
3	385	440	463
3	385	463	433
3	344	385	433
3	344	297	385
3	297	329	385
3	294	329	297
3	336	297	344
3	279	294	297
3	279	278	294
3	279	297	269
3	294	278	280
3	257	230	278
3	257	278	279
3	249	257	279
3	249	279	269
3	193	249	269
3	49	63	58
3	63	49	66
3	48	44	60
3	51	52	66
3	49	51	66
3	44	49	58
3	51	45	52
3	51	49	44
3	44	43	51
3	1953	1947	1951
3	1953	1940	1947
3	1908	1951	1947
3	1934	1908	1947
3	1908	1923	1951
3	1923	1925	1951
3	1940	1934	1947
3	1914	1934	1940
3	1914	1896	1934
3	1896	1908	1934
3	1632	1733	1718
3	1636	1720	1733
3	1636	1661	1720
3	1617	1733	1632
3	1617	1636	1733
3	1574	1617	1632
3	1574	1557	1617
3	1617	1557	1636
3	1557	1545	1636
3	1574	1527	1557
3	1489	1545	1557
3	1527	1489	1557
3	1527	1474	1489
3	1488	1474	1527
3	1460	1474	1488
3	659	593	643
3	648	593	659
3	593	588	643
3	581	593	648
3	581	535	593
3	490	588	593
3	535	490	593
3	503	440	535
3	535	440	490
3	490	405	468
3	440	405	490
3	405	398	468
3	385	405	440
3	334	398	405
3	334	405	385
3	329	334	385
3	329	288	334
3	334	242	398
3	296	288	329
3	294	296	329
3	288	242	334
3	280	296	294
3	296	276	288
3	128	89	123
3	91	89	128
3	111	91	128
3	72	91	111
3	105	72	111
3	82	72	105
3	72	58	91
3	58	72	60
3	44	58	60
3	1910	1914	1930
3	1910	1893	1914
3	1893	1896	1914
3	1890	1896	1893
3	1893	1889	1890
3	1889	1869	1890
3	1890	1879	1896
3	1869	1866	1890
3	1866	1879	1890
3	1814	1866	1869
3	1811	1814	1869
3	1838	1811	1869
3	1814	1820	1866
3	1791	1820	1814
3	1814	1763	1791
3	1811	1729	1814
3	1771	1729	1811
3	1791	1696	1809
3	1729	1763	1814
3	1763	1696	1791
3	1696	1717	1809
3	1744	1729	1771
3	1709	1696	1763
3	1709	1763	1729
3	1678	1696	1709
3	1720	1729	1744
3	1709	1661	1678
3	1720	1709	1729
3	1696	1671	1717
3	1661	1709	1720
3	1649	1678	1661
3	1678	1671	1696
3	1649	1671	1678
3	1636	1545	1661
3	490	468	523
3	1293	1277	1206
3	1042	1093	1154
3	194	141	193
3	71	79	94
3	1919	1915	1931
3	1740	1639	1730
3	269	297	336
3	232	193	269
3	1896	1879	1908
3	28	54	50
3	46	50	69
3	35	50	46
3	35	28	50
3	28	22	32
3	14	19	35
3	22	30	32
3	18	28	35
3	22	16	30
3	19	18	35
3	18	22	28
3	3	18	19
3	18	16	22
3	3	5	18
3	5	4	16
3	5	16	18
3	0	4	5
3	1971	1986	1969
3	1960	1952	1969
3	1969	1966	1971
3	1952	1966	1969
3	1943	1952	1960
3	1935	1943	1960
3	1944	1935	1960
3	1927	1943	1935
3	1926	1943	1927
3	1936	1887	1935
3	1887	1927	1935
3	1887	1888	1927
3	1898	1887	1936
3	1874	1887	1898
3	1874	1875	1887
3	1856	1815	1874
3	1237	1292	1295
3	1220	1237	1295
3	1220	1168	1237
3	1237	1225	1292
3	1196	1168	1220
3	1168	1191	1237
3	1191	1225	1237
3	1101	1191	1168
3	1121	1101	1168
3	850	804	873
3	839	771	850
3	804	826	873
3	771	804	850
3	812	782	771
3	771	769	804
3	771	740	769
3	823	774	782
3	782	740	771
3	748	782	774
3	740	782	748
3	137	112	109
3	92	109	112
3	92	97	109
3	75	85	97
3	85	74	88
3	92	75	97
3	75	74	85
3	69	75	92
3	54	74	75
3	50	75	69
3	50	54	75
3	55	70	74
3	54	55	74
3	70	55	61
3	28	55	54
3	55	41	61
3	28	32	55
3	32	41	55
3	32	30	41
3	1952	1933	1966
3	1933	1937	1966
3	1937	1955	1966
3	1943	1933	1952
3	1943	1926	1933
3	1933	1917	1937
3	1897	1917	1933
3	1927	1888	1926
3	1926	1897	1933
3	1887	1878	1888
3	1888	1897	1926
3	1887	1875	1878
3	1888	1864	1897
3	1864	1891	1897
3	1878	1864	1888
3	1815	1878	1875
3	1874	1815	1875
3	1191	1101	1195
3	1077	1101	1121
3	1043	1056	1101
3	1077	1043	1101
3	995	1056	1043
3	995	1034	1056
3	1077	967	1043
3	995	982	1034
3	967	995	1043
3	936	982	995
3	926	869	995
3	869	936	995
3	873	898	936
3	869	850	936
3	850	873	936
3	869	839	850
3	183	136	159
3	136	121	159
3	109	136	160
3	97	121	136
3	109	97	136
3	97	85	121
3	121	96	122
3	88	96	121
3	85	88	121
3	88	74	96
3	74	70	96
3	1773	1806	1842
3	1837	1773	1842
3	1747	1773	1808
3	1747	1711	1773
3	1711	1762	1773
3	1711	1705	1762
3	1665	1705	1711
3	1665	1643	1705
3	1665	1610	1643
3	1609	1610	1665
3	1610	1621	1643
3	1610	1546	1621
3	1546	1562	1621
3	1561	1530	1610
3	1530	1546	1610
3	1494	1546	1530
3	1546	1494	1562
3	1505	1494	1530
3	1456	1458	1505
3	1505	1458	1494
3	1470	1494	1458
3	502	511	546
3	502	546	537
3	475	502	537
3	471	486	511
3	502	471	511
3	475	471	502
3	475	424	471
3	397	424	475
3	424	422	432
3	424	361	422
3	337	361	424
3	397	337	424
3	318	337	397
3	317	361	337
3	273	337	318
3	290	317	337
3	273	290	337
3	273	247	290
3	228	273	233
3	273	228	247
3	233	204	228
3	228	202	247
3	228	204	202
3	186	202	204
3	1835	1842	1855
3	1835	1837	1842
3	1808	1773	1837
3	1808	1837	1835
3	1790	1835	1832
3	1790	1766	1835
3	1789	1808	1835
3	1766	1789	1835
3	1693	1747	1808
3	1494	1482	1506
3	1482	1497	1492
3	1482	1471	1497
3	1470	1482	1494
3	1470	1471	1482
3	1483	1482	1492
3	542	507	531
3	511	542	546
3	511	507	542
3	511	486	507
3	507	496	531
3	507	478	496
3	213	186	204
3	213	204	233
3	182	213	207
3	182	207	191
3	182	186	213
3	186	175	202
3	170	175	186
3	155	182	191
3	176	155	191
3	182	170	186
3	155	170	182
3	1739	1766	1790
3	1739	1737	1766
3	1716	1739	1790
3	1694	1737	1739
3	1612	1739	1716
3	1612	1641	1739
3	1641	1694	1739
3	1676	1612	1716
3	1601	1613	1641
3	1552	1641	1612
3	1552	1601	1641
3	1550	1552	1612
3	1519	1613	1601
3	1523	1519	1601
3	1552	1523	1601
3	1550	1514	1552
3	1514	1523	1552
3	1514	1497	1523
3	1497	1471	1523
3	1492	1497	1514
3	496	513	527
3	496	477	513
3	477	437	513
3	439	477	496
3	478	439	496
3	437	477	439
3	439	418	437
3	402	391	437
3	418	402	437
3	323	402	418
3	323	391	402
3	328	275	323
3	275	309	323
3	283	275	328
3	275	237	309
3	225	237	275
3	224	225	275
3	224	208	225
3	225	207	237
3	225	208	207
3	208	191	207
3	176	191	208
3	1984	1958	1979
3	1965	1978	1958
3	1958	1941	1965
3	1941	1939	1965
3	1912	1939	1941
3	1941	1924	1912
3	1954	1924	1941
3	1918	1912	1924
3	1909	1924	1913
3	1909	1918	1924
3	1909	1905	1918
3	1903	1905	1909
3	1205	1261	1268
3	1261	1205	1197
3	1205	1181	1197
3	1210	1205	1227
3	1181	1126	1197
3	1181	1205	1210
3	1126	1159	1197
3	1159	1169	1197
3	1103	1126	1181
3	1103	1012	1126
3	1126	1012	1159
3	1044	1012	1103
3	1044	865	1012
3	865	886	1012
3	890	1044	950
3	890	865	1044
3	863	886	865
3	1968	1958	1984
3	1971	1975	1986
3	1191	1195	1225
3	137	109	160
3	1897	1891	1917
3	160	136	183
3	122	96	116
3	59	70	61
3	1505	1530	1561
3	537	546	595
3	491	475	537
3	475	390	397
3	318	397	390
3	1458	1451	1470
3	1451	1471	1470
3	496	527	531
3	899	890	950
3	1217	1226	1247
3	1217	1247	1253
3	1159	1127	1169
3	1132	1127	1159
3	1113	1130	1153
3	1986	1975	1990
3	1	2	10
3	10	2	7
3	101	104	108
3	718	686	695
3	686	718	734
3	686	734	731
3	1272	1268	1294
3	13	15	24
3	33	39	57
3	1159	1012	1132
3	46	69	83
3	69	92	112
3	83	69	113
3	69	112	114
3	69	114	113
3	131	114	112
3	113	114	138
3	113	138	108
3	733	706	740
3	733	740	748
3	733	748	757
3	757	748	784
3	748	774	784
3	757	784	803
3	1211	1279	1246
3	1233	1220	1279
3	1246	1279	1318
3	1220	1295	1279
3	1279	1295	1315
3	1295	1292	1315
3	1279	1315	1318
3	1272	1246	1318
3	1854	1828	1856
3	1822	1828	1862
3	1862	1828	1882
3	1854	1856	1884
3	1856	1874	1884
3	1828	1854	1882
3	1862	1882	1885
3	1854	1884	1911
3	1882	1854	1911
3	1884	1874	1898
3	1885	1882	1911
3	1911	1884	1898
3	1885	1911	1922
3	1911	1898	1920
3	1920	1898	1936
3	1922	1911	1920
3	1920	1936	1944
3	1922	1920	1928
3	1936	1935	1944
3	1920	1944	1972
3	1928	1920	1972
3	1944	1970	1972
3	1944	1960	1970
3	1970	1960	1977
3	1977	1960	1969
3	1972	1970	1983
3	1977	1969	1986
3	1980	1972	1983
3	1970	1977	1983
3	1983	1977	1989
3	1977	1986	1989
3	1989	1986	1990
3	1990	1987	1996
3	1990	1996	1989
3	1	0	6
3	9	0	3
3	2	1	6
3	0	5	3
3	0	1	4
3	6	0	9
3	7	2	11
3	2	6	11
3	9	3	19
3	6	9	36
3	36	9	14
3	14	9	19
3	36	14	46
3	14	35	46
3	39	46	73
3	46	83	73
3	73	83	95
3	95	83	104
3	104	83	113
3	108	104	113
3	686	694	695
3	686	731	777
3	686	777	694
3	731	757	789
3	731	789	777
3	789	757	803
3	789	767	777
3	789	1999	767
3	1999	789	802
3	1999	802	805
3	805	802	817
3	805	817	863
3	863	817	876
3	817	802	894
3	817	894	920
3	920	894	930
3	876	817	920
3	876	920	980
3	980	920	1038
3	980	1038	1073
3	1073	1038	1143
3	1130	1073	1153
3	1073	1143	1153
3	1176	1153	1143
3	1176	1143	1226
3	1143	1194	1226
3	1226	1194	1211
3	1226	1217	1186
3	1236	1226	1246
3	1226	1236	1247
3	1246	1226	1211
3	1247	1236	1267
3	1236	1246	1267
3	1267	1246	1272
3	1267	1272	1294
3	1894	1885	1901
3	1894	1901	1905
3	1905	1901	1916
3	1901	1885	1916
3	1907	1905	1916
3	1916	1885	1922
3	1916	1922	1928
3	1928	1972	1957
3	1957	1972	1980
3	1995	1980	1994
3	1988	1984	1991
3	1980	1983	1994
3	1992	1980	1995
3	1991	1992	1997
3	1992	1995	1997
3	1991	1997	1988
3	1994	1983	1989
3	1997	1995	1994
3	1996	1988	1997
3	1989	1996	1994
3	1996	1997	1994
3	8	12	15
3	12	8	6
3	6	8	11
3	11	8	13
3	13	8	15
3	12	6	36
3	20	15	23
3	23	12	36
3	15	20	24
3	24	20	33
3	20	23	31
3	20	27	33
3	27	20	31
3	23	36	46
3	27	31	39
3	31	23	46
3	31	46	39
3	57	39	56
3	56	39	73
3	64	56	73
3	64	73	95
3	694	730	681
3	695	694	681
3	713	695	681
3	713	681	743
3	756	730	694
3	767	756	694
3	777	767	694
3	779	840	815
3	862	805	863
3	815	862	863
3	815	840	862
3	862	840	871
3	863	876	886
3	886	876	980
3	886	980	1067
3	886	1067	1012
3	1067	980	1130
3	980	1073	1130
3	1127	1113	1125
3	1012	1067	1132
3	1067	1130	1132
3	1113	1127	1130
3	1132	1130	1127
3	1229	1271	1249
3	902	861	956
3	1802	1775	1831
3	884	857	961
3	857	884	851
3	991	831	966
3	15	12	23
3	57	56	64
3	787	786	814
3	709	798	829
3	767	1999	798
3	1179	1164	1208
3	1164	1235	1208
3	1120	1164	1179
