0.71597	-0.10791	0.15848
0.69552	-0.16436	0.13843
0.6775	-0.1642	0.14509
0.69476	-0.13721	0.1411
0.7044	-0.10231	0.13049
0.69211	-0.16029	0.11393
0.70001	-0.13182	0.1236
0.67145	-0.17631	0.13529
0.68898	-0.090265	0.14815
0.68239	-0.10801	0.15568
0.65367	-0.19018	0.098256
0.68893	-0.13164	0.10109
0.69343	-0.058756	0.145
0.68972	-0.050462	0.1587
0.67713	-0.036464	0.12817
0.68139	-0.13636	0.14917
0.68337	-0.076964	0.14481
0.66786	-0.17638	0.088936
0.66867	-0.085721	0.092377
0.68342	-0.078955	0.11733
0.75292	0.38556	0.091084
0.67772	-0.063269	0.1083
0.7467	0.37472	0.1351
0.7553	0.40744	0.068982
0.64495	-0.1306	0.066523
0.73533	0.35626	0.16307
0.75438	0.37651	0.12343
0.75645	0.43921	0.024984
0.64814	-0.12168	0.15274
0.75943	0.46593	-0.0055452
0.75425	0.45981	-0.033825
0.75913	0.48568	-0.047422
0.72459	0.39012	0.17802
0.66203	-0.085106	0.15027
0.72333	0.34856	0.15547
0.74378	0.46903	-0.058578
0.73695	0.417	0.031244
0.64041	-0.18706	0.077977
0.72276	0.47186	0.092397
0.64692	-0.048855	0.14998
0.72463	0.44224	0.13347
0.74992	0.50582	-0.05055
0.7095	0.35499	0.11179
0.65297	-0.033943	0.1386
0.74278	0.36368	0.1104
0.73193	0.49808	-0.067411
0.62141	-0.19618	0.12007
0.6599	-0.036059	0.11269
0.70863	0.36703	0.17326
0.60684	-0.18295	0.13431
0.69202	0.37975	0.070974
0.74263	0.52484	-0.015461
0.71464	0.39375	0.051383
0.6282	-0.076836	0.15195
0.61477	-0.1986	0.10127
0.73769	0.52599	-0.043405
0.708	0.38183	0.19398
0.69593	0.38904	0.22236
0.64059	-0.0057621	0.13716
0.71007	0.41534	0.20084
0.60482	-0.055187	0.061871
0.6427	-0.0095265	0.11035
0.63291	0.00070443	0.11906
0.71886	0.44132	-0.030567
0.6859	0.37528	0.20369
0.71996	0.52416	-0.048098
0.61191	-0.18418	0.064549
0.72214	0.54049	0.015742
0.69369	0.37261	0.16777
0.70706	0.46735	-0.055872
0.60824	-0.098236	0.054235
0.7135	0.5213	0.077702
0.70896	0.54126	-0.0090769
0.69356	0.41811	-0.015843
0.61973	-0.018707	0.14902
0.59951	-0.12542	0.1457
0.60502	-0.12874	0.053734
0.68457	0.39945	0.016248
0.70209	0.51667	0.11243
0.72203	0.53398	0.035907
0.69862	0.52906	0.081927
0.61096	-0.01971	0.084969
0.68701	0.43926	0.21121
0.69717	0.53779	0.039209
0.68813	0.35759	0.12573
0.5809	-0.19461	0.071951
0.69929	0.5289	-0.028797
0.68591	0.43021	-0.036405
0.69131	0.50403	0.16184
0.68918	0.46301	-0.051451
0.58605	-0.043608	0.14732
0.60876	-0.0034377	0.13762
0.6821	0.42413	0.21254
0.57201	-0.20535	0.09549
0.67462	0.47263	0.21186
0.57366	-0.16203	0.141
0.57288	-0.19559	0.12605
0.67076	0.38376	0.20131
0.67238	0.4062	-0.043326
0.66026	0.38997	0.044019
0.66975	0.44979	0.23063
0.66661	0.3807	0.134
0.66843	0.4241	0.205
0.66929	0.45703	-0.057553
0.56769	-0.17455	0.053351
0.56199	-0.14599	0.045901
0.59319	-0.015533	0.087567
0.67881	0.48425	-0.047331
0.66311	0.42036	-0.068915
0.66791	0.38808	0.07762
0.66564	0.38669	0.0061741
0.56958	-0.19795	0.066012
0.64475	0.40569	0.089042
0.67713	0.50688	0.16352
0.57702	-0.011896	0.10933
0.65892	0.38588	-0.055491
0.64973	0.51583	0.04773
0.6737	0.51677	0.090261
0.65973	0.44895	-0.067737
0.65779	0.36785	-0.012668
0.65941	0.39274	0.17937
0.55582	-0.20088	0.13099
0.66351	0.5226	0.00066868
0.65942	0.47293	0.21209
0.65155	0.42369	0.18331
0.63425	0.3612	0.02707
0.64476	0.48456	-0.048626
0.53504	-0.22931	0.12197
0.6588	0.4986	-0.030229
0.5448	-0.22988	0.049866
0.6339	0.3818	-0.071799
0.64394	0.49443	0.17012
0.57889	-0.013275	0.1272
0.55178	-0.17775	0.13976
0.63736	0.39574	0.065739
0.60056	0.32057	-0.046854
0.63837	0.49572	0.081136
0.6568	0.50055	0.14051
0.53458	-0.23852	0.095816
0.63872	0.34791	-0.015056
0.55805	-0.057442	0.14096
0.62735	0.34273	0.016908
0.55585	-0.07546	0.057086
0.55671	-0.04726	0.071248
0.645	0.50569	-0.0071067
0.54599	-0.10597	0.04567
0.53096	-0.17794	-0.026922
0.52432	-0.23785	0.032855
0.6252	0.45623	0.15065
0.638	0.48412	0.12522
0.63833	0.4193	0.13368
0.54528	-0.1366	0.013536
0.53034	-0.21632	0.13266
0.52397	-0.11524	0.14573
0.64615	0.45012	0.22065
0.61542	0.43143	-0.08805
0.6188	0.37771	0.061136
0.61316	0.38072	-0.084755
0.62822	0.47107	-0.068153
0.50583	-0.1551	0.13783
0.63607	0.46507	0.18459
0.63023	0.47849	0.16941
0.62685	0.44687	0.10714
0.526	-0.1878	0.13114
0.52515	-0.067533	0.131
0.50919	-0.19495	-0.042057
0.61937	0.43431	0.084326
0.62417	0.40949	0.077061
0.49647	-0.25937	0.062061
0.62725	0.46829	0.11347
0.62463	0.49837	0.035477
0.61736	0.5021	0.0041874
0.50727	-0.13045	-0.034209
0.61824	0.46111	0.078279
0.52692	-0.080949	0.052172
0.51757	-0.21284	-0.0055565
0.59798	0.32736	0.02706
0.61179	0.48263	0.05311
0.49072	-0.22795	0.12344
0.5977	0.37855	0.072891
0.52038	-0.067565	0.072646
0.52159	-0.061605	0.091139
0.4993	-0.25605	0.093323
0.60401	0.31764	-0.011688
0.58434	0.44993	0.068998
0.58079	0.31182	-0.068489
0.529	-0.082011	0.1408
0.52115	-0.06083	0.11055
0.57928	0.47962	-0.057396
0.48604	-0.21633	0.12126
0.56541	0.28854	-0.0034366
0.5495	0.35558	-0.10698
0.49542	-0.1637	-0.05029
0.58611	0.4513	-0.082647
0.56909	0.32023	-0.085529
0.58352	0.41443	0.085187
0.59186	0.49277	0.032847
0.51471	-0.10486	-0.0021622
0.58488	0.40883	-0.098057
0.47943	-0.25201	0.11527
0.48433	-0.25328	0.018074
0.49223	-0.074425	0.025261
0.46308	-0.23341	-0.019748
0.55304	0.35031	0.07554
0.5735	0.49362	-0.030671
0.47604	-0.091427	0.15906
0.54868	0.27621	-0.048487
0.46878	-0.21892	0.1161
0.49722	-0.085264	0.0031251
0.48299	-0.19995	-0.051662
0.54073	0.28462	-0.072797
0.45768	-0.25635	0.00078138
0.47176	-0.077622	0.14808
0.56571	0.42419	-0.098733
0.46343	-0.26866	0.078988
0.5641	0.49148	0.0053489
0.52489	0.26384	-0.03054
0.49801	-0.10845	0.15066
0.48101	-0.084196	-0.0055634
0.54361	0.29758	0.030324
0.53715	0.27572	0.002207
0.44512	-0.26546	0.10291
0.54225	0.32855	0.057683
0.48136	-0.10134	-0.028207
0.45688	-0.21068	-0.0505
0.44844	-0.13848	0.13391
0.42846	-0.25729	0.10848
0.48781	-0.061889	0.11396
0.47338	-0.13071	-0.047769
0.46698	-0.10178	0.16016
0.47147	-0.061655	0.062735
0.43485	-0.27365	0.023967
0.55909	0.38738	0.090914
0.53479	0.30984	-0.094092
0.42177	-0.23606	0.10458
0.52517	0.37638	-0.11314
0.43181	-0.16323	-0.05692
0.5413	0.43081	0.075625
0.53224	0.35397	0.087927
0.52602	0.4005	0.095869
0.55638	0.4661	0.060128
0.53504	0.47883	-0.049908
0.54765	0.44572	0.07315
0.43152	-0.2759	0.06484
0.44118	-0.17657	0.12101
0.42991	-0.19646	-0.054326
0.52488	0.38281	0.10069
0.51745	0.26839	-0.060643
0.44482	-0.095974	0.15279
0.42438	-0.26152	-0.0095481
0.5217	0.4647	-0.069241
0.41204	-0.27493	0.068299
0.45457	-0.064481	0.10031
0.50637	0.29644	0.045112
0.49421	0.25979	-0.0093117
0.41976	-0.12534	0.1431
0.51365	0.28967	-0.08696
0.51041	0.31562	0.064581
0.52378	0.46985	0.046028
0.4253	-0.12294	-0.041552
0.49554	0.33507	0.078794
0.43133	-0.097608	-0.018357
0.44442	-0.06941	0.051759
0.50523	0.4771	-0.027834
0.49543	0.4726	-0.008097
0.40035	-0.23278	-0.033491
0.52485	0.44388	-0.088571
0.3934	-0.26042	0.093361
0.47511	0.2678	0.025272
0.39935	-0.20512	0.10841
0.42718	-0.24256	-0.023256
0.51052	0.41676	-0.10143
0.38689	-0.28441	-0.0030651
0.41332	-0.17126	-0.053762
0.41503	-0.13701	0.13028
0.36974	-0.2901	0.028153
0.46562	0.27673	-0.075966
0.41466	-0.078916	0.047062
0.40468	-0.11348	0.14167
0.46743	0.3027	0.071273
0.46558	0.26182	-0.051476
0.49431	0.34939	-0.11469
0.44606	0.25524	0.010653
0.50032	0.44274	0.05593
0.49289	0.41833	0.061806
0.47534	0.34899	0.08041
0.46115	0.25301	-0.025995
0.4648	0.2934	-0.094236
0.48927	0.37839	0.086466
0.42147	-0.083159	0.12228
0.39198	-0.23992	0.11008
0.39821	-0.14233	-0.039528
0.47673	0.39365	0.074057
0.45735	0.39948	-0.097304
0.50127	0.30864	-0.10186
0.3909	-0.15254	0.12476
0.4075	-0.077931	0.076084
0.38523	-0.20101	-0.036962
0.37856	-0.22384	-0.037276
0.39129	-0.097619	0.11798
0.47004	0.37253	-0.10964
0.37415	-0.23485	0.11495
0.4798	0.4658	-0.038996
0.38605	-0.26947	-0.023394
0.46179	0.27844	0.058601
0.45576	0.31208	-0.10433
0.36107	-0.29517	-0.005967
0.38294	-0.14727	0.13365
0.43687	0.24201	-0.042336
0.35689	-0.27998	0.052355
0.39518	-0.11551	-0.017333
0.44503	0.34195	-0.10847
0.42511	0.26106	0.044942
0.38286	-0.096497	0.026071
0.37503	-0.26718	-0.034988
0.45136	0.4317	0.02877
0.36865	-0.10202	0.099127
0.42698	0.36441	0.072536
0.45617	0.3156	0.076786
0.46717	0.45562	0.010276
0.35571	-0.16223	0.13006
0.42529	0.2407	5.616e-05
0.48555	0.44848	-0.076434
0.36307	-0.17307	-0.024691
0.3682	-0.097571	0.060774
0.36729	-0.17823	0.12814
0.41877	0.30042	0.074077
0.39773	0.2246	-0.084696
0.34078	-0.30523	-0.0034077
0.3498	-0.26244	0.073755
0.45441	0.44352	-0.063645
0.35377	-0.22644	-0.049914
0.35145	-0.25404	-0.062042
0.35974	-0.13376	0.12524
0.41101	0.28604	-0.1146
0.34593	-0.291	-0.046138
0.42463	0.27992	0.065921
0.36592	-0.12688	-0.0043232
0.33823	-0.30345	-0.037975
0.35212	-0.20806	-0.042445
0.4005	0.21431	-0.060828
0.33639	-0.29952	0.032687
0.34805	-0.23302	0.09833
0.34998	-0.19369	0.12325
0.44891	0.45097	-0.045778
0.42235	0.38982	0.048647
0.45726	0.46022	-0.021227
0.32006	-0.28523	0.068218
0.3833	0.24399	-0.10729
0.33378	-0.20926	-0.043826
0.31315	-0.29005	-0.070294
0.4227	0.33902	0.077544
0.40572	0.21356	-0.035716
0.3406	-0.13738	0.018871
0.40464	0.21994	0.0054419
0.40098	0.19619	0.022421
0.39855	0.18837	-0.022863
0.32847	-0.24051	0.081912
0.33731	-0.17174	-0.0099158
0.33725	-0.13195	0.096112
0.40268	0.23238	0.030092
0.3358	-0.1969	-0.02566
0.4278	0.42964	0.0088559
0.34561	-0.11256	0.051171
0.29579	-0.35631	-0.02171
0.38763	0.16058	0.013822
0.30926	-0.33792	0.0085274
0.40348	0.31299	0.077355
0.3926	0.31546	-0.11414
0.41856	0.36157	-0.093433
0.32513	-0.20834	0.0034139
0.37219	0.1412	-0.032803
0.32941	-0.20299	0.022841
0.33282	-0.16293	0.10804
0.39001	0.1865	0.052428
0.29161	-0.34367	-0.070393
0.42123	0.43159	-0.021194
0.32901	-0.17928	0.03739
0.31487	-0.19681	0.082899
0.32792	-0.21377	-0.01445
0.40033	0.40158	-0.0088347
0.38995	0.32835	0.069637
0.38847	0.23733	0.06229
0.40882	0.40357	-0.05376
0.27932	-0.34346	0.052078
0.30432	-0.25483	-0.078742
0.32099	-0.19315	0.071181
0.37329	0.21098	0.082542
0.32459	-0.14978	0.078471
0.36282	0.12438	-0.0076665
0.3959	0.39253	0.016893
0.37028	0.18793	-0.086066
0.39174	0.27983	0.092295
0.31465	-0.20695	0.041667
0.3078	-0.21229	0.081776
0.29367	-0.31802	-0.079837
0.29145	-0.3482	0.028094
0.29139	-0.35365	-0.047541
0.38869	0.36358	0.048936
0.30993	-0.20837	0.060046
0.29962	-0.25187	0.077836
0.39028	0.38487	-0.036386
0.36437	0.304	0.092127
0.35898	0.12432	0.019585
0.40013	0.38008	-0.060813
0.3743	0.24451	0.078807
0.34864	0.23584	-0.11618
0.35771	0.13507	0.046067
0.29496	-0.30275	0.070528
0.30154	-0.24032	-0.069421
0.34371	0.13131	-0.085783
0.30996	-0.22069	-0.038188
0.34236	0.14309	0.06801
0.37871	0.2799	-0.11865
0.27592	-0.29529	-0.10538
0.28866	-0.26207	-0.096015
0.37201	0.27865	0.095723
0.35819	0.20974	-0.10569
0.2759	-0.22483	0.081587
0.37533	0.34768	0.049566
0.33803	0.10133	-0.020643
0.37046	0.25762	0.085155
0.26528	-0.37547	-0.039838
0.36593	0.18496	0.079385
0.37558	0.35647	-0.075239
0.26313	-0.21587	0.070753
0.28107	-0.22842	-0.078582
0.32904	0.11347	0.043389
0.26739	-0.31767	-0.11248
0.26633	-0.35218	-0.092684
0.36051	0.32225	-0.10031
0.37029	0.36792	-0.0020789
0.27261	-0.32079	0.070839
0.27861	-0.20568	-0.026466
0.33843	0.2109	0.10007
0.33126	0.10817	-0.072183
0.2417	-0.3755	-0.066743
0.34094	0.17961	-0.10917
0.34385	0.35184	-0.028811
0.33766	0.2567	0.099577
0.34963	0.28017	0.085793
0.34388	0.27379	-0.11553
0.3597	0.3562	0.016199
0.23886	-0.28551	0.079608
0.25296	-0.35956	0.042955
0.24922	-0.33731	-0.10886
0.31345	0.11972	-0.094472
0.30805	0.1399	0.085773
0.2542	-0.27611	-0.11566
0.30503	0.099517	-0.036778
0.31332	0.097483	-0.0046832
0.34751	0.34578	-0.065145
0.23796	-0.3596	0.062726
0.22109	-0.38854	-0.042992
0.25027	-0.30863	-0.11691
0.25337	-0.2045	0.038241
0.30159	0.10599	-0.079156
0.22986	-0.24371	-0.11485
0.28767	0.19018	-0.13529
0.30133	0.14414	-0.11924
0.34133	0.31276	0.06672
0.31956	0.2902	0.08532
0.23052	-0.3665	-0.088688
0.30318	0.095156	0.020476
0.3139	0.2966	-0.094805
0.22661	-0.32119	0.081878
0.31168	0.2266	-0.12535
0.32452	0.33294	0.035609
0.28867	0.10699	0.069713
0.20863	-0.38619	0.0037095
0.30629	0.24778	0.1047
0.30195	0.10114	0.043933
0.28853	0.087276	-0.0077663
0.22484	-0.33729	-0.11983
0.21746	-0.38218	0.044882
0.19812	-0.35971	0.063545
0.22003	-0.22419	0.06501
0.31394	0.21398	0.1055
0.22311	-0.30247	-0.13183
0.28604	0.090825	0.051721
0.27074	0.1396	0.094021
0.22735	-0.19506	-0.03499
0.29972	0.26375	0.099113
0.269	0.10248	-0.066562
0.2956	0.28059	-0.10438
0.1982	-0.35754	-0.13312
0.19578	-0.39869	-0.065937
0.23116	-0.20869	-0.078194
0.27293	0.11198	-0.10973
0.25668	0.13073	-0.13447
0.28807	0.32639	0.016824
0.26006	0.064346	0.030842
0.1961	-0.30659	0.086745
0.23688	-0.20112	0.010187
0.24552	0.080764	0.058238
0.29396	0.30515	0.062185
0.30974	0.33429	-0.00027821
0.28139	0.15589	-0.13324
0.20044	-0.26432	0.069102
0.18299	-0.33854	0.07737
0.24697	0.085467	-0.040047
0.18826	-0.39281	-0.096447
0.25297	0.18181	0.10208
0.21347	-0.22521	-0.12189
0.20521	-0.22746	0.057213
0.20601	-0.29729	-0.14994
0.22109	-0.20093	-0.072999
0.16889	-0.38878	0.035882
0.20628	-0.32727	-0.14312
0.28944	0.24837	-0.1213
0.26436	0.30606	-0.031788
0.20475	-0.25182	-0.14311
0.23799	0.16216	-0.141
0.17335	-0.40097	-0.021084
0.28117	0.30726	-0.057672
0.18883	-0.32013	-0.178
0.20507	-0.19798	0.023862
0.22966	0.13035	-0.13231
0.19683	-0.27339	-0.17678
0.20991	-0.1831	-0.091059
0.17608	-0.36863	-0.17283
0.25937	0.23451	0.099241
0.24954	0.071094	-0.0057374
0.22705	0.12627	-0.10781
0.18187	-0.35616	-0.17766
0.18786	-0.29273	-0.2108
0.19554	-0.23195	-0.1715
0.21	-0.17943	-0.036046
0.25761	0.28034	-0.081878
0.15792	-0.4106	-0.16258
0.22844	0.20458	-0.13059
0.17641	-0.24828	0.071362
0.21614	0.10355	0.07528
0.20114	-0.2044	-0.14455
0.19199	-0.25438	-0.20479
0.17154	-0.33919	-0.21223
0.18073	-0.40741	-0.05734
0.20311	-0.17866	-0.15239
0.2042	-0.14245	-0.067937
0.21709	0.052541	-0.013893
0.24578	0.28983	0.059182
0.19786	-0.20651	-0.18184
0.15112	-0.42467	-0.051185
0.25837	0.31099	-0.0067452
0.2378	0.23468	-0.11825
0.22173	0.062962	0.036412
0.23237	0.098784	-0.070013
0.20135	-0.13701	-0.13665
0.20495	-0.11791	-0.12634
0.23896	0.27186	0.068531
0.18555	-0.22873	-0.20988
0.14694	-0.40888	-0.0041135
0.14365	-0.41994	-0.17735
0.18908	-0.14613	-0.018018
0.17776	-0.20897	0.057727
0.15975	-0.36563	0.060948
0.27285	0.31521	0.022298
0.16386	-0.3827	-0.20193
0.15533	-0.41641	-0.13612
0.22073	0.054282	0.010073
0.16643	-0.31101	-0.24104
0.17173	-0.26125	-0.24551
0.23704	0.26362	-0.098398
0.14343	-0.42248	-0.0234
0.15719	-0.38548	0.04511
0.18653	-0.16568	0.019153
0.19522	-0.11575	-0.085062
0.18597	-0.19285	-0.21392
0.21944	0.074066	-0.051325
0.2265	0.21554	0.092664
0.1133	-0.45984	-0.014402
0.13482	-0.4356	-0.11128
0.21651	0.1224	-0.10127
0.18919	-0.13141	-0.17213
0.13618	-0.33106	-0.27244
0.15751	-0.35617	-0.22709
0.18191	-0.082761	-0.10777
0.16303	-0.30972	0.088144
0.11982	-0.45514	-0.14921
0.13575	-0.42341	-0.19683
0.16023	-0.25178	0.082112
0.14165	-0.3689	0.078189
0.18353	-0.093961	-0.054998
0.17586	-0.14972	0.032107
0.13903	-0.39923	-0.22407
0.16577	-0.076849	-0.1574
0.21122	0.079556	0.060693
0.1916	-0.099962	-0.1586
0.22633	0.28138	-0.052122
0.17111	-0.1588	-0.2246
0.17534	-0.12412	-0.19744
0.17108	-0.17596	0.073862
0.20748	0.086996	-0.086447
0.18556	0.13439	0.08563
0.15962	-0.2053	-0.25396
0.20382	0.058927	-0.068891
0.17778	-0.072709	-0.046487
0.17365	-0.11032	-0.004382
0.13726	-0.33622	0.084697
0.2104	0.23211	-0.10819
0.14131	-0.30257	0.093957
0.18926	0.15194	-0.11973
0.17408	-0.08206	-0.1714
0.19152	0.016761	-0.041154
0.18023	-0.044456	-0.092137
0.15859	-0.19523	0.096581
0.12716	-0.41701	0.028594
0.1842	0.013207	-0.073011
0.12981	-0.37268	-0.25663
0.22125	0.18161	-0.13581
0.18501	-0.023987	-0.048366
0.16845	-0.090787	-0.19427
0.18536	0.0053139	-0.020968
0.17835	0.028421	0.046627
0.17027	-0.11799	0.033324
0.16321	0.024236	0.056382
0.11296	-0.423	0.0020542
0.1858	0.1224	-0.11915
0.11777	-0.43978	-0.20973
0.17339	0.057152	0.074095
0.16828	0.0025435	0.022235
0.14127	-0.24109	0.10772
0.16455	-0.084309	0.0065887
0.19201	0.18686	-0.12233
0.21787	0.28027	0.057546
0.092937	-0.46351	-0.070204
0.16858	-0.062321	-0.13341
0.17849	0.034482	-0.097381
0.11915	-0.35267	-0.27981
0.087318	-0.47362	-0.18672
0.14438	-0.14908	0.095933
0.14966	-0.10133	0.043793
0.21134	0.28669	0.0083143
0.17115	-0.048521	-0.023596
0.20349	0.25436	-0.083332
0.1498	-0.11397	0.063332
0.085747	-0.41247	0.10362
0.083808	-0.44721	0.013866
0.11608	-0.4141	0.075628
0.13441	-0.21076	-0.28151
0.17556	-0.018227	-0.10687
0.16114	-0.030797	-0.0042527
0.13671	-0.25965	-0.28323
0.14461	-0.16913	-0.26117
0.11508	-0.23634	0.12816
0.14697	-0.11169	-0.23041
0.20229	0.25432	0.056937
0.15396	-0.075037	0.011043
0.18848	0.10626	0.079233
0.10202	-0.39069	0.093703
0.11195	-0.3137	0.098026
0.20052	0.16164	-0.13305
0.14999	-0.025851	-0.1656
0.081808	-0.48723	-0.14877
0.13887	-0.19073	0.11592
0.10738	-0.4568	-0.05947
0.10791	-0.40611	-0.26149
0.10803	-0.34838	0.083916
0.11965	-0.28216	-0.29956
0.1644	0.054547	-0.12043
0.083257	-0.44458	0.043198
0.1694	0.19045	0.076574
0.087872	-0.44378	0.070243
0.072526	-0.49907	0.00043653
0.14429	-0.080451	-0.21569
0.19476	0.16448	0.088591
0.083112	-0.4734	0.0081102
0.13348	-0.059748	-0.1948
0.1485	-0.060194	-0.17027
0.10252	-0.37559	-0.27745
0.17564	0.079129	-0.1144
0.082267	-0.4518	-0.23833
0.1162	-0.10768	-0.26198
0.16332	0.17533	-0.1227
0.075541	-0.4388	0.10751
0.14544	-0.016651	0.034911
0.14142	-0.072706	0.039042
0.13854	-0.033513	0.036341
0.075408	-0.3803	0.08228
0.092603	-0.20902	-0.31322
0.053369	-0.49916	-0.078114
0.18973	0.27086	0.049955
0.097585	-0.3485	-0.29944
0.10094	-0.24578	-0.31295
0.11581	-0.090006	0.084937
0.1601	0.25281	0.039052
0.16427	0.15204	0.087674
0.1648	0.26052	-0.013859
0.14197	0.097727	-0.13496
0.053653	-0.51662	-0.0053965
0.1272	-0.039034	-0.19481
0.05434	-0.37113	0.09119
0.10081	-0.2744	0.12159
0.057362	-0.57114	0.14403
0.056494	-0.56346	0.13481
0.042509	-0.62397	0.16029
0.1189	-0.12212	0.11249
0.066675	-0.41919	-0.28717
0.13377	-0.010677	-0.18727
0.1475	0.039724	-0.15826
0.055701	-0.47305	0.075629
0.062125	-0.44065	0.12344
0.038208	-0.5754	0.11369
0.077024	-0.16821	0.15103
0.065314	-0.49744	-0.175
0.10054	-0.19799	0.14153
0.057479	-0.47436	-0.22009
0.15815	0.21849	0.055373
0.12399	-0.0072836	0.064523
0.14369	0.2374	-0.052622
0.025875	-0.5583	0.15539
0.16677	0.21465	-0.092028
0.053738	-0.47949	0.020982
0.13731	0.029988	0.078068
0.057549	-0.42864	0.12546
0.052532	-0.51103	-0.12824
0.046882	-0.4741	0.12966
0.075338	-0.27003	-0.32953
0.059982	-0.44147	-0.2715
0.046687	-0.5185	-0.048143
0.024576	-0.5335	0.0087829
0.10976	-0.075649	0.079027
0.038731	-0.49726	-0.20456
0.075648	-0.15862	-0.30685
0.072214	-0.3724	-0.30409
0.0013981	-0.64619	0.16794
0.081657	-0.30228	0.11418
0.085827	-0.32137	-0.31579
0.020297	-0.47416	-0.24741
0.095871	-0.073301	-0.25384
0.11481	-0.037966	0.067192
0.11326	-0.014775	-0.21175
0.042387	-0.48406	0.034552
0.095501	-0.044813	-0.22121
0.039175	-0.41478	0.11126
0.029628	-0.53926	-0.011079
0.022387	-0.52667	-0.077025
0.044094	-0.43164	0.19356
0.050728	-0.42562	0.1646
0.023977	-0.61279	0.17678
0.069293	-0.32319	0.10398
0.12512	0.1249	0.10037
0.023876	-0.51079	0.026987
0.046349	-0.39995	0.092061
0.033641	-0.50608	0.11089
0.10209	0.01415	-0.20968
0.10964	0.061591	-0.18617
0.11632	0.12921	-0.14314
0.052427	-0.22121	0.1463
0.11622	0.23271	-0.019432
0.085179	-0.055465	0.096829
0.044051	-0.40483	0.19962
0.11111	0.15282	-0.13933
0.10535	0.033435	0.098757
0.022486	-0.58494	0.10794
0.12441	0.069921	0.099735
0.070092	-0.22024	-0.32377
0.07887	-0.090615	0.10741
0.13553	0.23691	0.034194
0.032802	-0.50727	0.15046
0.021672	-0.52673	0.15753
0.023584	-0.52772	0.095198
0.023932	-0.52806	-0.12982
0.090669	-0.086691	-0.26683
0.081883	-0.13507	0.13233
0.12184	0.19185	0.075199
0.058695	-0.32882	-0.3253
0.022782	-0.51498	0.076067
0.082071	-0.035827	-0.23101
0.046178	-0.41445	0.16458
0.01885	-0.4846	0.19342
-0.00069529	-0.61452	0.12431
0.02641	-0.28135	0.12204
-0.0019116	-0.42284	-0.31239
0.01347	-0.54143	-0.032885
0.082474	-0.016921	0.092523
0.0027098	-0.53875	-0.097519
0.12006	0.22675	-0.058927
-0.0012106	-0.60719	0.19871
0.016745	-0.51083	0.040679
0.047163	-0.25086	0.13371
0.084392	-0.03899	0.089364
0.10918	0.19248	-0.11679
0.024036	-0.38976	0.18434
0.040033	-0.25933	-0.3421
0.035204	-0.51098	-0.17996
0.022501	-0.39785	0.23435
0.089215	0.104	-0.17265
0.0056733	-0.56853	0.17501
0.10102	0.1401	0.099092
-0.0036673	-0.53301	0.18934
0.023477	-0.37095	0.13464
0.10809	0.22955	0.012255
0.028372	-0.37086	-0.32851
0.069228	-0.096074	-0.28461
-0.011036	-0.57489	0.098476
0.0093968	-0.52318	0.1863
0.015879	-0.44874	0.22331
-0.012761	-0.56143	-0.0017777
0.066202	-0.063299	-0.24941
0.002101	-0.54828	0.080294
0.062553	-0.082102	-0.2748
0.04651	-0.20928	-0.33424
-0.011472	-0.45263	-0.28936
-0.013903	-0.63872	0.17475
-0.019073	-0.62638	0.14671
-0.0079422	-0.53573	0.060049
0.0021832	-0.47243	0.25161
0.084799	0.1778	-0.32896
0.073809	0.038754	0.11172
0.091852	0.20015	-0.1109
0.0040741	-0.64889	0.18784
-0.0142	-0.51615	-0.20845
-0.01129	-0.53428	0.023858
0.10411	0.21727	-0.082507
0.0040348	-0.52747	-0.1692
0.019151	-0.40085	0.27405
0.014087	-0.41571	0.24986
-0.016192	-0.5742	0.19356
0.021749	-0.37479	0.29544
0.027533	-0.33607	0.12023
0.092206	0.19127	-0.3374
0.088832	0.18557	-0.13059
0.095566	0.17239	0.08154
0.042517	-0.12926	-0.30924
0.01219	-0.32326	-0.34271
0.034081	-0.2888	-0.34381
0.043379	-0.11255	0.12242
0.10498	0.22207	0.033025
0.018721	-0.38561	0.24944
0.077848	0.00050017	-0.22806
-0.021793	-0.6064	0.13177
0.01089	-0.40009	0.3158
-0.0039107	-0.47493	0.25846
0.088742	0.20696	0.050136
-0.022553	-0.53793	0.041756
0.0069443	-0.384	0.33595
0.055762	-0.072377	0.12383
-0.014141	-0.5412	0.18174
0.055348	-0.040101	0.11845
0.003546	-0.36468	0.33202
-0.0092875	-0.55973	-0.019439
0.0022368	-0.34575	0.18927
0.045888	-0.084711	-0.27163
0.044236	-0.17776	0.15361
0.060441	0.0085581	0.11562
0.034654	-0.15774	0.15259
0.063435	0.076376	-0.19698
-0.016452	-0.54089	-0.14754
-0.031979	-0.61725	0.15996
0.077249	0.14144	0.097498
-0.02554	-0.55212	0.080414
0.007324	-0.3526	0.24405
-0.016019	-0.40311	0.35003
0.01938	-0.24514	0.12488
0.074238	0.088448	0.11151
0.092915	0.25113	-0.32303
-0.024236	-0.57335	0.1234
0.0041634	-0.42122	0.26065
-0.012811	-0.48675	0.2268
0.043944	-0.12508	0.12877
-0.023673	-0.61416	0.20172
0.036475	-0.11315	-0.30038
0.096877	0.23175	-0.32644
-0.029036	-0.5924	0.19027
-0.029719	-0.57786	0.14623
0.006087	-0.35532	0.27799
-0.02643	-0.53338	0.17526
-0.012638	-0.51116	0.20754
0.014497	-0.18583	0.14984
-0.0061219	-0.34869	0.35639
0.061505	0.12182	-0.17262
0.074182	0.20911	-0.35104
-0.0018481	-0.32784	0.15574
0.09251	0.26868	-0.29261
0.094898	0.23501	-0.30177
-0.028448	-0.37356	0.39438
0.055654	0.21282	-0.05535
-0.028481	-0.55636	0.14724
0.0032498	-0.30859	0.13396
0.09542	0.26332	-0.25135
0.04929	0.046765	-0.21489
0.094081	0.28205	-0.25418
0.071603	0.2118	-0.078223
0.077165	0.16411	-0.14954
-0.01331	-0.42187	0.29221
0.084512	0.21334	-0.12856
-0.0061451	-0.32407	0.26883
0.092279	0.27734	-0.22297
-0.025517	-0.44065	0.28422
0.079988	0.21048	-0.095504
0.049612	0.17116	0.084353
-0.050177	-0.57139	-0.0068508
0.073273	0.21832	-0.022589
-0.038513	-0.51422	0.20599
-0.052625	-0.52184	-0.20992
-0.043799	-0.54782	-0.13856
0.089732	0.25842	-0.2174
-0.037334	-0.54568	0.13976
0.09047	0.25719	-0.17341
0.050825	0.035867	0.13062
0.080334	0.21559	-0.30227
0.08023	0.20738	-0.15306
0.084059	0.23518	-0.13886
-0.018805	-0.33008	0.31849
-0.036224	-0.55554	-0.072722
0.081817	0.24658	-0.21381
-0.032075	-0.46358	0.26911
-0.0075421	-0.36338	0.36714
-0.026849	-0.37194	-0.34137
-0.033976	-0.55839	0.10675
0.032557	-0.0043237	0.13008
0.092646	0.24797	-0.2767
-0.022355	-0.3955	0.38387
0.075039	0.22804	-0.11136
0.0069145	-0.19991	-0.34283
0.07805	0.30232	-0.25923
0.038235	-0.024375	-0.23492
0.064755	0.19149	-0.3376
-0.04743	-0.55063	-0.095939
0.081793	0.27679	-0.16192
-0.016258	-0.27762	-0.35452
0.057035	0.15413	-0.16182
0.046155	0.093134	0.12773
0.055377	0.13741	0.10539
0.024994	-0.15629	-0.32556
-0.043907	-0.53203	0.1794
0.067384	0.2551	-0.33535
-0.059438	-0.56525	-0.038487
0.033369	-0.080071	0.1314
0.010195	0.12502	-0.17832
-0.019998	-0.30492	0.15845
0.075186	0.2331	-0.27185
0.068087	0.23799	-0.20811
0.063496	0.19385	-0.16777
-0.0027419	-0.13932	-0.32323
-0.044032	-0.47753	0.24383
-0.0060521	-0.059323	-0.26881
-0.0025665	-0.23262	-0.34746
0.079915	0.27858	-0.30298
0.022088	-0.0491	0.12884
-0.061424	-0.53459	0.16516
0.057715	0.20657	-0.31431
0.060601	0.23776	-0.23921
-0.020609	-0.47847	-0.25915
-0.029977	-0.29027	0.1529
-0.022451	-0.30954	0.19803
0.06821	0.28858	-0.15918
-0.044616	-0.43261	0.30492
-0.036084	-0.30012	0.18351
-0.014673	-0.21194	0.12759
-0.063017	-0.55332	0.11191
-0.065263	-0.54963	-0.1146
0.045204	0.13719	-0.17295
-0.043218	-0.54825	0.061199
0.0017961	-0.12627	-0.2936
0.041521	0.12236	0.1243
-0.067181	-0.5529	0.024985
-0.014228	-0.18277	0.13606
-0.05111	-0.42372	0.33443
-0.053842	-0.41283	-0.32457
0.070219	0.29722	-0.19129
0.07452	0.22573	-0.17811
0.059361	0.31197	-0.21389
-0.052913	-0.49873	0.23009
0.062905	0.25335	-0.12856
0.072437	0.30909	-0.22639
0.056876	0.22834	-0.093685
-0.074891	-0.54531	0.14888
-0.0074244	-0.13316	0.12796
0.0072032	0.045919	-0.22241
-0.060764	-0.41728	0.35946
0.04826	0.21142	-0.33711
-0.072255	-0.56652	-0.035623
-0.073471	-0.44349	-0.30106
0.06581	0.29437	-0.28809
-0.028736	-0.25238	0.13725
-0.076149	-0.51032	0.20853
0.022195	0.1202	0.13327
-0.098146	-0.56422	-0.052106
-0.034896	-0.31809	0.324
0.046857	0.22744	-0.27999
0.021831	0.027823	0.13928
-0.065487	-0.34329	0.37729
-0.067052	-0.48265	-0.26002
0.035945	0.19013	0.059128
-0.0873	-0.52662	-0.19819
-0.031549	-0.30245	0.22575
0.0024647	-0.0068048	0.13194
0.018953	0.060792	0.13647
0.014973	0.015397	-0.22548
-0.023054	-0.13576	-0.32626
-0.056905	-0.3959	0.4026
-0.032793	-0.15969	0.13317
0.027602	0.18579	0.10019
0.040435	0.22618	-0.195
0.037474	0.19246	-0.17307
-0.076219	-0.57502	-0.0041666
-0.06658	-0.45067	0.28358
0.043386	0.29497	-0.16567
0.028077	0.21744	-0.07605
-0.05642	-0.29738	0.20148
0.02927	0.19228	-0.0016515
-0.11298	-0.5569	0.074332
0.046475	0.29297	-0.28678
0.030638	0.1948	0.037207
-0.048561	-0.24949	-0.35311
0.033989	0.085801	-0.19787
0.048026	0.31035	-0.24351
-0.077169	-0.36314	-0.34175
-0.086104	-0.5228	0.19538
-0.084294	-0.47195	0.25029
-0.058164	-0.28821	0.16477
-0.11071	-0.56263	-0.034905
0.035421	0.25203	-0.1164
0.012186	0.096899	0.13698
-0.05372	-0.16448	-0.33731
0.018596	0.17085	0.11387
-0.018509	0.011703	-0.23946
-0.021949	-0.30966	-0.35006
-0.015297	-0.015199	-0.24548
-0.056815	-0.29542	0.24851
0.011229	0.16235	-0.16618
0.040855	0.30795	-0.21686
-0.039286	-0.19069	0.12601
-0.033818	-0.29492	0.2774
0.033031	0.24171	-0.27589
-0.076207	-0.42847	0.30884
0.036338	0.25164	-0.2972
-0.064532	-0.33135	-0.35064
-0.072653	-0.40475	0.38407
0.03184	0.2402	-0.23405
-0.065738	-0.29532	0.29361
0.018885	0.23515	-0.20241
0.021451	0.2034	0.066083
-0.0297	-0.091981	-0.28759
0.018563	0.20687	-0.17593
-0.049609	-0.27049	0.14632
-0.090301	-0.39565	-0.33023
0.0064577	0.20462	-0.041665
-0.10278	-0.50167	0.22498
-0.10947	-0.54964	0.13682
-0.068199	-0.27568	-0.3538
-0.049085	-0.21338	-0.34654
-0.018835	-0.073144	0.13478
-0.061353	-0.32014	0.32574
0.020141	0.28899	-0.25204
-0.080818	-0.41631	0.33461
-0.079474	-0.35425	0.38442
-0.036697	-0.1304	0.1271
-0.034508	-0.054788	-0.26866
-0.098921	-0.5533	-0.098815
-0.10353	-0.55386	0.030483
-0.032082	0.04078	0.13154
0.014324	0.28992	-0.18148
0.011146	0.26455	-0.22551
-0.089475	-0.4519	0.2776
-0.1025	-0.54683	-0.12191
-0.052704	-0.11417	0.1178
0.017229	0.26303	-0.13976
-0.10402	-0.45663	-0.28024
-0.10691	-0.53502	-0.17555
-0.06343	-0.29791	-0.35068
-0.014534	0.08263	0.13374
-0.11405	-0.51077	0.20363
-0.0027829	0.12547	0.13101
-0.059377	-0.239	0.13054
-0.081089	-0.29581	0.27788
-0.093456	-0.43387	0.28794
-0.08342	-0.33774	0.36406
0.0053123	0.23172	-0.17982
-0.12753	-0.56558	0.004065
-0.11445	-0.46413	0.27084
-0.12957	-0.52864	0.17897
-0.078619	-0.27823	0.14704
-0.0043682	0.2124	-0.018616
-0.092218	-0.37341	0.38292
-0.1166	-0.38263	0.36019
-0.002555	0.20202	-0.15977
-0.077278	-0.30307	0.19408
-0.076064	-0.32581	0.32269
-0.1229	-0.54589	-0.095057
-0.0050384	0.20529	0.065346
-0.052555	-0.0071125	0.12361
-0.097678	-0.40961	0.30223
-0.044075	-0.10169	-0.30946
-0.080783	-0.30913	0.30086
-0.0086928	0.20992	-0.080816
-0.0083145	0.17843	0.093548
-0.01991	0.1693	-0.15639
0.0057607	0.23555	-0.12
-0.10392	-0.41961	0.28278
-0.093952	-0.31578	0.23113
0.0078554	0.27814	-0.21353
-0.019234	0.14094	0.11262
-0.006684	0.22114	-0.13344
-0.10402	-0.33771	0.33758
-0.10341	-0.31936	0.20515
-0.099024	-0.23852	-0.34731
-0.12047	-0.50894	-0.20931
-0.045393	-0.01519	-0.24188
-0.041858	0.015564	0.12291
-0.061289	-0.06906	0.12383
-0.092701	-0.32862	0.32408
-0.095982	-0.33018	0.2949
-0.092603	-0.30824	0.17819
-0.1126	-0.18793	-0.33398
-0.0022033	0.25551	-0.16065
-0.1482	-0.5584	-0.020394
-0.096678	-0.3107	0.27446
-0.070291	-0.13614	0.15256
-0.14203	-0.54193	0.034224
-0.11521	-0.47692	0.24545
-0.13635	-0.55971	0.11291
-0.132	-0.55927	0.13746
-0.07086	-0.1585	0.15427
-0.014342	0.20681	-0.13401
-0.076459	-0.1202	0.13544
-0.029486	0.11562	-0.18047
-0.036538	0.072709	0.11995
-0.10861	-0.35624	0.35908
-0.13306	-0.57637	0.16239
-0.035965	-0.037374	0.12542
-0.031433	0.2331	0.037601
-0.070699	-0.21903	0.12278
-0.05788	0.077564	-0.1974
-0.090278	-0.17766	-0.33794
-0.13352	-0.53705	-0.13908
-0.065567	-0.07691	-0.2971
-0.068218	-0.026378	-0.24045
-0.13593	-0.33958	-0.33123
-0.13149	-0.5486	0.070712
-0.1344	-0.54119	0.17268
-0.13088	-0.36626	-0.3253
-0.15703	-0.60293	0.19097
-0.082405	-0.08183	0.10812
-0.098403	-0.1229	-0.31622
-0.029155	0.19241	-0.13706
-0.046013	0.021588	-0.22692
-0.12484	-0.39171	0.30016
-0.13931	-0.55317	-0.043712
-0.031953	0.21436	0.071454
-0.06515	-0.041754	-0.26266
-0.1346	-0.46364	0.2661
-0.023513	0.20546	-0.10477
-0.14842	-0.59852	0.15316
-0.058804	0.029861	0.10748
-0.13045	-0.42042	0.26553
-0.1353	-0.48072	0.22911
-0.048035	0.099052	0.11078
-0.036644	0.14852	0.10402
-0.12921	-0.30976	-0.33585
-0.11541	-0.3195	0.16039
-0.12872	-0.4251	-0.30075
-0.14555	-0.52711	0.18945
-0.12442	-0.40337	0.27131
-0.11113	-0.34122	0.29659
-0.13571	-0.44643	-0.27113
-0.14478	-0.53487	-0.10451
-0.058651	0.23964	0.050975
-0.15516	-0.52736	0.051726
-0.11638	-0.2569	0.12145
-0.16932	-0.61722	0.18704
-0.034184	0.2174	-0.09316
-0.047589	0.25212	-0.047215
-0.071491	0.042428	-0.2062
-0.12434	-0.29635	0.13331
-0.14887	-0.47945	-0.23171
-0.073839	-0.0039959	0.10195
-0.16072	-0.57318	0.20539
-0.15409	-0.53815	0.074077
-0.11822	-0.21792	0.13851
-0.16061	-0.52271	-0.14487
-0.064417	0.18645	0.089856
-0.15543	-0.5518	0.012055
-0.16405	-0.61052	0.14874
-0.038971	0.2398	-0.06286
-0.1281	-0.37437	0.33019
-0.15368	-0.55936	-0.012459
-0.15318	-0.56132	0.097366
-0.15998	-0.51483	0.19123
-0.14315	-0.45862	0.25302
-0.12289	-0.34355	0.24645
-0.1014	-0.14273	0.15811
-0.1273	-0.34705	0.18387
-0.15219	-0.5001	0.20567
-0.12867	-0.35928	0.28634
-0.13622	-0.38599	0.26286
-0.13381	-0.35586	0.23531
-0.15873	-0.53892	-0.070798
-0.14305	-0.22114	-0.33185
-0.09573	-0.091158	-0.29757
-0.10397	-0.082077	0.11572
-0.057441	0.1984	-0.12588
-0.065736	0.13864	-0.15779
-0.1374	-0.3733	0.26079
-0.17446	-0.59429	0.1319
-0.061255	0.16366	-0.15494
-0.024186	0.22229	0.0095533
-0.14935	-0.36822	0.17897
-0.077785	0.21603	0.074865
-0.16247	-0.5377	0.19424
-0.07284	-0.039916	0.10981
-0.16725	-0.51382	0.074898
-0.15774	-0.38643	-0.30347
-0.19296	-0.60341	0.20243
-0.09244	0.13479	0.095679
-0.1186	-0.28346	-0.34372
-0.16811	-0.50966	0.035021
-0.09859	0.01513	-0.20668
-0.15502	-0.45837	0.22702
-0.18733	-0.5772	0.11551
-0.12764	-0.099066	0.12798
-0.18728	-0.50508	-0.12099
-0.084933	0.16373	-0.14854
-0.13069	-0.24871	0.1336
-0.18041	-0.54918	0.098087
-0.16746	-0.52612	0.080509
-0.14737	-0.26935	-0.33307
-0.087657	0.069122	0.10008
-0.13832	-0.19645	0.14965
-0.17006	-0.33333	0.12315
-0.16605	-0.3847	0.22844
-0.10652	0.064353	-0.17128
-0.16872	-0.53361	-0.056454
-0.1301	-0.034928	-0.21238
-0.1751	-0.49492	0.071819
-0.19734	-0.58782	0.15197
-0.1881	-0.46927	-0.20798
-0.11111	-0.061956	0.096115
-0.16556	-0.50836	-0.1814
-0.1221	-0.12933	0.15464
-0.15227	-0.26874	0.11886
-0.18647	-0.55551	0.17677
-0.10209	0.11482	-0.15039
-0.18764	-0.48866	0.025014
-0.1235	-0.039953	-0.24532
-0.17229	-0.377	0.20533
-0.17844	-0.51289	-0.087444
-0.19794	-0.61262	0.17788
-0.19674	-0.42623	-0.23702
-0.060624	0.26415	-0.067665
-0.13201	-0.12939	-0.31181
-0.11102	-0.014435	-0.20494
-0.11782	-0.055048	-0.27196
-0.15043	-0.16073	0.15421
-0.1743	-0.42257	-0.26906
-0.084906	0.033474	0.094812
-0.18242	-0.47237	0.17368
-0.19036	-0.47359	0.040073
-0.085962	0.28359	-0.032693
-0.084914	0.24967	-0.13048
-0.18323	-0.4973	0.15984
-0.19823	-0.54452	0.12709
-0.18861	-0.51125	0.018589
-0.065898	0.2206	-0.11596
-0.20451	-0.53965	0.15746
-0.19605	-0.51732	-0.0030694
-0.10099	0.032797	-0.18956
-0.18016	-0.41384	0.20571
-0.18386	-0.50435	0.11323
-0.18681	-0.48624	0.13868
-0.11404	0.022515	0.068925
-0.16695	-0.34684	-0.31092
-0.14426	-0.12434	0.14666
-0.090186	0.18477	-0.14155
-0.16347	-0.2551	0.13185
-0.19686	-0.38247	0.14782
-0.20514	-0.44973	0.053153
-0.18334	-0.38576	0.18098
-0.081199	0.2882	-0.054289
-0.19716	-0.48716	-0.16578
-0.10231	0.29144	0.004599
-0.11543	0.056512	0.075174
-0.20281	-0.51925	0.14635
-0.19564	-0.46357	0.10742
-0.15047	-0.057193	0.065267
-0.13848	-0.021037	-0.17625
-0.21104	-0.37219	0.12827
-0.14214	-0.073573	0.10026
-0.15347	-0.17299	-0.32226
-0.10348	0.21305	0.077801
-0.10968	0.11183	0.090174
-0.19781	-0.49441	-0.062154
-0.16166	-0.10203	-0.28079
-0.11931	-0.012384	0.063655
-0.12924	0.0066509	-0.17741
-0.20059	-0.32781	0.10556
-0.19252	-0.36976	-0.28189
-0.097179	0.26426	0.048261
-0.15777	-0.14929	-0.31037
-0.12201	0.16772	0.08756
-0.10366	0.19527	-0.15
-0.11786	0.12969	-0.14094
-0.21298	-0.48468	0.0098364
-0.14376	0.053342	0.041975
-0.18479	-0.32745	-0.30347
-0.2005	-0.43893	0.14994
-0.12918	0.054829	-0.15473
-0.16926	-0.035816	0.02437
-0.22322	-0.46253	-0.16404
-0.10115	0.30781	-0.0971
-0.21389	-0.57047	0.17591
-0.21676	-0.46072	-0.08829
-0.20721	-0.60034	0.18752
-0.08572	0.26653	-0.12267
-0.20241	-0.40473	0.15169
-0.21483	-0.4872	-0.0065216
-0.15456	-0.00043672	0.013859
-0.16693	-0.084287	-0.25919
-0.16369	-0.23882	0.14393
-0.2072	-0.42934	0.11919
-0.13794	0.082055	-0.13006
-0.20976	-0.43465	0.083561
-0.15603	0.081994	0.04992
-0.18993	-0.28943	0.11374
-0.18672	-0.20231	-0.313
-0.11701	0.24479	0.068073
-0.1402	0.14396	-0.13189
-0.15672	-0.053221	-0.24679
-0.19449	-0.24383	-0.31118
-0.17895	-0.15905	0.14345
-0.10796	0.3071	-0.05812
-0.12986	0.16958	-0.1433
-0.17865	-0.10142	0.10636
-0.14754	0.026653	0.021728
-0.10267	0.26453	-0.13746
-0.21851	-0.46354	-0.036131
-0.13206	0.030218	-0.15847
-0.19694	-0.26034	0.11925
-0.14858	0.053086	-0.12471
-0.077434	0.27057	0.027204
-0.17847	-0.1175	0.12706
-0.1837	-0.30102	-0.312
-0.16327	-0.021623	0.016273
-0.23149	-0.32362	-0.26088
-0.15796	0.016494	-0.1155
-0.14674	0.099642	-0.11999
-0.22657	-0.38668	-0.23658
-0.22512	-0.38538	0.10255
-0.12028	0.28536	-0.13726
-0.1421	0.20786	0.080314
-0.17405	-0.071715	0.07404
-0.15855	0.11595	-0.11279
-0.21405	-0.47241	-0.11528
-0.17582	-0.045993	-0.21843
-0.16252	-0.026238	-0.13234
-0.23057	-0.39861	0.070651
-0.20794	-0.19272	0.13015
-0.1453	0.13461	0.078015
-0.15438	0.33527	-0.11754
-0.16205	0.027464	0.0072025
-0.25314	-0.40262	-0.082511
-0.1569	0.18241	-0.15528
-0.22216	-0.29993	-0.28251
-0.22411	-0.34992	0.11874
-0.16557	0.22865	-0.16231
-0.16837	-0.01112	-0.090739
-0.20254	-0.23657	0.13339
-0.22987	-0.34707	-0.25531
-0.17851	-0.046697	-0.16258
-0.1698	-0.011334	-0.0091672
-0.1643	0.075719	-0.096368
-0.23469	-0.45213	0.0016169
-0.15762	0.11101	0.063473
-0.21152	-0.2663	-0.29439
-0.17611	-0.027694	-0.020405
-0.25132	-0.42188	-0.14421
-0.21706	-0.44726	0.027184
-0.1837	-0.041657	-0.10181
-0.16827	0.0034025	-0.071419
-0.16887	0.041946	-0.066531
-0.17147	0.15604	-0.13108
-0.20142	-0.14958	-0.27852
-0.16208	0.063647	0.020559
-0.22691	-0.23103	0.1315
-0.13366	0.30007	0.054978
-0.23718	-0.4049	-0.20321
-0.16958	0.035691	-0.021272
-0.25484	-0.34487	0.097926
-0.17081	0.085359	-0.083018
-0.18534	-0.047076	0.0043795
-0.1982	-0.080294	-0.21744
-0.19747	-0.079238	0.050349
-0.20732	-0.11845	-0.24447
-0.15642	0.28714	0.072185
-0.19452	-0.04881	-0.027358
-0.14766	0.35071	-0.036759
-0.13522	0.24433	-0.15604
-0.22842	-0.26317	0.11241
-0.2263	-0.19806	-0.27827
-0.2488	-0.24509	-0.26196
-0.17687	0.079152	0.0016176
-0.20447	-0.052576	-0.18033
-0.13121	0.32993	-0.099326
-0.14353	0.34946	0.0074296
-0.18	0.074955	-0.050294
-0.2334	-0.17604	0.1074
-0.25766	-0.41315	-0.023213
-0.26707	-0.3996	0.002216
-0.20999	-0.058943	-0.1151
-0.18634	0.32562	-0.13767
-0.14441	0.32532	0.044594
-0.17687	0.16388	-0.14671
-0.17171	0.17422	0.065976
-0.25211	-0.39711	0.018078
-0.22583	-0.077201	-0.034931
-0.25516	-0.39939	-0.1629
-0.27737	-0.35593	0.04895
-0.18652	0.15162	0.049514
-0.21213	-0.12075	0.095743
-0.277	-0.3511	-0.1764
-0.24337	-0.31054	0.11301
-0.19538	0.1347	-0.10371
-0.1713	0.26215	0.083248
-0.24213	-0.27303	0.11036
-0.17658	0.23451	0.082675
-0.17499	0.27472	-0.1575
-0.25917	-0.29962	-0.232
-0.24905	-0.28629	-0.25463
-0.26812	-0.31407	-0.21877
-0.26483	-0.3416	0.085045
-0.22226	-0.062214	-0.14942
-0.17797	0.29767	0.075776
-0.22282	-0.068731	-0.077046
-0.26953	-0.38529	-0.086156
-0.26563	-0.40986	-0.13643
-0.25114	-0.12853	-0.19506
-0.27356	-0.20472	0.11107
-0.29048	-0.37501	-0.018489
-0.23657	-0.13049	0.053151
-0.27235	-0.37733	0.010409
-0.20306	0.12065	0.011492
-0.20107	0.10338	-0.031972
-0.2793	-0.35937	-0.14518
-0.2042	0.11109	-0.058469
-0.22841	-0.07829	-0.15992
-0.18277	0.36917	-0.10801
-0.29448	-0.31583	-0.156
-0.168	0.372	0.0020837
-0.2604	-0.36259	-0.2009
-0.2	0.11985	-0.082727
-0.25166	-0.1132	-0.008723
-0.24659	-0.2176	0.12791
-0.23825	-0.076549	-0.07928
-0.27319	-0.17492	-0.20017
-0.20334	0.19864	-0.15385
-0.2082	0.13604	0.023409
-0.29473	-0.2929	0.093468
-0.19085	0.2614	-0.15757
-0.28684	-0.34807	-0.10263
-0.27535	-0.24084	-0.22501
-0.21233	0.1641	0.048077
-0.28248	-0.25845	-0.21377
-0.27454	-0.23084	0.11706
-0.23199	0.15818	-0.12338
-0.29356	-0.36376	-0.042288
-0.25027	-0.1594	0.07614
-0.29369	-0.34454	-0.012168
-0.27026	-0.21401	-0.22775
-0.21686	0.4117	-0.063343
-0.25969	-0.14737	0.055177
-0.32872	-0.29687	0.067276
-0.17998	0.34301	-0.12892
-0.29131	-0.34958	0.024319
-0.25185	-0.09598	-0.10819
-0.30017	-0.32803	-0.11379
-0.29751	-0.27656	-0.17527
-0.22709	0.34837	0.066301
-0.27401	-0.18865	0.096112
-0.25506	-0.10425	-0.0461
-0.27387	-0.16563	0.079906
-0.30327	-0.3232	-0.015349
-0.27564	-0.11876	-0.056625
-0.25845	-0.12981	0.013925
-0.18025	0.37878	0.0097261
-0.2612	-0.12606	-0.1601
-0.26669	-0.13323	-0.11271
-0.2022	0.39117	-0.11135
-0.27068	-0.13112	-0.093922
-0.21881	0.2716	0.085387
-0.2175	0.22776	0.078523
-0.23935	0.12951	-0.040981
-0.30452	-0.33588	-0.086273
-0.22781	0.13173	-0.00064568
-0.21252	0.39556	-0.095523
-0.24601	0.32157	0.080003
-0.24466	0.13669	-0.065174
-0.2688	-0.11929	-0.015818
-0.27943	-0.27255	0.10708
-0.29013	-0.19829	-0.18573
-0.31305	-0.31863	0.0087398
-0.2215	0.15569	-0.11432
-0.24478	0.1927	0.053816
-0.19746	0.3628	0.043743
-0.28587	-0.11976	0.04267
-0.31046	-0.32956	-0.060412
-0.29847	-0.20399	-0.13671
-0.30714	-0.3008	-0.12153
-0.30891	-0.22388	0.10923
-0.19861	0.30361	-0.1469
-0.325	-0.3217	0.030471
-0.30206	-0.24466	-0.16843
-0.22239	0.39311	0.021561
-0.28911	-0.16576	-0.10991
-0.31294	-0.30026	-0.042977
-0.23054	0.39303	-0.12693
-0.31625	-0.109	-0.019473
-0.20947	0.40418	-0.017477
-0.24753	0.16201	-0.097912
-0.24902	0.14637	0.0073456
-0.3235	-0.32108	-0.077142
-0.22746	0.28223	-0.14675
-0.2505	0.17186	-0.11477
-0.30949	-0.20798	-0.11393
-0.30805	-0.24001	-0.11635
-0.31449	-0.275	-0.088315
-0.24704	0.23943	0.072588
-0.29168	-0.11151	0.017639
-0.33663	-0.20934	0.081883
-0.30849	-0.13525	0.090919
-0.24191	0.22475	-0.14076
-0.30331	-0.14971	-0.094988
-0.32534	-0.28966	-0.060396
-0.2683	0.1683	-0.092448
-0.31341	-0.12764	-0.06804
-0.342	-0.24104	0.084454
-0.26483	0.15332	-0.052519
-0.32157	-0.17844	-0.10328
-0.26634	0.21898	-0.12222
-0.30007	-0.17845	0.084452
-0.32082	-0.11104	0.066082
-0.2552	0.31871	-0.13397
-0.24759	0.26191	0.080128
-0.29736	-0.12173	-0.058741
-0.33159	-0.10365	-0.013627
-0.26968	0.15759	-0.020612
-0.22881	0.42612	-0.029756
-0.28752	0.18603	0.00019633
-0.323	-0.12616	0.091749
-0.36772	-0.28198	0.033125
-0.33918	-0.2657	-0.065946
-0.23904	0.37406	0.04778
-0.33733	-0.14198	0.081902
-0.31601	-0.14845	-0.102
-0.35722	-0.17045	0.073759
-0.2368	0.41552	0.01351
-0.35096	-0.27767	-0.0073543
-0.23987	0.41301	-0.10433
-0.27646	0.30293	0.073378
-0.28769	0.21999	0.037314
-0.34117	-0.27314	0.076575
-0.27665	0.16957	-0.075391
-0.33589	-0.22957	-0.093302
-0.25951	0.34566	0.064514
-0.25528	0.3706	-0.13754
-0.25979	0.36518	0.074091
-0.2807	0.30286	-0.11897
-0.32436	-0.12613	-0.08737
-0.35053	-0.17458	-0.099082
-0.33255	-0.10626	-0.076557
-0.24785	0.44821	-0.065662
-0.37751	-0.22193	-0.071961
-0.35937	-0.21089	-0.08861
-0.24499	0.4487	-0.0081327
-0.25767	0.40017	0.048797
-0.27848	0.25963	0.064381
-0.34116	-0.11207	0.082496
-0.33195	-0.05827	0.039109
-0.36594	-0.21695	0.061059
-0.35949	-0.25353	-0.06025
-0.25993	0.42399	0.041649
-0.2909	0.18044	-0.035339
-0.32677	-0.11091	-0.047122
-0.32795	-0.05508	-0.020485
-0.25876	0.40103	-0.12339
-0.34069	-0.098379	0.0068008
-0.33036	-0.080775	-0.029456
-0.33328	-0.061998	0.0084771
-0.24899	0.46773	-0.039036
-0.25024	0.49907	-0.028468
-0.34038	-0.08806	0.031355
-0.37237	-0.25594	-0.0094493
-0.32864	-0.094253	0.070385
-0.26342	0.46192	0.032413
-0.29691	0.28664	-0.10113
-0.30702	0.21735	-0.0063299
-0.30011	0.34844	-0.11729
-0.27855	0.45638	-0.089194
-0.36815	-0.1971	-0.092198
-0.26409	0.51149	0.016133
-0.35319	-0.07727	-0.071227
-0.28087	0.3801	0.078156
-0.27485	0.36415	-0.13311
-0.33487	-0.064939	-0.046909
-0.3736	-0.26265	0.04373
-0.287	0.32724	0.059255
-0.28053	0.34484	0.075858
-0.25819	0.52692	-0.038963
-0.35802	-0.12791	-0.084231
-0.34633	-0.052163	0.072349
-0.39542	-0.18344	0.059775
-0.26444	0.4694	-0.073579
-0.37884	-0.23292	0.039373
-0.26093	0.52309	-0.0011531
-0.35604	-0.081958	0.084235
-0.26348	0.51957	-0.063104
-0.3478	-0.029215	-0.0028364
-0.38352	-0.24616	0.0063556
-0.34437	-0.018824	0.02701
-0.28504	0.40664	0.06043
-0.30796	0.28558	0.044141
-0.39391	-0.22353	-0.042456
-0.26617	0.48858	-0.078633
-0.278	0.4321	-0.10992
-0.30403	0.23024	-0.077326
-0.37044	-0.061048	-0.047627
-0.30496	0.34009	0.069626
-0.29009	0.38334	-0.11867
-0.27075	0.55369	-0.019514
-0.31358	0.23443	-0.04101
-0.35262	-0.038033	0.096805
-0.34645	-0.0080441	0.057846
-0.39844	-0.20951	0.031375
-0.40086	-0.22166	-0.016335
-0.30839	0.3245	0.039873
-0.28263	0.50411	0.038514
-0.35516	0.0023964	0.013323
-0.29237	0.42622	0.066724
-0.36066	0.0043724	0.092622
-0.38054	-0.11665	0.084853
-0.3869	-0.17079	-0.078545
-0.28631	0.44873	0.05983
-0.32531	0.27647	0.00036606
-0.32804	0.28175	-0.039935
-0.30665	0.3961	0.067006
-0.37659	-0.060512	0.11325
-0.39744	-0.10708	-0.075813
-0.31388	0.29629	-0.082728
-0.37393	0.0021276	-0.0089671
-0.40686	-0.20908	0.011518
-0.37741	-0.036745	-0.032457
-0.28443	0.55221	0.016678
-0.28992	0.4949	-0.099059
-0.32511	0.32003	0.010249
-0.36356	0.024032	0.045529
-0.32875	0.35758	-0.091101
-0.29716	0.58224	-0.023423
-0.31057	0.36165	0.074795
-0.38313	-0.13253	-0.076956
-0.40164	-0.13584	0.073103
-0.40404	-0.19093	-0.053458
-0.38579	-0.080849	0.11547
-0.36697	-0.02409	0.11506
-0.3169	0.49581	0.057589
-0.28836	0.5525	-0.069946
-0.39373	-0.080394	-0.052334
-0.28349	0.56423	-0.049457
-0.32772	0.29411	-0.043063
-0.40844	-0.15859	-0.059054
-0.407	-0.095675	0.11387
-0.37966	0.025261	0.0062786
-0.38527	-0.017278	0.12209
-0.38255	0.0025812	0.12354
-0.30021	0.53279	0.042827
-0.30848	0.44095	-0.1067
-0.32853	0.37701	0.05929
-0.41189	-0.11331	0.10548
-0.39165	0.03657	0.11032
-0.33402	0.3251	-0.019645
-0.33439	0.33576	-0.065422
-0.39753	0.0060906	-0.028523
-0.42399	-0.11373	-0.04406
-0.42546	-0.14419	0.057673
-0.32106	0.47464	-0.111
-0.43357	-0.1552	-0.023673
-0.42963	-0.16856	0.016206
-0.34619	0.35893	0.028164
-0.34245	0.34541	0.0040061
-0.4	-0.043774	-0.042304
-0.33549	0.44146	0.075925
-0.32636	0.42669	-0.10446
-0.3128	0.58893	-0.049316
-0.33457	0.41506	-0.098067
-0.38596	0.046197	0.069878
-0.34624	0.34901	-0.040032
-0.35153	0.41022	0.067965
-0.32069	0.53964	-0.099061
-0.33811	0.56542	0.0521
-0.34138	0.47322	0.073881
-0.43392	-0.12729	0.096793
-0.3347	0.5364	0.059494
-0.34073	0.59842	-0.064609
-0.35242	0.38829	-0.077709
-0.33705	0.61163	-0.0072846
-0.42398	-0.12892	-0.056885
-0.34504	0.52487	-0.11313
-0.42086	-0.070891	-0.044523
-0.41431	0.042972	-0.027721
-0.41031	0.014279	0.13522
-0.43028	-0.10384	-0.039782
-0.44355	-0.1426	0.0072682
-0.36082	0.37283	-0.050837
-0.4116	0.066826	0.046114
-0.34496	0.51755	0.063192
-0.44257	-0.13118	-0.016706
-0.40625	-0.056436	0.1087
-0.42042	0.005489	0.12842
-0.35186	0.47702	-0.11581
-0.35976	0.61712	0.02606
-0.34993	0.37456	0.045949
-0.41822	0.07751	0.077876
-0.43922	-0.10236	0.1086
-0.36549	0.43803	-0.10993
-0.4226	0.078589	0.10997
-0.37315	0.4641	0.072512
-0.3533	0.62051	-0.044554
-0.45267	-0.14043	0.061636
-0.40517	0.032514	0.12993
-0.40951	0.051944	0.010935
-0.45293	-0.05274	0.11848
-0.43248	0.027947	-0.040839
-0.37372	0.36991	-0.01006
-0.38867	0.43111	0.056872
-0.46969	-0.081778	0.1075
-0.36694	0.57333	-0.09481
-0.48636	-0.0052943	-0.053381
-0.36912	0.50189	0.075722
-0.38428	0.40271	-0.08255
-0.3818	0.60445	0.060485
-0.49158	-0.094638	0.11512
-0.348	0.54612	-0.10609
-0.39738	0.39518	0.011001
-0.3702	0.54257	0.069714
-0.44671	0.0067821	-0.047812
-0.46482	-0.077026	-0.038497
-0.46492	-0.013038	0.13578
-0.4506	0.038056	0.14209
-0.46691	-0.13273	0.011494
-0.45804	0.077854	0.15322
-0.44162	0.082127	0.14032
-0.39165	0.49058	-0.11257
-0.47119	-0.12401	0.09484
-0.43879	0.061541	-0.020439
-0.4864	-0.1234	0.031709
-0.39803	0.38968	-0.041753
-0.36825	0.53054	0.074372
-0.49192	-0.12565	0.063694
-0.4455	0.085374	0.041585
-0.38028	0.54986	-0.10664
-0.4148	0.40448	-0.041824
-0.37937	0.57958	0.067837
-0.48726	0.032151	-0.039302
-0.41776	0.43856	0.023726
-0.49787	-0.096291	-0.0076602
-0.44486	0.10186	0.094035
-0.40878	0.45703	-0.10187
-0.40699	0.42583	-0.090399
-0.46869	-0.10294	-0.024126
-0.37903	0.61661	-0.066729
-0.45541	0.10702	0.1232
-0.39342	0.46706	0.067731
-0.48598	-0.028908	-0.050575
-0.42414	0.42571	-0.077376
-0.51528	-0.041917	0.13128
-0.4696	0.1063	0.062856
-0.47298	0.1113	0.1418
-0.40102	0.49821	0.069882
-0.48048	0.11651	0.093316
-0.39503	0.64906	-0.04226
-0.39848	0.63774	0.045779
-0.42867	0.49119	0.047373
-0.47426	0.068809	-0.013517
-0.50719	-0.10123	0.10661
-0.48225	0.051892	0.15324
-0.37383	0.63939	-0.029135
-0.53079	-0.095131	0.090432
-0.5075	-0.10532	0.023648
-0.40382	0.54564	0.077081
-0.39935	0.6564	0.0029402
-0.42515	0.41323	-0.019166
-0.4981	-0.042055	-0.040887
-0.46866	0.084333	0.0094647
-0.48356	0.080697	0.14915
-0.42628	0.51816	0.063729
-0.41329	0.57825	0.077594
-0.4488	0.45167	-0.055432
-0.52158	0.023865	0.15442
-0.4561	0.51958	0.032937
-0.49684	0.097195	0.048864
-0.5336	-0.088063	0.050878
-0.42997	0.47149	-0.092656
-0.44625	0.56737	-0.078887
-0.53729	-0.051843	0.145
-0.54107	0.0090722	-0.019992
-0.42579	0.6273	-0.066455
-0.48943	0.11786	0.11507
-0.4992	0.11124	0.14203
-0.49426	0.083553	0.01045
-0.52116	0.066158	-0.00070563
-0.41676	0.64546	0.059442
-0.43212	0.52754	-0.088663
-0.45811	0.4876	0.020855
-0.4257	0.61828	0.074483
-0.52994	-0.070749	0.0082245
-0.49946	0.072667	0.15558
-0.53689	-0.063826	0.13374
-0.52642	-0.01335	-0.028614
-0.50055	0.12435	0.095506
-0.4672	0.49019	0.0098453
-0.4462	0.59378	-0.07507
-0.4443	0.65147	-0.051769
-0.511	0.13218	0.12004
-0.41889	0.67045	0.025924
-0.53373	0.050335	0.15832
-0.43576	0.66901	-0.031095
-0.43844	0.59296	0.084873
-0.53404	0.03386	-0.018792
-0.43894	0.57728	0.075885
-0.46254	0.47188	-0.016487
-0.42473	0.63377	0.15088
-0.42972	0.62305	0.17215
-0.53314	-0.0049133	0.1479
-0.43148	0.61314	0.13855
-0.52328	0.071895	0.018745
-0.50955	0.12076	0.079062
-0.42951	0.64133	0.10713
-0.55096	-0.029287	0.0092983
-0.43915	0.60368	0.11739
-0.54978	-0.059308	0.03283
-0.53082	0.16061	0.10007
-0.46014	0.56777	0.069128
-0.55654	-0.066902	0.070076
-0.45589	0.58097	0.10071
-0.45784	0.57892	0.12978
-0.4324	0.65339	0.16167
-0.47329	0.50195	-0.038722
-0.47221	0.55328	0.053964
-0.43303	0.6701	0.07215
-0.4735	0.54819	-0.053787
-0.51874	0.12193	0.14016
-0.56364	-0.043902	0.12868
-0.54824	-0.020211	0.15892
-0.535	0.14506	0.066515
-0.4517	0.67894	0.15095
-0.53929	0.086858	0.055185
-0.46715	0.64713	-0.054124
-0.56245	0.1035	0.15114
-0.44597	0.67618	0.10896
-0.46454	0.71044	0.050982
-0.47869	0.53575	0.01348
-0.46022	0.60503	0.18547
-0.56006	0.0025338	-0.0038135
-0.46084	0.67706	0.15841
-0.5547	0.0099467	0.15633
-0.42717	0.6755	-0.0125
-0.55584	0.047004	0.029764
-0.57657	-0.023683	0.046664
-0.4758	0.64942	0.1865
-0.46253	0.71804	-0.0049006
-0.52883	0.10469	0.062532
-0.55128	0.039809	0.00038611
-0.46323	0.67043	-0.050448
-0.47703	0.60475	0.19666
-0.54672	0.16951	0.12576
-0.57447	-0.039122	0.096077
-0.57015	-0.0034381	0.022632
-0.46814	0.69769	0.10322
-0.57699	-0.033379	0.068491
-0.5667	-0.0092865	0.15072
-0.56319	0.063995	0.052141
-0.4747	0.57005	0.16513
-0.48029	0.58419	-0.052623
-0.48973	0.54003	-0.015197
-0.47477	0.61529	-0.054445
-0.54832	0.18822	0.10178
-0.57672	0.0083594	0.036629
-0.48664	0.55515	-0.037212
-0.47572	0.72713	-0.03591
-0.49289	0.56098	0.034724
-0.4895	0.55813	0.12922
-0.48747	0.56138	0.19581
-0.55848	0.1586	0.14109
-0.57978	-0.011836	0.13042
-0.48938	0.55731	0.0079377
-0.50453	0.58691	0.22951
-0.55307	0.15632	0.062983
-0.48771	0.5912	-0.037966
-0.57696	0.21065	0.13093
-0.48186	0.56185	0.075014
-0.48296	0.66386	0.16046
-0.46504	0.62618	0.21171
-0.49312	0.57259	-0.015685
-0.50883	0.5439	0.11456
-0.59183	0.029902	0.14752
-0.49836	0.59657	0.21606
-0.48286	0.73291	-0.02044
-0.47965	0.68752	0.12367
-0.50491	0.56603	0.051856
-0.49067	0.63773	-0.049986
-0.55368	0.18206	0.073772
-0.58418	0.031141	0.056343
-0.56332	0.2116	0.10907
-0.59283	0.00074066	0.10623
-0.52027	0.55527	0.17145
-0.48795	0.7303	0.00026845
-0.56579	0.20718	0.091987
-0.49737	0.61275	0.20575
-0.59617	0.018331	0.075728
-0.58357	0.048283	0.15457
-0.56811	0.18011	0.068109
-0.47247	0.69908	-0.054819
-0.4844	0.70639	0.071856
-0.50362	0.61029	-0.027466
-0.51274	0.56657	0.23038
-0.50498	0.72124	-0.059715
-0.50252	0.69103	-0.065899
-0.60022	0.015537	0.13173
-0.59743	0.041488	0.064033
-0.51779	0.5607	0.072298
-0.60569	0.011004	0.10588
-0.49564	0.7205	0.025611
-0.50575	0.58055	0.0076213
-0.49869	0.73178	-0.042448
-0.58605	0.092895	0.055068
-0.61266	0.10019	0.15563
-0.53214	0.5418	0.148
-0.50354	0.69649	0.056843
-0.58965	0.19093	0.14306
-0.52416	0.61382	0.18269
-0.52349	0.5881	0.21629
-0.59318	0.19248	0.077264
-0.5265	0.64239	-0.040638
-0.60027	0.1329	0.062894
-0.51845	0.72357	-0.029916
-0.54415	0.58187	0.065472
-0.53988	0.56775	0.18888
-0.55596	0.54279	0.17569
-0.55693	0.67281	0.0032491
-0.63936	0.093498	0.15786
-0.53239	0.64412	0.10232
-0.59436	0.22915	0.1145
-0.53727	0.54067	0.11621
-0.55147	0.60057	0.054681
-0.62794	0.16354	0.082303
-0.54869	0.58236	0.18041
-0.59942	0.22509	0.13267
-0.6439	0.034065	0.088391
-0.52729	0.71671	-0.05503
-0.61225	0.12749	0.15061
-0.55186	0.53746	0.15541
-0.52763	0.59095	0.0218
-0.55705	0.66596	-0.021125
-0.55848	0.59715	0.15207
-0.54376	0.68886	-0.049391
-0.55132	0.6243	0.020667
-0.55862	0.55056	0.11049
-0.64333	0.037779	0.15011
-0.63968	0.02587	0.12522
-0.62428	0.17317	0.14953
-0.61906	0.18756	0.092566
-0.64915	0.086277	0.071479
-0.56581	0.56539	0.1004
-0.62562	0.19696	0.13816
-0.64641	0.049977	0.07482
-0.62438	0.20031	0.1142
-0.57429	0.55578	0.14641
-0.67696	0.060134	0.16186
-0.56401	0.64043	0.0539
-0.55219	0.68697	-0.025261
-0.565	0.63508	0.045993
-0.57051	0.62205	0.085843
-0.57769	0.59812	0.094957
-0.56797	0.55931	0.1736
-0.68204	0.044484	0.15122
-0.66841	0.09098	0.15636
-0.65159	0.16138	0.15159
-0.58718	0.5711	0.14707
-0.65288	0.21735	0.159
-0.68025	0.089949	0.10899
-0.67965	0.11448	0.10842
-0.67488	0.1207	0.15978
-0.6653	0.21105	0.16774
-0.65198	0.20541	0.12973
-0.68283	0.056403	0.10162
-0.66478	0.16116	0.11999
-0.67903	0.035751	0.12523
-0.695	0.058931	0.16652
-0.66612	0.16392	0.13321
-0.66944	0.19099	0.15732
-0.67255	0.21239	0.15941
-0.67865	0.1505	0.14771
-0.7029	0.053051	0.1512
-0.68554	0.086404	0.13983
-0.68234	0.10655	0.14816
-0.68935	0.13518	0.15421
-0.12774	0.31897	0.027688
-0.18604	-0.62154	0.1946
-0.003966	-0.59954	0.2055
-0.14861	-0.35711	0.16218
