3	1605	1621	1636
3	1636	1621	1653
3	1865	1883	1903
3	221	267	251
3	267	301	329
3	329	301	342
3	357	373	378
3	1397	1410	1457
3	1469	1457	1471
3	1471	1520	1530
3	1630	1667	1650
3	1650	1667	1690
3	443	498	492
3	492	531	577
3	1545	1530	1543
3	1530	1545	1519
3	384	432	452
3	1462	1551	1540
3	1551	1526	1595
3	274	255	307
3	320	278	333
3	1917	1894	1957
3	1958	1974	1986
3	1986	1974	1992
3	178	152	189
3	244	225	274
3	234	207	269
3	269	244	295
3	244	274	295
3	295	274	307
3	269	295	325
3	307	278	320
3	295	307	325
3	307	320	325
3	301	325	343
3	343	325	320
3	343	320	373
3	320	333	373
3	333	359	373
3	654	630	696
3	703	696	764
3	696	757	764
3	703	764	846
3	764	757	860
3	846	764	860
3	827	757	837
3	757	827	860
3	827	837	929
3	827	929	969
3	860	827	969
3	929	1044	969
3	846	860	969
3	993	969	1049
3	1049	969	1058
3	1058	969	1102
3	969	1044	1102
3	1117	1049	1058
3	1117	1058	1135
3	1049	1117	1110
3	1058	1102	1135
3	1117	1135	1192
3	1110	1117	1212
3	1183	1110	1231
3	1110	1212	1231
3	1117	1192	1212
3	1231	1212	1264
3	1192	1279	1212
3	1264	1212	1332
3	1212	1279	1324
3	1212	1324	1332
3	1605	1636	1652
3	1662	1653	1663
3	1636	1653	1662
3	1652	1636	1706
3	1652	1706	1660
3	1636	1662	1706
3	1706	1662	1707
3	1706	1707	1736
3	1720	1706	1736
3	1720	1736	1764
3	1720	1764	1724
3	1793	1724	1764
3	1764	1736	1822
3	1736	1787	1822
3	1764	1822	1842
3	1793	1764	1842
3	1822	1787	1854
3	1776	1806	1841
3	1806	1793	1841
3	1842	1822	1854
3	1793	1842	1841
3	1841	1842	1869
3	1842	1854	1869
3	1865	1841	1883
3	1841	1869	1883
3	1883	1869	1894
3	1883	1894	1917
3	1903	1883	1917
3	1903	1917	1920
3	1920	1917	1958
3	1917	1957	1958
3	138	127	182
3	127	152	199
3	152	178	199
3	182	127	199
3	178	189	207
3	214	182	199
3	199	178	207
3	226	199	207
3	214	199	221
3	221	199	226
3	226	207	234
3	221	226	267
3	267	226	290
3	226	234	290
3	290	234	269
3	301	267	290
3	290	269	325
3	290	325	301
3	301	343	342
3	357	342	343
3	357	343	373
3	580	605	621
3	621	605	654
3	621	654	644
3	605	630	654
3	644	654	705
3	654	703	705
3	654	696	703
3	692	705	748
3	692	748	780
3	748	705	844
3	705	703	844
3	844	703	846
3	748	844	869
3	780	748	869
3	869	844	846
3	780	869	950
3	869	958	950
3	869	846	993
3	993	846	969
3	958	869	993
3	1024	958	993
3	950	958	1024
3	950	1024	1124
3	1024	993	1115
3	993	1049	1110
3	993	1110	1115
3	1124	1024	1171
3	1024	1115	1171
3	1115	1110	1183
3	1171	1115	1220
3	1220	1115	1183
3	1220	1183	1245
3	1245	1183	1231
3	1220	1245	1310
3	1245	1231	1264
3	1321	1245	1264
3	1310	1245	1321
3	1321	1264	1332
3	1310	1321	1348
3	1321	1332	1397
3	1332	1324	1410
3	1321	1397	1348
3	1397	1332	1410
3	1397	1457	1469
3	1630	1605	1652
3	1630	1652	1660
3	1630	1660	1667
3	1667	1660	1690
3	1660	1706	1712
3	1660	1712	1690
3	1712	1706	1724
3	1690	1712	1730
3	1717	1690	1742
3	1690	1730	1742
3	1712	1724	1730
3	1048	876	983
3	1742	1730	1773
3	1730	1724	1793
3	1773	1730	1793
3	1773	1793	1806
3	1776	1773	1806
3	432	443	465
3	465	443	492
3	499	492	577
3	577	531	580
3	577	580	600
3	598	577	600
3	598	600	650
3	600	580	621
3	600	621	644
3	600	644	650
3	650	644	692
3	650	692	726
3	692	644	705
3	726	692	780
3	726	772	740
3	726	780	772
3	780	854	772
3	854	780	950
3	772	854	950
3	879	772	945
3	772	950	976
3	945	772	976
3	945	976	1037
3	1037	976	1066
3	976	950	1066
3	1066	950	1124
3	1037	1066	1074
3	1074	1066	1161
3	1074	1161	1166
3	1066	1124	1161
3	1161	1124	1171
3	1166	1161	1232
3	1161	1171	1215
3	1215	1171	1266
3	1171	1310	1266
3	1161	1215	1232
3	1310	1171	1220
3	1215	1266	1232
3	1266	1310	1329
3	1232	1266	1329
3	1329	1310	1358
3	1358	1310	1348
3	1315	1329	1389
3	1329	1358	1375
3	1358	1348	1375
3	1389	1329	1375
3	1375	1348	1443
3	1428	1348	1397
3	1375	1443	1454
3	1443	1348	1428
3	1389	1375	1454
3	1415	1389	1454
3	1454	1443	1428
3	1428	1397	1469
3	1489	1454	1499
3	1454	1428	1499
3	1428	1469	1499
3	1469	1471	1530
3	1519	1469	1530
3	1499	1469	1519
3	1526	1499	1519
3	1526	1519	1569
3	452	432	465
3	452	465	475
3	475	465	499
3	499	465	492
3	555	475	499
3	499	577	555
3	564	555	581
3	555	577	581
3	581	577	598
3	581	598	649
3	636	581	649
3	598	650	657
3	649	598	657
3	657	678	649
3	691	657	650
3	657	691	678
3	691	650	740
3	650	726	740
3	691	740	820
3	691	820	791
3	820	740	879
3	740	772	879
3	1166	1232	1287
3	1221	1166	1287
3	1287	1232	1315
3	1278	1221	1287
3	1232	1329	1315
3	1287	1315	1389
3	1355	1287	1412
3	1287	1389	1415
3	1412	1287	1415
3	1412	1415	1489
3	1379	1412	1448
3	1421	1379	1448
3	1412	1489	1448
3	1489	1415	1454
3	1421	1448	1462
3	1448	1489	1499
3	1448	1499	1551
3	1499	1526	1551
3	1462	1448	1551
3	564	581	638
3	606	564	638
3	581	636	638
3	606	638	660
3	660	638	662
3	662	638	674
3	638	636	674
3	281	305	311
3	300	281	311
3	281	294	305
3	294	287	305
3	235	281	300
3	281	191	294
3	235	191	281
3	191	233	294
3	194	233	191
3	191	157	194
3	1749	1792	1810
3	1795	1749	1810
3	1792	1741	1801
3	1749	1741	1792
3	1725	1749	1795
3	1725	1731	1749
3	1741	1749	1696
3	1749	1731	1696
3	1725	1687	1731
3	1687	1696	1731
3	1687	1643	1696
3	1655	1687	1692
3	1655	1643	1687
3	1655	1606	1643
3	322	293	330
3	293	271	300
3	271	235	300
3	322	271	293
3	266	271	322
3	213	271	266
3	213	235	271
3	198	235	213
3	198	191	235
3	193	198	213
3	157	191	198
3	155	198	193
3	155	157	198
3	155	108	157
3	108	130	157
3	1846	1899	1916
3	1795	1810	1846
3	1759	1725	1795
3	1759	1692	1725
3	1692	1687	1725
3	266	322	250
3	250	193	266
3	241	188	250
3	193	213	266
3	188	193	250
3	188	158	193
3	158	155	193
3	128	158	188
3	158	118	155
3	126	118	158
3	126	103	118
3	118	108	155
3	45	35	69
3	1948	1916	1954
3	1915	1916	1948
3	1923	1915	1948
3	1916	1932	1954
3	1916	1899	1932
3	1923	1878	1915
3	1911	1916	1915
3	1878	1911	1915
3	1862	1846	1916
3	1911	1862	1916
3	65	45	107
3	55	45	65
3	41	45	55
3	31	45	41
3	45	31	35
3	909	1009	1029
3	825	793	909
3	1218	1333	1320
3	1218	1151	1333
3	1207	1151	1218
3	1098	1042	1207
3	1042	1151	1207
3	1029	1130	1151
3	1062	1029	1151
3	1029	1009	1130
3	1042	1062	1151
3	1042	1019	1062
3	1006	1019	1042
3	1019	1029	1062
3	1006	921	1019
3	1019	909	1029
3	921	825	1019
3	826	825	921
3	825	909	1019
3	826	766	825
3	825	766	793
3	784	766	826
3	717	766	784
3	717	727	766
3	1190	1316	1280
3	1316	1218	1320
3	1190	1218	1316
3	1106	1190	1280
3	1098	1207	1190
3	1190	1207	1218
3	1190	1106	1098
3	1043	1106	1126
3	1106	1043	1098
3	1043	1006	1098
3	1006	1042	1098
3	938	1006	1043
3	938	921	1006
3	915	938	1043
3	784	826	921
3	784	921	938
3	915	802	938
3	802	784	938
3	717	784	802
3	756	717	802
3	756	683	717
3	679	683	756
3	658	727	717
3	658	717	683
3	1290	1316	1373
3	1280	1316	1290
3	1284	1242	1290
3	1242	1280	1290
3	1242	1106	1280
3	1242	1136	1106
3	1136	1126	1106
3	1136	1016	1126
3	1016	1043	1126
3	1136	991	1016
3	1085	991	1136
3	915	1043	1016
3	991	925	1016
3	925	915	1016
3	935	925	991
3	824	925	935
3	925	802	915
3	925	723	802
3	723	925	824
3	723	756	802
3	723	679	756
3	639	683	679
3	1284	1244	1242
3	1244	1136	1242
3	1191	1136	1244
3	1128	1191	1244
3	1142	1128	1244
3	1128	1085	1191
3	1085	1136	1191
3	1050	1085	1128
3	1035	1085	1050
3	955	991	1035
3	843	955	1035
3	937	843	1035
3	955	862	935
3	843	862	955
3	862	824	935
3	801	862	843
3	801	794	862
3	794	824	862
3	763	794	801
3	794	723	824
3	763	723	794
3	672	723	763
3	937	1035	1050
3	981	1031	1026
3	981	943	1031
3	932	943	981
3	1023	1093	1054
3	1046	1055	1093
3	1023	1046	1093
3	1046	1028	1055
3	1028	1026	1055
3	1031	1033	1055
3	1031	1055	1026
3	1023	1008	1046
3	999	1023	1054
3	1033	1031	995
3	1031	933	995
3	943	933	1031
3	966	916	1008
3	966	963	961
3	966	882	916
3	920	966	961
3	920	888	966
3	932	906	943
3	906	933	943
3	912	906	932
3	888	882	966
3	912	897	906
3	880	897	912
3	899	888	920
3	897	888	899
3	880	888	897
3	880	882	888
3	999	963	1023
3	1023	966	1008
3	963	966	1023
3	872	808	918
3	821	808	872
3	972	1026	1028
3	1028	927	972
3	972	981	1026
3	942	981	972
3	918	942	972
3	927	872	972
3	942	901	981
3	901	932	981
3	872	918	972
3	918	808	942
3	856	872	927
3	863	872	856
3	901	912	932
3	901	875	912
3	901	821	875
3	863	821	872
3	821	863	875
3	808	821	901
3	1004	1028	1046
3	1008	1004	1046
3	1004	927	1028
3	1008	975	1004
3	916	975	1008
3	975	927	1004
3	975	939	927
3	916	939	975
3	939	856	927
3	916	874	939
3	916	882	874
3	874	856	939
3	880	912	882
3	882	912	874
3	875	874	912
3	863	874	875
3	874	863	856
3	1316	1320	1390
3	1320	1365	1391
3	594	642	683
3	642	574	658
3	561	574	642
3	594	561	642
3	561	560	574
3	561	525	560
3	1427	1373	1445
3	1373	1390	1445
3	1427	1384	1373
3	1373	1316	1390
3	1284	1373	1384
3	1284	1290	1373
3	643	639	679
3	639	594	683
3	594	639	643
3	589	567	594
3	567	561	594
3	1382	1384	1427
3	1345	1382	1393
3	1382	1309	1384
3	1309	1284	1384
3	1345	1309	1382
3	1319	1309	1345
3	1244	1309	1319
3	1309	1244	1284
3	1236	1244	1319
3	664	672	729
3	645	672	664
3	672	645	643
3	645	594	643
3	589	594	645
3	611	590	645
3	590	589	645
3	1345	1236	1319
3	1360	1225	1345
3	1225	1236	1345
3	1209	1277	1286
3	1243	1225	1277
3	1209	1243	1277
3	1243	1129	1225
3	1225	1129	1236
3	1129	1243	1209
3	1129	1142	1236
3	1100	1129	1209
3	1138	1100	1209
3	1129	1050	1142
3	1100	1050	1129
3	1018	1100	1138
3	1018	1020	1100
3	1020	1050	1100
3	917	937	1020
3	990	917	1020
3	768	799	917
3	799	937	917
3	830	768	917
3	799	843	937
3	799	801	843
3	768	733	799
3	799	729	801
3	733	729	799
3	731	733	768
3	731	690	733
3	667	733	690
3	664	729	733
3	667	664	733
3	698	690	731
3	611	645	664
3	611	664	667
3	602	611	667
3	1298	1258	1328
3	1258	1286	1328
3	1223	1258	1298
3	1258	1209	1286
3	1125	1223	1234
3	1223	1165	1258
3	1165	1209	1258
3	1165	1223	1125
3	1138	1209	1165
3	1125	1138	1165
3	970	1138	1125
3	970	1018	1138
3	1018	970	1020
3	970	990	1020
3	970	881	990
3	847	970	1007
3	881	830	990
3	847	881	970
3	830	917	990
3	745	830	881
3	847	745	881
3	746	745	847
3	731	768	745
3	699	745	746
3	745	698	731
3	698	745	699
3	1323	1403	1353
3	1194	1125	1234
3	1118	1125	1194
3	1118	1194	1197
3	930	1118	1197
3	1089	930	1197
3	1118	930	1125
3	930	970	1125
3	1007	970	930
3	953	930	1022
3	930	847	1007
3	953	871	930
3	930	871	847
3	787	847	871
3	747	787	871
3	787	746	847
3	746	787	747
3	747	699	746
3	1512	1446	1521
3	1449	1446	1512
3	1449	1356	1446
3	1356	1353	1446
3	1353	1403	1446
3	1388	1356	1449
3	1292	1353	1356
3	1388	1292	1356
3	1292	1323	1353
3	1251	1292	1388
3	1251	1265	1292
3	1137	1089	1197
3	1078	1089	1137
3	1078	1137	1116
3	1116	1095	1078
3	1078	1022	1089
3	1022	930	1089
3	1036	1022	1078
3	1070	1036	1078
3	1033	1036	1070
3	995	1036	1033
3	995	996	1036
3	1036	996	1022
3	922	953	1022
3	996	922	1022
3	934	922	996
3	995	962	996
3	962	934	996
3	922	871	953
3	962	902	934
3	884	922	934
3	902	884	934
3	884	871	922
3	902	822	884
3	822	871	884
3	822	752	871
3	752	747	871
3	1532	1587	1593
3	1532	1557	1587
3	1532	1521	1557
3	1555	1532	1593
3	1555	1512	1532
3	1500	1512	1555
3	1532	1512	1521
3	1500	1449	1512
3	1417	1449	1500
3	1401	1417	1500
3	1417	1388	1449
3	1340	1417	1401
3	1340	1388	1417
3	1340	1401	1350
3	1326	1388	1340
3	1326	1251	1388
3	1305	1251	1326
3	1095	1070	1078
3	1095	1107	1070
3	1054	1093	1107
3	1090	1107	1095
3	1059	1107	1090
3	1059	1054	1107
3	1059	999	1054
3	1014	999	1059
3	947	999	1014
3	965	947	1014
3	947	961	999
3	933	962	995
3	965	920	947
3	903	920	965
3	903	899	920
3	906	962	933
3	906	899	962
3	897	899	906
3	899	902	962
3	902	899	903
3	886	902	903
3	512	609	530
3	458	512	530
3	509	530	544
3	509	458	530
3	466	458	509
3	441	466	509
3	441	406	466
3	1665	1683	1681
3	1665	1618	1683
3	1618	1593	1587
3	1575	1618	1665
3	1555	1593	1618
3	1575	1555	1618
3	1548	1506	1575
3	1555	1575	1506
3	1478	1506	1548
3	1401	1500	1555
3	1506	1401	1555
3	1463	1401	1506
3	1437	1463	1506
3	1478	1437	1506
3	1350	1463	1437
3	1350	1401	1463
3	484	441	509
3	430	368	441
3	368	413	441
3	413	406	441
3	406	334	348
3	334	406	413
3	368	334	413
3	305	287	334
3	1741	1756	1791
3	1741	1713	1756
3	1696	1708	1741
3	1708	1713	1741
3	1708	1681	1713
3	1681	1683	1713
3	1696	1674	1708
3	1674	1681	1708
3	1674	1665	1681
3	1643	1674	1696
3	1643	1588	1674
3	1588	1665	1674
3	1614	1575	1665
3	1588	1614	1665
3	1613	1588	1643
3	1588	1575	1614
3	1548	1575	1588
3	369	368	430
3	369	311	368
3	311	334	368
3	293	311	369
3	300	311	293
3	311	305	334
3	1741	1791	1801
3	642	658	683
3	643	679	723
3	1236	1142	1244
3	729	763	801
3	729	672	763
3	672	643	723
3	1142	1050	1128
3	937	1050	1020
3	1093	1070	1107
3	1055	1070	1093
3	1055	1033	1070
3	947	920	961
3	478	508	505
3	473	485	508
3	478	473	508
3	473	462	485
3	448	454	478
3	454	473	478
3	473	445	462
3	454	445	473
3	454	428	445
3	445	429	462
3	428	429	445
3	999	961	963
3	428	375	429
3	395	428	414
3	395	375	428
3	1649	1659	1637
3	1649	1631	1659
3	1599	1631	1649
3	1559	1589	1631
3	1599	1559	1631
3	1558	1559	1599
3	1559	1528	1589
3	1528	1563	1589
3	1558	1544	1559
3	1544	1528	1559
3	1525	1522	1558
3	1522	1528	1544
3	1528	1504	1514
3	1522	1504	1528
3	1504	1497	1514
3	1525	1479	1522
3	1479	1504	1522
3	1479	1477	1504
3	1477	1497	1504
3	1477	1476	1497
3	1485	1478	1548
3	1618	1587	1683
3	406	458	466
3	530	609	623
3	886	903	914
3	1305	1326	1340
3	1301	1340	1350
3	458	459	497
3	458	497	512
3	886	822	902
3	1193	1137	1197
3	1214	1193	1197
3	1255	1265	1251
3	1292	1265	1323
3	1446	1455	1521
3	1323	1372	1403
3	1403	1455	1446
3	652	690	698
3	690	668	667
3	1360	1345	1393
3	550	561	567
3	1419	1335	1418
3	1756	1713	1757
3	308	352	340
3	562	634	528
3	528	634	709
3	1250	1270	1322
3	1250	1322	1272
3	1394	1301	1350
3	1272	1322	1387
3	1387	1322	1394
3	1322	1301	1394
3	1387	1394	1437
3	1394	1350	1437
3	1387	1437	1485
3	1460	1387	1485
3	1485	1437	1478
3	1587	1646	1683
3	1683	1646	1693
3	1646	1670	1685
3	1646	1685	1693
3	1693	1685	1702
3	1683	1693	1728
3	1713	1683	1728
3	1693	1702	1728
3	1728	1702	1745
3	1713	1728	1757
3	1728	1763	1757
3	1728	1745	1763
3	1745	1750	1763
3	1763	1750	1786
3	1786	1750	1780
3	327	340	391
3	340	371	391
3	348	327	417
3	391	371	410
3	327	391	417
3	417	391	437
3	406	348	417
3	417	437	406
3	406	437	458
3	437	459	458
3	599	544	530
3	562	544	634
3	544	599	634
3	599	530	623
3	634	599	711
3	599	623	711
3	709	634	711
3	709	711	777
3	777	711	814
3	711	782	814
3	711	623	782
3	814	782	883
3	777	814	877
3	883	782	890
3	782	810	890
3	814	883	877
3	810	822	886
3	890	810	914
3	810	886	914
3	890	914	967
3	890	967	883
3	914	903	965
3	967	914	965
3	967	965	1014
3	877	883	1000
3	883	967	1000
3	967	1014	1000
3	1039	1000	1087
3	1000	1014	1090
3	1014	1059	1090
3	1000	1090	1087
3	1090	1095	1087
3	1039	1087	1176
3	1087	1144	1163
3	1087	1163	1176
3	1176	1163	1255
3	1164	1176	1241
3	1164	1241	1270
3	1241	1176	1251
3	1176	1255	1251
3	1241	1251	1305
3	1241	1305	1301
3	1241	1301	1270
3	1301	1305	1340
3	1557	1585	1587
3	1585	1615	1638
3	1638	1615	1634
3	1646	1587	1638
3	1587	1585	1638
3	1638	1634	1658
3	1638	1658	1670
3	1646	1638	1670
3	437	391	410
3	437	410	459
3	410	435	446
3	410	446	459
3	446	435	456
3	459	446	488
3	446	456	488
3	459	489	497
3	459	488	489
3	488	456	483
3	488	483	517
3	517	483	523
3	488	517	489
3	512	497	489
3	523	483	572
3	483	546	572
3	517	512	489
3	572	546	617
3	517	523	601
3	523	572	601
3	546	592	617
3	512	517	651
3	609	512	651
3	517	601	651
3	572	617	601
3	609	651	673
3	609	673	623
3	651	601	673
3	601	617	747
3	673	601	747
3	617	688	747
3	673	747	752
3	623	673	782
3	673	752	782
3	782	752	822
3	810	782	822
3	1087	1095	1144
3	1095	1116	1144
3	1144	1116	1137
3	1163	1144	1193
3	1144	1137	1193
3	1163	1193	1255
3	1193	1214	1255
3	1255	1214	1265
3	1455	1513	1521
3	1521	1513	1529
3	1513	1524	1529
3	1521	1529	1557
3	1557	1529	1585
3	1615	1529	1524
3	1529	1615	1585
3	592	595	627
3	617	592	670
3	592	627	659
3	592	659	670
3	617	670	688
3	670	659	688
3	688	659	699
3	688	699	747
3	1214	1197	1194
3	1293	1194	1234
3	1293	1214	1194
3	1214	1293	1318
3	1293	1234	1312
3	1234	1298	1312
3	1214	1318	1323
3	1265	1214	1323
3	1318	1293	1343
3	1312	1337	1293
3	1343	1293	1337
3	1372	1323	1318
3	1337	1380	1343
3	1337	1362	1380
3	1413	1343	1380
3	1318	1343	1372
3	1343	1413	1372
3	1372	1413	1492
3	1403	1492	1455
3	1706	1720	1724
3	1413	1441	1492
3	1492	1441	1487
3	1492	1487	1509
3	1492	1509	1455
3	1455	1509	1524
3	1513	1455	1524
3	1524	1509	1552
3	604	626	640
3	607	640	627
3	640	626	652
3	627	640	652
3	627	652	699
3	659	627	699
3	652	698	699
3	1234	1223	1298
3	1298	1328	1330
3	1328	1286	1336
3	1330	1328	1336
3	1312	1298	1330
3	1312	1330	1362
3	1362	1330	1371
3	1337	1312	1362
3	585	548	587
3	576	548	585
3	587	602	585
3	602	587	611
3	576	585	626
3	652	626	668
3	585	602	667
3	626	585	668
3	585	667	668
3	690	652	668
3	1286	1277	1336
3	1277	1225	1360
3	1346	1277	1360
3	1336	1277	1346
3	1369	1346	1360
3	1369	1360	1400
3	1400	1360	1393
3	1400	1393	1422
3	533	537	547
3	547	537	567
3	537	541	567
3	547	567	573
3	548	547	573
3	587	548	573
3	573	567	589
3	573	589	590
3	587	573	590
3	587	590	611
3	1393	1382	1436
3	1382	1427	1436
3	1393	1436	1422
3	1422	1436	1465
3	1436	1427	1476
3	1436	1476	1465
3	1465	1476	1477
3	511	505	518
3	511	518	526
3	511	526	533
3	526	518	534
3	526	534	550
3	537	533	541
3	533	526	541
3	541	526	550
3	550	534	561
3	541	550	567
3	1476	1427	1445
3	1476	1445	1490
3	1497	1476	1490
3	505	508	515
3	518	505	515
3	518	525	534
3	525	518	515
3	525	515	535
3	525	535	560
3	534	525	561
3	1459	1451	1490
3	1445	1459	1490
3	1490	1451	1502
3	1451	1453	1502
3	1453	1467	1502
3	1490	1502	1497
3	535	515	524
3	524	520	535
3	535	520	557
3	520	552	557
3	535	557	575
3	560	535	575
3	575	557	584
3	575	584	608
3	557	552	579
3	1335	1359	1418
3	1420	1418	1359
3	1419	1418	1453
3	1451	1419	1453
3	1440	1411	1420
3	1411	1467	1420
3	1418	1420	1467
3	1418	1467	1453
3	557	579	584
3	457	511	503
3	478	505	511
3	487	457	503
3	457	478	511
3	448	478	457
3	487	426	457
3	428	454	448
3	414	428	448
3	415	448	457
3	426	415	457
3	415	414	448
3	385	415	426
3	1707	1662	1699
3	414	350	395
3	409	385	426
3	385	350	414
3	385	414	415
3	349	339	409
3	332	350	385
3	331	332	385
3	1656	1637	1672
3	1616	1637	1656
3	1616	1591	1637
3	1637	1599	1649
3	1591	1599	1637
3	1560	1599	1591
3	1560	1558	1599
3	1554	1556	1597
3	1594	1560	1591
3	1534	1473	1525
3	1473	1479	1525
3	1470	1479	1473
3	1479	1465	1477
3	1470	1465	1479
3	1444	1465	1470
3	1444	1422	1465
3	1400	1422	1444
3	1406	1424	1444
3	1424	1400	1444
3	548	519	547
3	538	519	548
3	519	533	547
3	519	538	527
3	506	519	527
3	506	503	519
3	487	503	506
3	481	487	506
3	339	331	385
3	236	245	273
3	209	245	236
3	245	209	224
3	192	209	236
3	1726	1762	1781
3	1752	1734	1726
3	1721	1734	1752
3	1726	1697	1762
3	1679	1726	1734
3	1721	1679	1734
3	1369	1400	1424
3	1406	1386	1424
3	1386	1369	1424
3	1366	1369	1386
3	1370	1366	1361
3	1357	1369	1366
3	1370	1357	1366
3	1357	1346	1369
3	1336	1346	1357
3	604	576	626
3	596	576	604
3	582	576	596
3	582	566	576
3	553	566	582
3	553	538	566
3	566	548	576
3	538	548	566
3	236	273	291
3	236	291	259
3	223	228	259
3	228	236	259
3	228	192	236
3	165	209	192
3	223	172	228
3	172	192	228
3	1743	1698	1721
3	1396	1378	1392
3	1371	1378	1396
3	1380	1362	1396
3	1362	1371	1396
3	1370	1378	1371
3	1336	1370	1371
3	1336	1357	1370
3	610	640	607
3	596	612	633
3	610	604	640
3	603	610	607
3	610	596	604
3	596	610	612
3	610	603	612
3	1509	1527	1552
3	1527	1482	1536
3	1482	1510	1536
3	1487	1482	1527
3	1482	1484	1510
3	1435	1482	1487
3	1441	1435	1487
3	1482	1432	1484
3	1433	1432	1482
3	1435	1433	1482
3	1435	1396	1433
3	1380	1396	1435
3	1380	1435	1441
3	1396	1392	1433
3	595	607	627
3	595	603	607
3	539	559	603
3	595	539	603
3	592	568	595
3	568	539	595
3	546	568	592
3	500	568	546
3	500	522	568
3	522	539	568
3	1615	1572	1620
3	1572	1586	1620
3	1538	1550	1586
3	1615	1552	1572
3	1572	1538	1586
3	1552	1527	1572
3	1536	1538	1572
3	1527	1536	1572
3	1510	1538	1536
3	472	491	522
3	500	472	522
3	483	449	500
3	500	449	472
3	449	450	472
3	456	449	483
3	449	420	450
3	435	449	456
3	435	420	449
3	371	420	435
3	410	371	435
3	420	389	403
3	371	389	420
3	1658	1669	1670
3	1658	1633	1669
3	1633	1644	1669
3	1658	1634	1633
3	1633	1611	1644
3	1634	1586	1633
3	1586	1634	1620
3	1615	1620	1634
3	1586	1611	1633
3	1250	1164	1270
3	1272	1198	1250
3	1198	1164	1250
3	1075	1164	1198
3	1075	1039	1164
3	1164	1039	1176
3	1002	1075	1198
3	1002	1039	1075
3	1002	877	1039
3	893	877	1002
3	749	877	893
3	749	893	792
3	777	877	749
3	758	792	828
3	687	749	792
3	749	709	777
3	758	685	792
3	389	365	403
3	371	365	389
3	356	365	371
3	340	356	371
3	352	356	340
3	354	356	352
3	356	355	365
3	355	356	354
3	1750	1732	1780
3	1750	1722	1732
3	1745	1722	1750
3	1677	1710	1732
3	1722	1677	1732
3	1702	1722	1745
3	1678	1677	1722
3	1685	1678	1722
3	1702	1685	1722
3	1669	1678	1685
3	1669	1644	1678
3	1670	1669	1685
3	1644	1677	1678
3	1644	1625	1677
3	1439	1387	1475
3	1402	1439	1475
3	1395	1439	1402
3	1395	1387	1439
3	1996	1395	1402
3	1395	1996	1387
3	1996	1272	1387
3	685	687	792
3	687	709	749
3	1732	1753	1780
3	1732	1723	1753
3	1710	1723	1732
3	1494	1503	1542
3	1494	1475	1503
3	519	503	533
3	503	511	533
3	1330	1336	1371
3	1509	1487	1527
3	1413	1380	1441
3	1524	1552	1615
3	483	500	546
3	877	1000	1039
3	1387	1460	1475
3	310	291	337
3	259	291	310
3	261	259	310
3	146	192	172
3	151	172	197
3	151	146	172
3	151	105	146
3	105	104	146
3	104	111	146
3	1845	1856	1870
3	1856	1799	1861
3	1824	1856	1845
3	1824	1799	1856
3	1789	1824	1845
3	1798	1799	1824
3	1799	1752	1817
3	1789	1798	1824
3	1798	1772	1799
3	1789	1782	1798
3	1772	1752	1799
3	1782	1772	1798
3	1748	1789	1765
3	1748	1782	1789
3	1743	1752	1772
3	1782	1743	1772
3	1748	1743	1782
3	1703	1743	1748
3	1703	1719	1743
3	1719	1698	1743
3	1661	1698	1719
3	1703	1645	1719
3	1645	1661	1719
3	1645	1627	1661
3	1351	1374	1378
3	1361	1351	1378
3	1334	1308	1361
3	1308	1351	1361
3	1351	1325	1374
3	1308	1325	1351
3	1325	1295	1374
3	1285	1308	1334
3	1308	1285	1325
3	1285	1262	1325
3	1262	1295	1325
3	641	677	676
3	641	675	677
3	641	620	675
3	620	615	675
3	641	612	620
3	647	633	641
3	633	612	641
3	277	313	324
3	261	310	313
3	277	261	313
3	262	261	277
3	218	223	261
3	262	201	261
3	201	218	261
3	230	201	262
3	180	201	230
3	201	208	218
3	218	208	223
3	208	197	223
3	197	172	223
3	174	201	180
3	174	197	201
3	201	197	208
3	174	145	197
3	145	151	197
3	105	151	145
3	70	145	142
3	60	70	142
3	1900	1886	1910
3	1870	1924	1886
3	1843	1870	1886
3	1484	1447	1510
3	1432	1447	1484
3	1433	1392	1432
3	1364	1409	1432
3	1314	1364	1432
3	1392	1314	1432
3	1295	1314	1392
3	1374	1295	1392
3	1378	1374	1392
3	1282	1349	1364
3	1295	1273	1314
3	620	613	615
3	559	613	620
3	615	586	619
3	619	586	648
3	613	545	615
3	545	586	615
3	612	559	620
3	559	545	613
3	491	494	545
3	559	491	545
3	1510	1550	1538
3	1493	1550	1510
3	1510	1452	1493
3	1481	1493	1452
3	1447	1452	1510
3	1452	1404	1481
3	1404	1416	1481
3	1432	1409	1447
3	1447	1409	1452
3	1409	1404	1452
3	1364	1404	1409
3	1404	1341	1416
3	1364	1349	1404
3	1349	1291	1404
3	1291	1341	1404
3	1291	1173	1281
3	648	532	593
3	586	532	648
3	480	593	532
3	545	494	586
3	494	532	586
3	491	479	494
3	494	480	532
3	468	480	494
3	491	471	479
3	463	471	491
3	468	494	479
3	472	463	491
3	479	471	468
3	412	447	468
3	463	427	471
3	427	468	471
3	427	412	468
3	450	427	463
3	420	427	450
3	427	407	412
3	420	403	427
3	403	407	427
3	1549	1596	1611
3	1550	1611	1586
3	1550	1566	1611
3	1566	1549	1611
3	1566	1533	1549
3	1517	1533	1566
3	1550	1493	1566
3	1533	1480	1549
3	1493	1517	1566
3	1517	1480	1533
3	1493	1481	1517
3	1481	1480	1517
3	1480	1414	1486
3	1414	1423	1486
3	1481	1416	1480
3	1416	1414	1480
3	1385	1423	1414
3	1317	1385	1414
3	1341	1414	1416
3	1341	1317	1414
3	1281	1341	1291
3	1341	1281	1317
3	1200	1317	1281
3	1200	1289	1317
3	1200	1159	1289
3	1159	1331	1289
3	1173	1200	1281
3	1159	1123	1331
3	1141	1159	1200
3	1173	1141	1200
3	1173	1150	1141
3	1141	1082	1159
3	1082	1123	1159
3	1088	1141	1150
3	1123	1082	1198
3	1088	1082	1141
3	1082	1002	1198
3	1017	1082	1088
3	994	1034	1082
3	1017	994	1082
3	1082	1005	1002
3	1034	1005	1082
3	985	1005	1034
3	891	985	1034
3	994	891	1034
3	985	834	1005
3	834	792	1005
3	891	834	985
3	828	792	834
3	850	823	891
3	823	834	891
3	758	828	834
3	823	765	834
3	789	765	823
3	765	758	834
3	707	758	765
3	741	765	789
3	661	765	741
3	765	661	707
3	665	661	686
3	593	665	686
3	569	707	661
3	665	569	661
3	593	502	665
3	502	569	665
3	502	521	569
3	468	447	480
3	480	447	477
3	447	434	477
3	447	423	434
3	412	423	447
3	412	407	423
3	403	374	407
3	407	374	423
3	374	387	423
3	365	355	374
3	1710	1666	1686
3	1677	1666	1710
3	1617	1666	1677
3	1617	1648	1666
3	1648	1635	1666
3	1625	1617	1677
3	1611	1625	1644
3	1596	1617	1625
3	1592	1635	1648
3	1617	1597	1648
3	1596	1625	1611
3	1597	1592	1648
3	1556	1592	1597
3	1596	1597	1617
3	1549	1554	1596
3	1554	1597	1596
3	1549	1486	1554
3	1542	1556	1554
3	1486	1468	1554
3	1480	1486	1549
3	1468	1542	1554
3	1423	1468	1486
3	1468	1402	1494
3	1423	1402	1468
3	1423	1385	1402
3	1376	1402	1385
3	1289	1385	1317
3	1376	1996	1402
3	1289	1376	1385
3	1331	1996	1376
3	1289	1331	1376
3	646	685	707
3	681	685	646
3	355	360	374
3	1710	1686	1723
3	223	259	261
3	146	165	192
3	1743	1721	1752
3	1370	1361	1378
3	603	559	612
3	539	491	559
3	539	522	491
3	450	463	472
3	1005	893	1002
3	792	893	1005
3	365	374	403
3	1468	1494	1542
3	1402	1475	1494
3	588	709	687
3	632	588	687
3	556	632	681
3	556	543	632
3	510	588	632
3	543	510	632
3	495	556	540
3	321	312	360
3	352	308	354
3	354	321	360
3	308	321	354
3	282	312	321
3	321	286	282
3	286	321	308
3	282	268	312
3	268	304	312
3	254	282	286
3	254	268	282
3	254	220	268
3	216	220	254
3	1753	1771	1802
3	1809	1753	1802
3	1780	1809	1819
3	1780	1753	1809
3	1723	1771	1753
3	1723	1761	1771
3	1571	1584	1632
3	1571	1546	1584
3	1546	1564	1584
3	1565	1546	1571
3	1546	1537	1564
3	1542	1546	1565
3	1508	1537	1546
3	1503	1508	1546
3	1542	1503	1546
3	1503	1475	1508
3	1475	1460	1508
3	490	543	556
3	490	496	543
3	496	510	543
3	495	490	556
3	495	467	490
3	490	467	496
3	467	438	496
3	460	467	495
3	460	419	467
3	419	442	467
3	467	431	438
3	442	431	467
3	419	431	442
3	398	431	419
3	1114	1132	1121
3	1196	1239	1227
3	1086	1032	1067
3	1086	1067	1109
3	1104	1086	1109
3	833	858	889
3	936	833	907
3	770	807	859
3	790	796	868
3	796	770	859
3	796	859	868
3	807	833	859
3	867	790	868
3	838	790	867
3	868	894	867
3	859	833	936
3	867	894	926
3	868	859	964
3	859	936	964
3	894	868	964
3	926	894	977
3	894	964	977
3	926	977	1010
3	977	964	1040
3	964	936	1011
3	926	1010	1073
3	941	926	1073
3	1010	977	1064
3	964	1011	1040
3	1064	977	1040
3	1040	1011	1112
3	1010	1064	1073
3	1011	1072	1112
3	1073	1064	1180
3	1064	1040	1185
3	1180	1064	1185
3	1040	1112	1185
3	1112	1148	1185
3	1148	1112	1143
3	1073	1180	1154
3	1148	1143	1181
3	1185	1148	1210
3	1210	1148	1181
3	1201	1154	1180
3	1180	1185	1248
3	1180	1248	1252
3	1185	1210	1248
3	1248	1210	1259
3	695	693	739
3	693	710	739
3	739	710	788
3	1998	796	790
3	739	788	778
3	778	788	796
3	1998	790	818
3	768	830	745
3	818	790	838
3	861	1998	818
3	818	838	878
3	864	818	865
3	818	878	865
3	865	849	864
3	861	818	864
3	849	861	864
3	1134	1121	1169
3	1145	1121	1134
3	1169	1121	1132
3	1132	1073	1154
3	1169	1132	1154
3	1169	1154	1201
3	1205	1169	1201
3	1233	1201	1180
3	1205	1201	1233
3	1205	1233	1302
3	1302	1233	1256
3	1205	1302	1304
3	1227	1239	1304
3	1227	1304	1302
3	808	901	942
3	695	811	725
3	811	695	739
3	811	739	778
3	725	811	804
3	804	811	861
3	725	804	805
3	811	778	1998
3	811	1998	861
3	849	805	804
3	804	861	849
3	1145	1134	1162
3	1162	1134	1997
3	1175	1145	1162
3	1175	1162	1997
3	1196	1175	1239
3	1239	1175	1997
3	1239	1997	1304
3	983	870	980
3	870	904	980
3	887	1025	904
3	904	1025	980
3	983	980	1045
3	983	1045	1069
3	1045	980	1032
3	1045	1032	1086
3	1069	1045	1080
3	1080	1045	1086
3	1069	1080	1096
3	1080	1086	1103
3	817	816	832
3	832	819	836
3	816	819	832
3	836	819	840
3	908	836	840
3	832	836	853
3	908	840	870
3	836	913	853
3	817	832	858
3	840	819	904
3	819	866	904
3	870	840	904
3	866	887	904
3	885	832	853
3	1080	1103	1096
3	1084	1047	1139
3	1047	1077	1139
3	1086	1104	1103
3	1069	1096	1120
3	1104	1109	1156
3	1103	1104	1156
3	1096	1103	1186
3	1103	1156	1186
3	1077	1177	1139
3	1120	1096	1186
3	1077	1120	1177
3	1177	1120	1186
3	1187	1139	1195
3	1139	1177	1195
3	1195	1177	1186
3	858	832	885
3	833	889	907
3	858	885	889
3	889	885	948
3	885	853	959
3	948	885	959
3	853	971	959
3	998	889	948
3	907	889	998
3	936	907	998
3	936	998	1011
3	948	959	1027
3	948	1027	998
3	959	971	1047
3	998	1027	1068
3	1011	998	1056
3	1027	959	1047
3	1056	998	1068
3	1011	1056	1072
3	1068	1027	1091
3	1027	1084	1091
3	1084	1027	1047
3	1056	1068	1072
3	1072	1068	1143
3	1112	1072	1143
3	1091	1084	1155
3	1155	1084	1139
3	1068	1091	1147
3	1143	1068	1147
3	1143	1147	1181
3	1155	1139	1187
3	1134	1169	1997
3	1997	1169	1205
3	1304	1997	1205
3	870	983	876
3	836	908	913
3	908	876	913
3	908	870	876
3	913	876	992
3	853	913	971
3	913	992	971
3	971	992	1030
3	876	1048	992
3	983	1069	1048
3	971	1030	1047
3	1030	992	1077
3	992	1076	1077
3	1047	1030	1077
3	992	1048	1076
3	1069	1120	1048
3	1076	1048	1120
3	1077	1076	1120
3	220	253	268
3	220	219	253
3	253	222	257
3	219	222	253
3	190	219	220
3	216	190	220
3	219	176	222
3	190	176	219
3	183	176	190
3	183	141	176
3	1898	1919	1935
3	1879	1898	1935
3	1889	1919	1898
3	1884	1879	1922
3	1892	1884	1922
3	1879	1837	1898
3	1837	1889	1898
3	1850	1879	1884
3	1837	1831	1889
3	1788	1837	1879
3	1850	1788	1879
3	1819	1809	1873
3	1809	1788	1850
3	1784	1837	1788
3	1802	1788	1809
3	1831	1837	1784
3	1802	1771	1788
3	1778	1818	1831
3	1784	1778	1831
3	1767	1778	1784
3	1771	1767	1788
3	1767	1784	1788
3	1761	1767	1771
3	1733	1746	1727
3	1704	1733	1727
3	1691	1688	1704
3	1704	1664	1691
3	1654	1664	1704
3	1654	1626	1664
3	1584	1626	1654
3	1632	1584	1654
3	1604	1642	1664
3	1604	1619	1642
3	1590	1604	1664
3	1626	1590	1664
3	1584	1590	1626
3	1590	1580	1604
3	1584	1564	1590
3	1564	1580	1590
3	390	380	431
3	398	390	431
3	345	390	398
3	362	380	390
3	345	362	390
3	317	345	398
3	315	362	345
3	317	292	345
3	292	315	345
3	284	315	292
3	239	284	292
3	176	203	222
3	176	156	203
3	156	167	179
3	176	125	156
3	141	125	176
3	134	167	156
3	125	99	156
3	99	134	156
3	139	141	183
3	125	141	139
3	119	125	139
3	125	110	99
3	119	110	125
3	77	99	110
3	1970	1972	1968
3	1968	1938	1970
3	1970	1943	1972
3	1943	1935	1972
3	1971	1940	1968
3	1951	1943	1970
3	1955	1951	1970
3	1935	1943	1951
3	1879	1935	1951
3	1922	1879	1951
3	1818	1816	1831
3	1785	1816	1818
3	1785	1803	1816
3	1778	1785	1818
3	1785	1729	1803
3	1729	1770	1803
3	1785	1751	1729
3	1751	1785	1778
3	1733	1751	1778
3	1729	1709	1770
3	1688	1729	1751
3	1733	1688	1751
3	1704	1688	1733
3	1642	1709	1729
3	1688	1642	1729
3	1664	1688	1691
3	1664	1642	1688
3	258	319	315
3	283	258	315
3	284	283	315
3	284	242	283
3	242	258	283
3	242	240	258
3	258	215	264
3	196	215	258
3	196	258	240
3	184	240	242
3	237	195	242
3	195	184	242
3	240	184	177
3	177	196	240
3	177	184	173
3	166	184	195
3	167	166	195
3	184	166	173
3	166	162	173
3	134	112	167
3	134	99	112
3	99	109	112
3	99	50	109
3	77	50	99
3	77	52	50
3	73	52	77
3	36	52	73
3	52	44	50
3	36	20	52
3	20	44	52
3	23	38	40
3	23	27	38
3	27	23	36
3	23	20	36
3	27	29	38
3	1940	1938	1968
3	1927	1938	1940
3	1912	1921	1927
3	1897	1912	1927
3	1849	1905	1912
3	1867	1912	1897
3	1867	1849	1912
3	1848	1849	1867
3	1848	1838	1849
3	1838	1813	1849
3	1800	1813	1838
3	1826	1800	1838
3	1770	1800	1803
3	1800	1770	1813
3	177	170	196
3	173	136	177
3	136	170	177
3	136	116	170
3	136	117	116
3	117	80	116
3	80	83	116
3	71	80	78
3	80	79	83
3	71	79	80
3	38	79	71
3	38	29	79
3	1240	1228	1338
3	1167	1228	1240
3	1167	1240	1246
3	1157	1167	1246
3	1157	1099	1167
3	1060	1099	1157
3	1060	984	1099
3	984	986	1099
3	974	984	1060
3	984	895	986
3	944	895	984
3	944	812	895
3	728	812	944
3	728	944	803
3	728	722	812
3	718	728	803
3	728	706	722
3	718	706	728
3	706	785	722
3	671	629	706
3	1440	1338	1411
3	1338	1440	1359
3	1288	1338	1359
3	1288	1240	1338
3	1228	1377	1338
3	671	706	718
3	671	618	629
3	656	618	671
3	579	618	656
3	579	552	618
3	608	584	656
3	584	579	656
3	1420	1359	1440
3	588	528	709
3	206	190	216
3	1850	1884	1873
3	1809	1850	1873
3	315	319	362
3	98	77	110
3	1642	1619	1647
3	258	264	319
3	1905	1921	1912
3	1770	1779	1813
3	1709	1779	1770
3	170	171	196
3	170	116	171
3	116	83	122
3	79	67	83
3	1153	1060	1157
3	1246	1240	1288
3	697	671	718
3	796	759	770
3	1222	1237	1259
3	1210	1222	1259
3	1187	1195	1222
3	1147	1187	1222
3	1210	1147	1222
3	1181	1147	1210
3	1147	1155	1187
3	1091	1155	1147
3	833	807	858
3	807	817	858
3	737	786	817
3	797	817	807
3	797	737	817
3	770	797	807
3	751	786	737
3	770	737	797
3	1222	1188	1237
3	1188	1199	1237
3	1195	1188	1222
3	1182	1184	1188
3	1182	1188	1195
3	1186	1182	1195
3	1186	1156	1182
3	1156	1109	1182
3	1109	1092	1182
3	852	842	887
3	866	852	887
3	829	842	852
3	829	852	866
3	819	829	866
3	786	783	842
3	829	786	842
3	816	786	829
3	786	816	817
3	819	816	829
3	786	751	783
3	1067	1092	1109
3	1021	1092	1067
3	1032	1025	1067
3	1025	1021	1067
3	1025	1032	980
3	1021	987	1001
3	1025	987	1021
3	887	946	987
3	1025	887	987
3	1211	1196	1227
3	1179	1175	1196
3	1145	1175	1179
3	771	805	831
3	771	725	805
3	695	725	771
3	1256	1274	1302
3	1274	1253	1302
3	1260	1253	1274
3	1253	1211	1302
3	1211	1227	1302
3	1256	1252	1274
3	1253	1216	1211
3	1216	1253	1260
3	1233	1252	1256
3	1203	1216	1260
3	1233	1180	1252
3	1217	1216	1203
3	1170	1216	1217
3	1170	1211	1216
3	1170	1179	1211
3	1179	1196	1211
3	1113	1145	1179
3	1114	1145	1113
3	1114	1121	1145
3	1114	1041	1132
3	1113	1179	1131
3	1113	1041	1114
3	1041	1073	1132
3	1003	1041	1113
3	968	1073	1041
3	1003	951	1041
3	968	941	1073
3	968	1041	951
3	951	898	968
3	898	941	968
3	910	898	951
3	867	926	941
3	898	867	941
3	851	910	951
3	878	898	910
3	878	867	898
3	851	795	910
3	857	878	910
3	795	857	910
3	857	865	878
3	878	838	867
3	857	831	865
3	831	805	849
3	831	849	865
3	795	831	857
3	795	771	831
3	800	754	795
3	710	760	788
3	754	771	795
3	761	754	800
3	702	754	761
3	754	702	771
3	694	702	761
3	702	695	771
3	702	694	695
3	695	694	693
3	1275	1297	1311
3	1275	1261	1297
3	1252	1261	1274
3	1261	1248	1297
3	1261	1260	1274
3	1252	1248	1261
3	1260	1261	1275
3	760	759	796
3	788	760	796
3	759	737	770
3	744	716	759
3	716	737	759
3	744	694	761
3	694	759	760
3	759	694	744
3	693	694	710
3	710	694	760
3	1306	1267	1278
3	1339	1306	1278
3	1311	1306	1339
3	1311	1297	1306
3	1267	1221	1278
3	1259	1269	1306
3	1306	1269	1267
3	1248	1259	1297
3	1297	1259	1306
3	1259	1237	1269
3	1269	1199	1267
3	1999	1221	1267
3	1237	1199	1269
3	1199	1999	1267
3	751	769	783
3	769	734	783
3	769	714	734
3	751	738	769
3	738	714	769
3	738	751	737
3	737	716	738
3	716	701	738
3	738	701	714
3	1152	1166	1221
3	1152	1221	1999
3	1184	1152	1999
3	1199	1184	1999
3	1184	1199	1188
3	1182	1105	1184
3	1105	1152	1184
3	1092	1097	1182
3	1097	1105	1182
3	1097	1079	1105
3	1105	1074	1152
3	1021	1097	1092
3	1079	1012	1105
3	931	949	946
3	873	879	931
3	887	842	946
3	842	931	946
3	842	873	931
3	873	820	879
3	791	820	873
3	842	791	873
3	783	791	842
3	783	734	791
3	1021	1079	1097
3	1021	1001	1079
3	1012	1074	1105
3	1079	1001	1012
3	1012	1037	1074
3	949	1012	1001
3	945	1037	1012
3	949	945	1012
3	987	946	1001
3	1001	946	949
3	931	945	949
3	879	945	931
3	1235	1203	1249
3	1235	1208	1203
3	1208	1160	1203
3	1174	1208	1254
3	1174	1111	1208
3	1111	1160	1208
3	1203	1170	1217
3	1170	1203	1160
3	1131	1179	1170
3	1160	1131	1170
3	1111	1131	1160
3	1003	1113	1131
3	1111	1003	1131
3	1071	1052	1111
3	1052	1003	1111
3	1071	997	1052
3	997	957	1052
3	957	1003	1052
3	957	954	1003
3	1003	954	951
3	835	954	957
3	813	957	892
3	851	951	954
3	813	835	957
3	835	806	954
3	806	851	954
3	806	800	851
3	813	779	835
3	779	806	835
3	800	795	851
3	742	779	813
3	767	800	806
3	1268	1405	1368
3	1268	1347	1405
3	1268	1313	1347
3	1313	1275	1311
3	1268	1275	1313
3	1249	1268	1368
3	1235	1249	1368
3	1249	1226	1268
3	1203	1260	1275
3	1268	1203	1275
3	1226	1203	1268
3	1249	1203	1226
3	779	767	806
3	767	761	800
3	732	767	779
3	767	744	761
3	742	732	779
3	732	700	767
3	700	744	767
3	712	700	732
3	700	716	744
3	700	674	716
3	716	674	701
3	660	700	712
3	662	674	700
3	660	662	700
3	1408	1462	1501
3	1421	1462	1408
3	1408	1347	1421
3	1347	1379	1421
3	1405	1408	1431
3	1408	1405	1347
3	1339	1379	1347
3	1379	1355	1412
3	1339	1355	1379
3	1278	1355	1339
3	1313	1339	1347
3	1278	1287	1355
3	1313	1311	1339
3	743	691	791
3	734	743	791
3	678	691	743
3	734	636	743
3	636	678	743
3	714	636	734
3	701	636	714
3	701	674	636
3	636	649	678
3	1152	1074	1166
3	1254	1208	1235
3	1071	1111	1174
3	708	615	713
3	713	619	755
3	615	619	713
3	114	181	187
3	164	114	187
3	114	143	181
3	164	132	114
3	140	132	164
3	114	106	143
3	60	142	143
3	140	91	132
3	106	60	143
3	91	114	132
3	62	106	114
3	81	60	106
3	62	81	106
3	61	81	62
3	81	61	60
3	43	58	39
3	21	60	61
3	61	58	47
3	43	47	58
3	1035	991	1085
3	21	18	60
3	47	21	61
3	43	14	47
3	13	14	43
3	14	21	47
3	19	18	21
3	12	21	14
3	12	19	21
3	1978	1983	1990
3	1965	1960	1983
3	1978	1963	1983
3	1963	1965	1983
3	1963	1946	1965
3	1946	1941	1965
3	1963	1959	1946
3	1941	1960	1965
3	1931	1960	1941
3	1963	1978	1959
3	19	12	16
3	90	91	140
3	982	1053	988
3	1740	1760	1766
3	1976	1988	1991
3	1979	1995	1980
3	837	750	839
3	1979	1993	1994
3	5	1	10
3	93	46	96
3	1959	1978	1982
3	1959	1982	1976
3	1982	1978	1990
3	1989	1976	1982
3	1990	1988	1989
3	1990	1989	1982
3	0	4	8
3	13	12	14
3	0	8	9
3	16	12	13
3	8	4	19
3	16	8	19
3	8	16	33
3	9	8	33
3	16	13	33
3	39	13	43
3	33	13	53
3	13	39	53
3	74	39	58
3	53	39	90
3	39	74	90
3	90	74	91
3	53	90	140
3	75	53	140
3	140	164	186
3	1740	1766	1739
3	1739	1766	1797
3	1739	1797	1783
3	1783	1797	1805
3	1797	1840	1847
3	1805	1797	1847
3	1847	1840	1882
3	1925	1847	1949
3	1847	1882	1928
3	1847	1928	1959
3	1949	1847	1959
3	1949	1959	1976
3	1925	1949	1976
3	1939	1925	1976
3	1939	1976	1981
3	1939	1981	1975
3	1981	1976	1995
3	1976	1991	1995
3	1988	1976	1989
3	1975	1981	1994
3	1994	1981	1995
3	1979	1994	1995
3	3	1	6
3	1	5	6
3	4	0	6
3	0	3	6
3	1	2	7
3	1	3	15
3	3	0	15
3	15	0	9
3	1	15	2
3	15	9	28
3	2	15	28
3	49	7	2
3	28	9	33
3	28	33	53
3	2	28	75
3	75	28	53
3	2	75	95
3	133	95	159
3	95	75	159
3	153	75	140
3	159	75	153
3	153	140	186
3	186	164	205
3	153	186	205
3	153	205	217
3	205	164	212
3	153	217	159
3	159	217	225
3	217	205	229
3	205	248	229
3	248	205	212
3	225	217	255
3	217	229	255
3	225	255	274
3	248	212	289
3	278	248	289
3	229	248	278
3	255	229	278
3	278	289	299
3	255	278	307
3	278	299	333
3	837	839	940
3	929	837	940
3	839	911	940
3	929	940	1044
3	940	911	988
3	911	982	988
3	1044	940	1122
3	940	988	1083
3	1122	940	1083
3	1044	1122	1102
3	1122	1202	1102
3	1663	1668	1699
3	1668	1718	1699
3	1662	1663	1699
3	1699	1737	1707
3	1699	1718	1739
3	1739	1718	1740
3	1737	1699	1739
3	1707	1737	1736
3	1737	1739	1783
3	1737	1774	1736
3	1774	1737	1783
3	1774	1787	1736
3	1783	1805	1774
3	1814	1787	1774
3	1774	1805	1847
3	1814	1774	1847
3	1787	1814	1854
3	1854	1814	1909
3	1869	1854	1909
3	1814	1847	1925
3	1894	1869	1909
3	1909	1814	1925
3	1925	1939	1909
3	1894	1909	1967
3	1894	1967	1957
3	1909	1939	1967
3	1958	1957	1974
3	1939	1975	1967
3	1974	1957	1967
3	1974	1967	1987
3	1987	1967	1975
3	1993	1987	1975
3	1984	1986	1992
3	1993	1975	1994
3	1974	1987	1992
3	1979	1984	1992
3	1993	1979	1992
3	1987	1993	1992
3	1	7	10
3	46	7	49
3	10	7	46
3	2	95	49
3	46	49	96
3	96	49	95
3	93	96	127
3	96	121	127
3	96	95	133
3	121	96	133
3	121	133	152
3	127	121	152
3	152	133	163
3	159	163	133
3	163	159	189
3	152	163	189
3	189	159	207
3	207	159	225
3	207	225	244
3	207	244	269
3	1928	1946	1959
3	1928	1888	1946
3	1888	1902	1946
3	1946	1902	1941
3	1902	1906	1941
3	1906	1931	1941
3	1906	1910	1931
3	1928	1882	1888
3	1906	1900	1910
3	1864	1888	1882
3	1902	1875	1906
3	1875	1900	1906
3	1888	1875	1902
3	1875	1888	1864
3	1282	1291	1349
3	1206	1173	1291
3	1206	1291	1282
3	1206	1150	1173
3	1149	1206	1219
3	1149	1150	1206
3	1149	1094	1150
3	1094	1088	1150
3	1063	1094	1149
3	1065	1094	1063
3	1017	1088	1094
3	1015	1065	1063
3	1065	1017	1094
3	978	1017	1065
3	1015	978	1065
3	978	956	1017
3	956	994	1017
3	923	978	1015
3	956	924	994
3	923	956	978
3	924	850	891
3	923	924	956
3	923	855	924
3	855	850	924
3	855	741	850
3	741	789	850
3	789	823	850
3	755	741	855
3	648	686	741
3	755	648	741
3	619	648	755
3	91	62	114
3	74	58	91
3	58	62	91
3	62	58	61
3	924	891	994
3	480	477	502
3	1937	1973	1977
3	1966	1937	1977
3	1950	1937	1966
3	1926	1950	1942
3	1926	1904	1937
3	1926	1937	1950
3	34	48	84
3	34	25	48
3	48	25	32
3	1945	1977	1973
3	1945	1953	1977
3	1936	1930	1945
3	1937	1945	1973
3	1937	1936	1945
3	1945	1929	1953
3	1930	1929	1945
3	1937	1904	1936
3	1858	1929	1930
3	1904	1914	1936
3	1885	1895	1930
3	1895	1907	1930
3	1907	1858	1930
3	1904	1881	1914
3	1895	1863	1907
3	1885	1863	1895
3	1880	1871	1904
3	1871	1881	1904
3	1891	1907	1863
3	1881	1863	1885
3	1871	1863	1881
3	1863	1851	1891
3	1871	1851	1863
3	102	154	124
3	124	148	150
3	120	124	150
3	124	97	102
3	120	97	124
3	92	82	102
3	64	57	97
3	68	64	97
3	92	59	82
3	57	59	92
3	68	56	64
3	48	56	68
3	32	56	48
3	32	57	56
3	57	32	59
3	25	22	32
3	1891	1858	1907
3	1858	1853	1890
3	1891	1853	1858
3	1835	1853	1891
3	1821	1891	1851
3	1891	1821	1835
3	148	124	154
3	148	154	160
3	160	131	161
3	123	131	160
3	154	123	160
3	100	94	123
3	94	113	123
3	94	88	113
3	82	100	102
3	82	94	100
3	82	59	94
3	59	88	94
3	1081	1140	1189
3	648	593	686
3	686	661	741
3	1880	1904	1926
3	84	48	68
3	1834	1821	1851
3	113	131	123
3	952	1051	1081
3	896	952	1057
3	1051	979	1081
3	952	979	1051
3	1303	1283	1327
3	1238	1303	1344
3	1238	1283	1303
3	1238	1224	1283
3	1213	1238	1344
3	1189	1224	1238
3	1213	1158	1238
3	1158	1189	1238
3	1172	1158	1213
3	1127	1158	1172
3	1081	1189	1158
3	1127	1081	1158
3	1057	1081	1127
3	1057	952	1081
3	979	952	928
3	952	919	928
3	896	919	952
3	896	905	919
3	896	776	905
3	848	776	896
3	762	776	785
3	762	715	776
3	715	736	776
3	715	680	736
3	680	719	736
3	680	689	719
3	653	680	715
3	1450	1425	1456
3	1425	1352	1456
3	1352	1398	1456
3	1352	1425	1426
3	1352	1327	1398
3	1303	1352	1367
3	1344	1303	1367
3	1303	1327	1352
3	625	680	653
3	680	625	689
3	571	625	653
3	571	655	625
3	542	570	655
3	571	542	655
3	1516	1511	1523
3	1496	1523	1511
3	1496	1505	1523
3	1458	1505	1496
3	1483	1496	1511
3	1456	1458	1496
3	1466	1483	1511
3	1456	1429	1458
3	1483	1450	1496
3	1450	1456	1496
3	571	536	542
3	542	563	570
3	542	551	563
3	501	536	571
3	542	513	551
3	486	536	501
3	542	536	513
3	453	513	536
3	486	453	536
3	462	486	501
3	436	453	486
3	462	436	486
3	436	422	453
3	1562	1612	1651
3	1589	1562	1651
3	1612	1582	1624
3	1562	1570	1612
3	1570	1582	1612
3	1562	1541	1570
3	1553	1541	1562
3	1570	1523	1582
3	1541	1523	1570
3	1523	1547	1582
3	1523	1505	1547
3	1516	1523	1541
3	429	397	436
3	397	422	436
3	375	397	429
3	397	364	422
3	375	364	397
3	350	375	395
3	338	364	375
3	1705	1701	1738
3	1675	1701	1705
3	1695	1705	1672
3	1695	1675	1705
3	1675	1676	1701
3	1695	1659	1675
3	1624	1676	1675
3	1651	1624	1675
3	1651	1675	1659
3	1651	1612	1624
3	1659	1631	1651
3	1631	1589	1651
3	338	375	350
3	350	335	338
3	364	328	366
3	338	328	364
3	332	335	350
3	332	314	335
3	314	332	331
3	306	328	338
3	335	306	338
3	314	272	335
3	272	306	335
3	303	272	314
3	265	303	314
3	249	272	303
3	270	249	303
3	1804	1829	1827
3	1781	1804	1827
3	1754	1777	1804
3	1781	1754	1804
3	1758	1754	1781
3	1762	1735	1781
3	1735	1758	1781
3	1738	1744	1754
3	1705	1738	1754
3	1705	1754	1758
3	1735	1700	1758
3	1700	1705	1758
3	1697	1700	1735
3	1672	1705	1700
3	1672	1700	1697
3	1656	1672	1697
3	1679	1616	1697
3	1616	1656	1697
3	1591	1616	1594
3	1576	1578	1581
3	1578	1576	1577
3	1576	1535	1577
3	1507	1573	1535
3	1507	1525	1573
3	1507	1534	1525
3	1535	1518	1507
3	1518	1488	1507
3	1576	1518	1535
3	1507	1488	1534
3	1488	1473	1534
3	1442	1473	1488
3	1474	1442	1488
3	1442	1470	1473
3	1442	1406	1470
3	1406	1444	1470
3	1442	1381	1406
3	527	553	565
3	516	527	565
3	481	506	527
3	516	481	527
3	493	481	516
3	493	433	481
3	433	487	481
3	433	426	487
3	399	393	493
3	433	409	426
3	379	411	433
3	411	409	433
3	370	433	493
3	370	379	433
3	393	370	493
3	349	409	411
3	379	349	411
3	339	385	409
3	358	372	377
3	370	361	379
3	361	370	372
3	361	372	358
3	358	349	361
3	323	349	358
3	323	339	349
3	297	339	323
3	298	331	339
3	297	298	339
3	298	314	331
3	298	265	314
3	273	297	323
3	265	298	297
3	273	245	297
3	245	265	297
3	270	303	265
3	245	224	265
3	202	249	270
3	265	224	270
3	202	211	249
3	211	231	249
3	224	202	270
3	209	202	224
3	202	175	211
3	165	202	209
3	175	200	211
3	165	175	202
3	175	147	200
3	129	175	165
3	129	147	175
3	1856	1861	1876
3	1876	1852	1866
3	1861	1852	1876
3	1861	1817	1852
3	1852	1827	1866
3	1827	1857	1866
3	1817	1794	1852
3	1807	1827	1852
3	1794	1807	1852
3	1781	1827	1807
3	1817	1726	1794
3	1726	1817	1752
3	1794	1726	1807
3	1726	1781	1807
3	1671	1641	1679
3	1661	1639	1671
3	1639	1641	1671
3	1641	1616	1679
3	1607	1641	1639
3	1627	1639	1661
3	1627	1607	1639
3	1594	1616	1641
3	1607	1594	1641
3	1622	1627	1645
3	1622	1609	1627
3	1574	1594	1607
3	1609	1607	1627
3	1578	1607	1609
3	1568	1578	1609
3	1578	1574	1607
3	1577	1574	1578
3	1386	1406	1381
3	1383	1381	1442
3	1381	1366	1386
3	1383	1299	1381
3	1299	1334	1381
3	1334	1366	1381
3	1334	1361	1366
3	631	647	676
3	631	622	647
3	622	633	647
3	614	622	631
3	622	596	633
3	597	596	622
3	614	597	622
3	597	582	596
3	553	597	614
3	583	553	614
3	553	582	597
3	583	565	553
3	353	358	377
3	337	358	353
3	363	337	353
3	337	323	358
3	313	337	363
3	324	313	363
3	313	310	337
3	291	323	337
3	291	273	323
3	146	129	165
3	146	111	129
3	1870	1856	1876
3	1799	1817	1861
3	1661	1671	1698
3	1299	1285	1334
3	647	641	676
3	785	776	848
3	1516	1498	1511
3	1515	1516	1541
3	429	436	462
3	1637	1659	1695
3	1697	1735	1762
3	1637	1695	1672
3	955	935	991
3	480	502	593
3	1573	1525	1558
3	527	538	553
3	1726	1679	1697
3	1698	1671	1721
3	1671	1679	1721
3	1270	1301	1322
3	510	514	588
3	514	528	588
3	484	544	562
3	528	484	562
3	509	544	484
3	514	464	528
3	464	484	528
3	430	464	451
3	287	327	348
3	276	327	287
3	276	340	327
3	280	308	340
3	276	280	340
3	280	286	308
3	294	276	287
3	294	256	276
3	280	247	286
3	276	247	280
3	256	247	276
3	247	254	286
3	216	254	247
3	210	247	256
3	206	216	247
3	210	206	247
3	1786	1819	1836
3	1791	1786	1836
3	1801	1791	1839
3	1786	1780	1819
3	1791	1763	1786
3	1757	1763	1791
3	1756	1757	1791
3	1613	1602	1588
3	1602	1561	1588
3	1579	1561	1602
3	1561	1548	1588
3	1564	1561	1579
3	1564	1537	1561
3	1460	1548	1561
3	1460	1485	1548
3	1537	1460	1561
3	1508	1460	1537
3	496	438	510
3	451	464	514
3	510	451	514
3	438	451	510
3	515	520	524
3	1411	1438	1467
3	552	629	618
3	1338	1377	1411
3	812	722	815
3	1167	1230	1228
3	38	71	78
3	1826	1838	1848
3	162	169	173
3	237	242	284
3	239	237	284
3	1803	1800	1826
3	156	179	203
3	317	398	419
3	268	253	304
3	381	317	419
3	1556	1542	1565
3	355	354	360
3	508	485	515
3	515	485	520
3	1467	1498	1502
3	1502	1498	1515
3	1498	1516	1515
3	1514	1497	1515
3	1497	1502	1515
3	1514	1515	1553
3	1515	1541	1553
3	1528	1514	1553
3	1553	1562	1563
3	1528	1553	1563
3	1563	1562	1589
3	485	462	501
3	520	485	529
3	485	501	529
3	558	501	571
3	529	501	558
3	520	529	552
3	1434	1450	1466
3	1434	1466	1438
3	1450	1483	1466
3	1438	1466	1498
3	1438	1498	1467
3	1498	1466	1511
3	578	558	571
3	558	578	529
3	552	529	578
3	552	578	629
3	629	578	653
3	653	578	571
3	1377	1300	1367
3	1377	1367	1407
3	1377	1407	1411
3	1407	1367	1426
3	1367	1352	1426
3	1411	1407	1434
3	1407	1426	1434
3	1411	1434	1438
3	1426	1425	1434
3	1434	1425	1450
3	629	653	704
3	629	704	785
3	629	785	706
3	704	653	715
3	704	715	785
3	785	715	762
3	722	785	815
3	815	785	848
3	848	895	815
3	812	815	895
3	895	848	896
3	895	896	986
3	986	896	1061
3	1099	1061	1230
3	1099	986	1061
3	1099	1230	1167
3	1230	1061	1127
3	1230	1127	1172
3	1172	1213	1230
3	1230	1213	1271
3	1228	1230	1271
3	1271	1300	1228
3	1271	1213	1300
3	1228	1300	1377
3	1300	1213	1344
3	1300	1344	1367
3	896	1057	1061
3	1061	1057	1127
3	40	38	78
3	40	78	88
3	59	40	88
3	78	113	88
3	113	78	80
3	113	80	117
3	113	117	137
3	117	136	137
3	137	136	149
3	113	137	131
3	131	137	161
3	137	149	161
3	161	149	169
3	161	169	148
3	149	136	173
3	169	149	173
3	160	161	148
3	1820	1821	1823
3	1821	1820	1835
3	1820	1823	1826
3	1820	1826	1835
3	1835	1826	1848
3	1835	1848	1844
3	1835	1844	1853
3	1844	1848	1867
3	1844	1867	1897
3	1853	1844	1897
3	1890	1853	1897
3	1890	1897	1927
3	1929	1858	1890
3	1890	1927	1940
3	44	26	22
3	26	44	20
3	26	20	23
3	26	23	40
3	22	26	40
3	32	22	40
3	32	40	59
3	84	68	101
3	68	97	101
3	101	97	120
3	109	84	112
3	84	101	112
3	101	120	150
3	112	101	150
3	167	112	162
3	112	150	162
3	150	148	162
3	167	162	166
3	162	148	169
3	179	167	195
3	232	195	239
3	239	195	237
3	1823	1803	1826
3	1803	1823	1828
3	1816	1803	1828
3	1816	1828	1833
3	1828	1823	1834
3	1823	1821	1834
3	1828	1834	1833
3	1831	1816	1833
3	1831	1833	1889
3	1834	1851	1871
3	1889	1833	1880
3	1833	1834	1880
3	1834	1871	1880
3	1889	1880	1893
3	1929	1890	1953
3	1890	1940	1953
3	1953	1940	1971
3	1919	1962	1935
3	1935	1962	1972
3	1953	1971	1977
3	1971	1968	1972
3	1962	1977	1972
3	1962	1966	1977
3	1977	1971	1972
3	22	25	44
3	44	25	34
3	44	34	42
3	42	34	84
3	50	44	42
3	50	42	84
3	50	84	109
3	179	195	232
3	203	179	232
3	203	232	238
3	238	232	246
3	246	232	239
3	238	246	260
3	203	238	257
3	246	239	288
3	260	246	285
3	285	246	288
3	288	239	292
3	285	288	317
3	317	288	292
3	285	317	351
3	351	317	381
3	1632	1654	1689
3	1689	1654	1704
3	1689	1704	1727
3	1689	1727	1715
3	1715	1727	1761
3	1761	1727	1767
3	1727	1746	1767
3	1746	1733	1778
3	1767	1746	1778
3	1889	1893	1919
3	1893	1880	1926
3	1893	1926	1942
3	1919	1893	1942
3	1919	1942	1956
3	1919	1956	1962
3	1956	1942	1950
3	1956	1950	1966
3	1956	1966	1962
3	222	203	257
3	238	260	257
3	257	260	279
3	253	257	279
3	253	279	304
3	318	260	285
3	279	260	318
3	279	318	326
3	304	279	336
3	304	336	312
3	336	279	326
3	318	285	351
3	326	318	367
3	318	351	367
3	336	326	392
3	351	381	367
3	326	367	392
3	367	381	402
3	392	367	402
3	392	402	416
3	381	419	402
3	416	402	440
3	402	419	460
3	440	402	460
3	440	460	461
3	440	461	439
3	461	460	495
3	1556	1565	1592
3	1592	1565	1610
3	1610	1565	1571
3	1610	1571	1628
3	1628	1571	1632
3	1610	1628	1635
3	1628	1632	1689
3	1635	1628	1680
3	1680	1628	1689
3	1635	1680	1686
3	1666	1635	1686
3	1686	1680	1715
3	1680	1689	1715
3	1686	1715	1723
3	1723	1715	1761
3	312	336	360
3	374	360	382
3	360	336	405
3	382	360	405
3	374	382	387
3	336	392	405
3	405	392	421
3	392	416	421
3	387	382	405
3	405	421	439
3	387	405	439
3	423	387	434
3	421	416	440
3	387	439	434
3	434	439	470
3	470	439	482
3	434	470	477
3	482	439	461
3	477	470	502
3	461	495	540
3	482	461	540
3	502	470	521
3	470	482	521
3	482	540	549
3	482	549	521
3	521	549	646
3	569	521	646
3	549	540	624
3	549	624	646
3	624	540	556
3	556	681	624
3	646	624	681
3	569	646	707
3	424	430	451
3	438	401	451
3	401	424	451
3	401	404	424
3	404	369	424
3	424	369	430
3	233	256	294
3	233	210	256
3	210	185	206
3	194	185	210
3	185	135	206
3	135	190	206
3	185	194	157
3	135	183	190
3	157	130	185
3	130	135	185
3	139	183	135
3	1873	1884	1892
3	1887	1877	1892
3	1877	1873	1892
3	1887	1872	1877
3	1872	1839	1877
3	1836	1873	1877
3	1839	1836	1877
3	1836	1819	1873
3	1839	1791	1836
3	1872	1792	1839
3	1810	1792	1872
3	1606	1655	1657
3	1619	1598	1657
3	1598	1606	1657
3	1606	1613	1643
3	1604	1598	1619
3	1606	1580	1613
3	1598	1580	1606
3	1580	1602	1613
3	1604	1580	1598
3	1580	1579	1602
3	1564	1579	1580
3	431	401	438
3	431	380	401
3	383	401	380
3	383	404	401
3	383	369	404
3	376	383	380
3	362	376	380
3	330	369	383
3	376	344	383
3	344	330	383
3	346	344	376
3	330	293	369
3	115	135	130
3	135	115	139
3	115	119	139
3	108	115	130
3	98	115	108
3	98	119	115
3	119	98	110
3	1938	1952	1970
3	1952	1955	1970
3	1932	1952	1954
3	1952	1951	1955
3	1932	1951	1952
3	1932	1922	1951
3	1913	1922	1932
3	1899	1913	1932
3	1913	1892	1922
3	1887	1892	1913
3	1899	1887	1913
3	1874	1887	1899
3	1862	1811	1846
3	1874	1872	1887
3	1846	1874	1899
3	1815	1769	1811
3	1716	1759	1769
3	1709	1694	1779
3	1694	1775	1779
3	1716	1769	1775
3	1694	1716	1775
3	1694	1647	1716
3	1709	1642	1694
3	1682	1692	1716
3	1647	1682	1716
3	1682	1655	1692
3	1642	1647	1694
3	1657	1655	1682
3	1647	1657	1682
3	1647	1619	1657
3	362	346	376
3	319	346	362
3	302	344	346
3	344	302	330
3	319	264	346
3	264	302	346
3	302	322	330
3	250	322	302
3	263	302	264
3	263	241	302
3	241	250	302
3	204	241	263
3	215	263	264
3	215	204	263
3	204	188	241
3	204	128	188
3	144	128	204
3	126	158	128
3	107	103	126
3	128	107	126
3	107	89	103
3	87	108	118
3	103	87	118
3	87	98	108
3	89	87	103
3	69	89	107
3	73	98	87
3	73	77	98
3	89	69	87
3	63	73	87
3	69	63	87
3	35	63	69
3	63	30	73
3	30	36	73
3	35	30	63
3	30	27	36
3	31	30	35
3	29	27	30
3	29	30	31
3	1938	1969	1952
3	1954	1952	1969
3	1948	1954	1969
3	1934	1948	1969
3	1938	1934	1969
3	1921	1934	1938
3	1934	1923	1948
3	1921	1938	1927
3	1921	1905	1934
3	1905	1923	1934
3	1905	1896	1923
3	1878	1923	1896
3	1849	1896	1905
3	1859	1878	1896
3	1849	1859	1896
3	1878	1855	1911
3	1813	1859	1849
3	1815	1862	1911
3	1855	1815	1911
3	1859	1855	1878
3	1815	1811	1862
3	1813	1855	1859
3	1779	1815	1855
3	1813	1779	1855
3	1779	1769	1815
3	1779	1775	1769
3	215	171	204
3	171	215	196
3	171	144	204
3	116	144	171
3	116	122	144
3	122	128	144
3	122	86	128
3	83	72	122
3	65	107	128
3	72	86	122
3	83	67	72
3	72	65	86
3	55	65	72
3	67	55	72
3	79	51	67
3	51	55	67
3	29	51	79
3	51	41	55
3	51	31	41
3	31	51	29
3	974	1060	1153
3	974	803	984
3	803	944	984
3	773	803	974
3	1288	1359	1335
3	1263	1288	1335
3	1204	1246	1288
3	1263	1204	1288
3	1130	1263	1296
3	1130	1204	1263
3	1130	1133	1204
3	1153	1157	1246
3	1204	1153	1246
3	1133	1153	1204
3	1133	1038	1153
3	1038	1133	1009
3	1038	974	1153
3	1038	960	974
3	909	960	1038
3	960	773	974
3	773	960	909
3	793	773	909
3	793	697	773
3	773	718	803
3	724	697	793
3	766	724	793
3	697	718	773
3	669	697	724
3	669	656	697
3	656	671	697
3	608	656	669
3	1354	1335	1419
3	1391	1354	1419
3	1333	1335	1354
3	1333	1354	1365
3	1320	1333	1365
3	1333	1296	1335
3	1335	1296	1263
3	1151	1130	1296
3	682	724	766
3	727	682	766
3	658	682	727
3	682	669	724
3	628	669	682
3	658	628	682
3	574	628	658
3	628	608	669
3	574	608	628
3	575	608	574
3	574	560	575
3	1390	1391	1459
3	1391	1451	1459
3	1445	1390	1459
3	1391	1419	1451
3	1365	1354	1391
3	1390	1320	1391
3	441	484	464
3	430	441	464
3	348	334	287
3	194	210	233
3	1792	1801	1839
3	1810	1872	1874
3	1846	1810	1874
3	1811	1795	1846
3	1811	1769	1795
3	1769	1759	1795
3	1716	1692	1759
3	86	65	128
3	45	69	107
3	1130	1009	1133
3	1009	909	1038
3	1333	1151	1296
3	1914	1885	1930
3	1914	1881	1885
3	102	100	154
3	56	57	64
3	100	123	154
3	1013	1071	1108
3	1013	997	1071
3	928	1013	979
3	973	997	1013
3	973	892	997
3	1283	1307	1327
3	1257	1294	1307
3	1283	1257	1307
3	1257	1254	1294
3	1254	1235	1294
3	1224	1257	1283
3	1178	1174	1257
3	1174	1254	1257
3	1224	1108	1257
3	1108	1178	1257
3	1189	1108	1224
3	1140	1108	1189
3	1178	1071	1174
3	1108	1071	1178
3	1081	1013	1140
3	1013	1108	1140
3	1081	979	1013
3	1013	928	973
3	928	892	973
3	892	957	997
3	841	892	928
3	798	813	892
3	905	841	928
3	841	798	892
3	798	742	813
3	776	841	905
3	798	720	742
3	841	735	798
3	776	774	841
3	774	735	841
3	735	720	798
3	736	735	774
3	689	720	735
3	719	735	736
3	719	689	735
3	1398	1429	1456
3	1398	1399	1429
3	1398	1363	1399
3	1327	1363	1398
3	1368	1405	1399
3	1363	1368	1399
3	1307	1294	1363
3	1327	1307	1363
3	1294	1368	1363
3	1235	1368	1294
3	720	712	742
3	712	732	742
3	720	663	712
3	663	720	689
3	666	637	712
3	637	660	712
3	663	666	712
3	655	663	689
3	663	570	666
3	655	570	663
3	570	616	666
3	616	637	666
3	1403	1372	1492
3	1491	1501	1540
3	1491	1464	1501
3	1472	1464	1491
3	1464	1408	1501
3	1458	1464	1472
3	1458	1431	1464
3	1429	1431	1458
3	1431	1408	1464
3	1429	1399	1431
3	1399	1405	1431
3	616	606	637
3	606	660	637
3	551	606	616
3	570	563	616
3	563	551	616
3	507	564	606
3	551	507	606
3	513	507	551
3	513	469	507
3	469	474	507
3	453	469	513
3	1608	1603	1640
3	1582	1608	1640
3	1603	1623	1640
3	1608	1540	1595
3	1608	1595	1603
3	1595	1569	1603
3	1547	1540	1608
3	1547	1608	1582
3	1526	1569	1595
3	1540	1551	1595
3	1501	1462	1540
3	1505	1491	1547
3	1547	1491	1540
3	1472	1491	1505
3	507	555	564
3	507	475	555
3	474	475	507
3	474	452	475
3	469	444	474
3	444	452	474
3	384	452	444
3	444	469	453
3	422	444	453
3	422	396	444
3	396	384	444
3	364	396	422
3	364	366	396
3	341	384	396
3	366	341	396
3	1701	1717	1738
3	1701	1673	1717
3	1676	1673	1701
3	1676	1623	1673
3	1623	1601	1673
3	1640	1623	1676
3	1545	1650	1601
3	1623	1603	1601
3	1603	1569	1601
3	1569	1545	1601
3	1519	1545	1569
3	498	504	531
3	498	531	492
3	443	476	498
3	400	418	443
3	408	400	443
3	408	443	432
3	384	408	432
3	408	347	400
3	384	347	408
3	329	357	347
3	341	347	384
3	328	341	366
3	309	347	341
3	309	329	347
3	328	275	341
3	275	309	341
3	275	328	306
3	275	251	309
3	251	267	309
3	231	275	306
3	272	231	306
3	231	251	275
3	231	243	251
3	1829	1832	1868
3	1857	1829	1868
3	1832	1776	1841
3	1790	1776	1832
3	1829	1790	1832
3	1804	1790	1829
3	1804	1777	1790
3	1790	1747	1776
3	1777	1747	1790
3	1742	1773	1776
3	1744	1747	1777
3	1747	1742	1776
3	1738	1717	1744
3	1717	1742	1747
3	1744	1717	1747
3	1673	1690	1717
3	1673	1650	1690
3	1601	1650	1673
3	1545	1630	1650
3	1545	1543	1630
3	1630	1567	1605
3	1543	1567	1630
3	1581	1531	1576
3	1531	1581	1583
3	1539	1583	1567
3	1543	1520	1539
3	1539	1520	1583
3	1520	1495	1531
3	1531	1583	1520
3	1543	1539	1567
3	1530	1520	1543
3	685	681	632
3	1531	1495	1576
3	1495	1518	1576
3	1520	1461	1495
3	1471	1461	1520
3	1461	1488	1495
3	1461	1474	1488
3	1471	1457	1461
3	1461	1457	1474
3	1430	1474	1457
3	1430	1442	1474
3	1430	1383	1442
3	1410	1430	1457
3	1410	1383	1430
3	580	554	605
3	565	583	591
3	554	591	605
3	554	565	591
3	309	267	329
3	1832	1841	1865
3	1567	1583	1605
3	1578	1568	1581
3	605	591	630
3	591	583	630
3	1936	1914	1930
3	57	102	97
3	57	92	102
3	905	928	919
3	776	736	774
3	625	655	689
3	1458	1472	1505
3	1582	1640	1624
3	1624	1640	1676
3	249	231	272
3	1827	1829	1857
3	1744	1777	1754
3	1495	1488	1518
3	531	554	580
3	554	516	565
3	531	504	554
3	504	516	554
3	504	476	516
3	476	493	516
3	476	504	498
3	455	493	476
3	425	455	476
3	476	418	425
3	443	418	476
3	425	399	455
3	394	399	425
3	418	394	425
3	400	394	418
3	386	393	399
3	386	377	393
3	357	394	400
3	347	357	400
3	357	378	394
3	377	372	393
3	1295	1262	1273
3	1314	1282	1364
3	1900	1843	1886
3	1886	1924	1910
3	1910	1924	1933
3	1931	1910	1933
3	76	105	70
3	70	105	145
3	142	145	174
3	142	174	180
3	675	615	708
3	677	675	708
3	1711	1703	1748
3	1860	1789	1845
3	1860	1870	1843
3	1870	1876	1901
3	372	370	393
3	455	399	493
3	1812	1830	1875
3	1983	1985	1990
3	4	18	19
3	143	180	181
3	164	187	212
3	187	181	227
3	753	713	755
3	708	713	753
3	708	753	775
3	753	755	809
3	753	809	775
3	809	755	855
3	775	809	845
3	845	809	900
3	809	855	923
3	900	809	923
3	845	900	911
3	900	982	911
3	900	923	989
3	900	989	982
3	989	923	1015
3	989	1015	1063
3	982	989	1053
3	1053	989	1063
3	1053	1063	1119
3	1119	1063	1149
3	1101	1053	1146
3	1053	1119	1146
3	1146	1119	1219
3	1119	1149	1219
3	1168	1146	1247
3	1146	1219	1247
3	1219	1206	1282
3	1247	1219	1273
3	1262	1247	1273
3	1273	1219	1282
3	1273	1282	1314
3	1714	1711	1760
3	1740	1714	1760
3	1711	1755	1760
3	1711	1748	1755
3	1755	1748	1765
3	1755	1768	1760
3	1755	1765	1768
3	1760	1768	1766
3	1766	1768	1796
3	1768	1765	1825
3	1796	1768	1808
3	1766	1796	1797
3	1768	1825	1808
3	1796	1808	1812
3	1825	1765	1860
3	1796	1812	1797
3	1812	1808	1830
3	1765	1789	1860
3	1797	1812	1840
3	1840	1812	1864
3	1808	1825	1843
3	1825	1860	1843
3	1840	1864	1882
3	1830	1808	1843
3	1830	1843	1900
3	1875	1830	1900
3	1812	1875	1864
3	1944	1931	1933
3	1931	1944	1960
3	1944	1933	1961
3	1960	1944	1983
3	1944	1980	1983
3	1944	1961	1980
3	1983	1980	1985
3	1985	1988	1990
3	1988	1985	1991
3	1985	1980	1995
3	1991	1985	1995
3	4	6	11
3	4	11	18
3	11	6	5
3	5	17	11
3	11	17	24
3	18	11	24
3	18	24	70
3	60	18	70
3	70	24	76
3	24	66	76
3	143	142	180
3	212	187	227
3	181	180	227
3	227	180	230
3	227	230	252
3	212	227	252
3	252	230	262
3	212	252	289
3	252	262	277
3	289	252	296
3	252	277	296
3	289	296	299
3	296	277	324
3	299	296	316
3	316	296	324
3	333	299	316
3	684	676	721
3	676	677	721
3	721	677	730
3	677	708	730
3	721	730	750
3	750	730	781
3	730	708	781
3	708	775	781
3	721	750	757
3	757	750	837
3	781	775	839
3	750	781	839
3	775	845	839
3	839	845	911
3	988	1053	1101
3	1083	988	1101
3	1122	1083	1202
3	1083	1101	1146
3	1083	1146	1168
3	1202	1083	1168
3	1168	1285	1202
3	1229	1202	1276
3	1168	1247	1262
3	1202	1285	1276
3	1168	1262	1285
3	1276	1285	1299
3	1629	1622	1645
3	1663	1629	1668
3	1653	1629	1663
3	1629	1645	1684
3	1668	1629	1684
3	1684	1645	1703
3	1684	1703	1711
3	1714	1684	1711
3	1668	1684	1714
3	1718	1668	1714
3	1718	1714	1740
3	1860	1845	1870
3	1870	1901	1924
3	1901	1918	1924
3	1924	1918	1964
3	1918	1908	1964
3	1961	1924	1964
3	1908	1947	1964
3	1933	1924	1961
3	1964	1947	1984
3	1979	1961	1984
3	1961	1979	1980
3	1961	1964	1984
3	1947	1986	1984
3	5	10	17
3	17	10	37
3	17	37	24
3	37	10	54
3	10	46	54
3	24	37	66
3	37	54	66
3	66	54	85
3	54	93	85
3	76	66	104
3	54	46	93
3	66	85	104
3	85	111	104
3	76	104	105
3	111	85	93
3	111	93	129
3	333	316	359
3	316	324	363
3	359	316	363
3	373	359	388
3	359	363	388
3	363	353	388
3	353	386	388
3	353	377	386
3	388	386	378
3	373	388	378
3	583	614	635
3	630	583	635
3	614	631	635
3	630	635	696
3	631	676	684
3	635	684	696
3	635	631	684
3	696	684	757
3	684	721	757
3	1135	1102	1202
3	1135	1202	1229
3	1192	1135	1229
3	1192	1229	1279
3	1279	1229	1276
3	1276	1342	1279
3	1324	1279	1342
3	1342	1276	1299
3	1324	1342	1383
3	1299	1383	1342
3	1324	1383	1410
3	1600	1583	1568
3	1600	1568	1622
3	1605	1583	1600
3	1568	1609	1622
3	1600	1622	1621
3	1605	1600	1621
3	1621	1622	1629
3	1621	1629	1653
3	1832	1865	1868
3	1866	1857	1876
3	1868	1865	1903
3	1857	1868	1876
3	1876	1868	1908
3	1901	1876	1908
3	1868	1903	1908
3	1901	1908	1918
3	1908	1903	1947
3	1920	1958	1947
3	1947	1958	1986
3	93	127	138
3	93	138	129
3	129	138	168
3	129	168	147
3	168	138	182
3	147	168	200
3	168	182	214
3	200	168	231
3	200	231	211
3	231	168	243
3	168	214	243
3	214	221	243
3	251	243	221
3	329	342	357
3	361	349	379
3	1592	1610	1635
3	439	421	440
3	1568	1583	1581
3	378	386	394
3	394	386	399
3	1903	1920	1947
3	685	758	707
3	685	632	687
3	1331	1272	1996
3	796	1998	778
3	1123	1198	1331
3	1331	1198	1272
3	1573	1577	1535
3	1577	1594	1574
3	1558	1560	1573
3	1558	1522	1544
3	1560	1577	1573
3	1560	1594	1577
