0.77879	-0.16413	-0.1156
0.77818	-0.12648	-0.081361
0.77483	-0.05243	-0.1208
0.77784	-0.15339	-0.05787
0.77155	-0.049722	-0.075941
0.76797	-0.21464	-0.053608
0.76597	-0.051829	-0.15549
0.771	-0.11375	-0.039738
0.76505	-0.21586	-0.13011
0.76103	-0.23774	-0.090059
0.76072	-0.10482	-0.17471
0.76569	0.0027735	-0.1124
0.7564	-0.198	-0.15674
0.76438	-0.16605	-0.012797
0.74629	-0.0021662	-0.069062
0.74862	-0.12512	-0.18883
0.75363	0.035505	-0.11244
0.75395	-0.1095	-0.015679
0.73479	-0.028323	-0.19762
0.73469	-0.052549	-0.028533
0.7336	-0.21323	0.013346
0.74056	-0.1828	-0.18372
0.72011	-0.099622	0.0035544
0.74259	-0.26339	-0.040637
0.73356	-0.15788	0.016443
0.73864	0.057215	-0.17394
0.719	-0.29387	-0.033163
0.7229	-0.26307	-0.15438
0.71402	-0.31275	-0.099471
0.71989	0.075737	-0.13664
0.72007	0.061506	-0.19669
0.71119	-0.23654	-0.18771
0.69462	-0.04007	-0.21963
0.68957	-0.11886	-0.22818
0.72338	0.093098	-0.18239
0.71367	0.042189	-0.073561
0.71677	0.26582	0.37917
0.7224	0.26517	0.3092
0.69982	0.05406	-0.21268
0.71899	0.22881	0.35641
0.70918	0.21303	0.38976
0.71396	0.12589	-0.20065
0.71385	-0.15649	-0.21178
0.71399	0.29262	0.35095
0.70317	0.012062	-0.21349
0.7154	-0.34545	-0.071693
0.70878	0.32599	0.318
0.71056	0.17137	0.31752
0.71228	-0.32348	-0.046375
0.70943	0.16186	0.36348
0.68271	-0.1873	0.039795
0.70807	0.09877	-0.2257
0.69124	0.26	0.45851
0.6843	0.054009	-0.059237
0.69365	0.08047	-0.093957
0.68891	-0.13405	0.026833
0.69065	0.10805	-0.10922
0.67602	-0.28343	-0.17434
0.68105	-0.0050949	-0.22261
0.68355	-0.3151	-0.13259
0.68988	0.12566	-0.23628
0.7032	0.28377	0.37852
0.68517	0.3493	0.3773
0.68738	0.15204	-0.19903
0.69206	0.22305	0.23645
0.68573	0.23773	0.45721
0.69138	-0.01068	-0.030367
0.66431	-0.21783	-0.22352
0.68776	0.10616	0.34556
0.69176	0.29773	0.26349
0.67317	-0.28636	0.017362
0.6673	0.17021	0.44298
0.6604	0.092689	0.38671
0.68701	0.20983	0.4171
0.67249	0.1351	-0.12629
0.69335	0.14749	0.39644
0.68556	0.28639	0.39408
0.68445	0.16467	0.2491
0.68685	0.35064	0.3458
0.68517	-0.34777	-0.11416
0.67713	0.26876	0.21361
0.68327	0.32298	0.28447
0.63882	0.11843	-0.25395
0.65829	0.093309	-0.25372
0.6781	0.1107	0.29123
0.66346	-0.2499	0.032779
0.67641	0.032236	-0.21448
0.66778	0.33679	0.39303
0.66796	0.21382	0.42721
0.66929	-0.37432	0.015765
0.66051	0.33475	0.2923
0.65808	0.26783	0.46665
0.67057	-0.36909	-0.078131
0.67164	0.15679	-0.22703
0.67896	0.26761	0.11798
0.67675	0.22688	0.11072
0.65142	0.11435	-0.078505
0.65188	0.045942	-0.045417
0.66851	0.29834	0.20678
0.66048	-0.031004	-0.016628
0.67755	0.27303	0.17236
0.65387	0.10118	0.40162
0.61882	-0.42407	-0.019273
0.67572	0.20253	0.15955
0.65091	-0.37632	0.033694
0.66225	0.27809	0.41146
0.66428	-0.22393	0.0446
0.65745	0.29577	0.3953
0.66011	0.1312	0.40732
0.66953	0.20419	0.20659
0.63387	-0.06547	-0.22809
0.66074	0.18962	0.08534
0.65978	0.12315	0.25778
0.6468	-0.12621	-0.2306
0.64313	-0.39918	0.0061415
0.66791	0.35595	0.37023
0.66331	0.3116	0.10835
0.6701	0.24849	0.080305
0.66019	0.24139	0.47484
0.66837	0.089299	0.30974
0.65169	0.09279	0.3318
0.63988	0.24371	0.035196
0.64697	-0.014268	-0.22016
0.65394	0.17135	0.09387
0.63793	-0.27745	-0.19344
0.63588	-0.0060126	-0.019506
0.6524	0.15784	0.15595
0.6545	0.28259	0.068981
0.6417	0.0079114	-0.20656
0.66201	0.16636	-0.19122
0.63443	-0.37891	-0.12721
0.65145	0.228	0.42241
0.64465	-0.31664	-0.14669
0.65902	0.3105	0.22638
0.64259	0.086532	-0.061731
0.64867	0.24985	0.42501
0.64038	0.19542	0.40675
0.63982	0.14952	0.21274
0.6087	-0.038623	-0.21216
0.65099	0.32397	0.14506
0.64823	0.15019	0.41108
0.63252	0.15323	0.11663
0.63847	0.32268	0.23737
0.63997	-0.079923	-0.00074141
0.64461	0.34595	0.37111
0.63683	0.33559	0.29358
0.62389	0.11851	0.36996
0.63581	-0.22487	-0.22428
0.63244	0.2721	0.38124
0.641	-0.30252	0.033934
0.60843	0.176	0.025316
0.6431	-0.1202	0.018097
0.62617	0.13245	0.17454
0.62682	0.10299	0.35579
0.63754	0.15242	-0.22988
0.61881	0.15518	0.070122
0.62876	0.10757	0.28502
0.61376	-0.010644	-0.19153
0.61328	0.2858	0.013607
0.60653	-0.32389	-0.14417
0.58637	0.13391	-0.057201
0.61007	-0.17047	-0.22417
0.59341	-0.43157	-0.068352
0.61385	-0.23167	0.038804
0.61035	0.28971	0.3417
0.62558	0.17009	-0.1757
0.60996	0.13761	0.2259
0.59609	-0.13886	-0.00063167
0.6334	0.30925	0.061032
0.60814	0.01137	-0.19519
0.60789	0.12127	0.15272
0.61339	0.048648	-0.052015
0.61607	-0.094494	-0.21997
0.61194	0.32421	0.25837
0.61115	0.34237	0.11792
0.60688	-0.4265	0.030763
0.59129	0.36063	0.14401
0.61403	0.10835	0.32784
0.60968	0.16436	-0.11825
0.62196	0.34848	0.18061
0.59718	-0.28278	0.039012
0.63924	-0.17682	0.033631
0.60619	0.31695	0.31669
0.60886	0.1259	0.3503
0.61715	0.16815	0.36129
0.60417	-0.41274	-0.093586
0.5987	-0.34271	0.065281
0.61763	-0.027652	-0.01864
0.60068	-0.24731	-0.20373
0.59329	0.15379	-0.16763
0.58447	0.13988	0.25417
0.58324	-0.097357	-0.024251
0.58786	-0.011667	-0.15751
0.59259	0.23604	-0.0040187
0.58717	0.35242	0.21858
0.59329	0.10773	-0.043055
0.60359	-0.057792	-0.034391
0.57906	0.3126	0.27008
0.62251	0.033452	-0.22407
0.57512	0.12253	0.11381
0.57945	-0.093056	-0.20253
0.60346	-0.070795	-0.073903
0.59187	0.089156	-0.26938
0.58571	-0.29379	-0.16297
0.59524	-0.07172	-0.13739
0.58092	0.2767	0.29511
0.57043	0.36397	0.11086
0.59605	0.31958	0.030589
0.5998	0.019306	-0.057092
0.59628	0.12279	0.20342
0.59636	-0.068912	-0.1127
0.58534	-0.39756	0.079914
0.59305	-0.012047	-0.07377
0.56448	-0.41593	-0.10982
0.59146	-0.037242	-0.11211
0.58501	0.1713	0.01502
0.58768	0.14902	0.30722
0.58628	-0.17411	0.012529
0.56033	-0.40517	-0.11904
0.59725	0.075864	-0.26783
0.57039	-0.44637	0.026938
0.59087	0.040748	-0.049154
0.54903	0.28486	-0.004163
0.57952	-0.0012507	-0.080978
0.57153	0.20408	0.29131
0.56661	0.11023	0.16481
0.57895	-0.23771	0.03716
0.57085	-0.00018294	-0.18058
0.54021	-0.45778	-0.01797
0.5677	-0.25405	-0.17931
0.55907	-0.31099	-0.13135
0.5779	-0.090604	-0.077943
0.55463	0.16211	-0.065944
0.52355	0.32722	0.0060248
0.5394	-0.12924	-0.084246
0.54332	0.36963	0.18563
0.57419	-0.20025	-0.19719
0.54145	0.3438	0.24392
0.56664	0.16017	0.27186
0.55231	-0.095184	-0.11515
0.56749	-0.075249	-0.17936
0.57059	-0.017584	-0.11077
0.56278	0.29628	0.27253
0.55508	-0.23969	0.02799
0.573	-0.30045	0.057234
0.55535	-0.35434	-0.12421
0.56343	-0.33907	0.10333
0.55209	-0.17469	-0.0060454
0.54097	0.12411	0.2221
0.5225	0.054504	-0.21184
0.56616	0.16827	-0.099463
0.57959	0.081135	-0.028175
0.53671	0.14246	0.24642
0.55616	-0.13057	-0.1709
0.52594	0.24767	-0.01655
0.55087	-0.2142	-0.16937
0.51657	-0.45063	-0.06236
0.55994	-0.38054	0.098411
0.55578	0.063117	-0.016328
0.5199	0.16028	-0.053148
0.52541	0.15544	-0.080978
0.53987	0.10714	0.001652
0.51549	-0.26876	-0.10456
0.52165	0.31723	0.26327
0.54873	-0.14802	-0.14832
0.54227	-0.020289	-0.12673
0.5386	-0.44234	0.083443
0.5483	0.22502	0.26748
0.53041	0.3678	0.065801
0.53613	0.29002	0.25656
0.50669	-0.03091	-0.098002
0.5604	-0.29536	0.095756
0.53781	-0.21377	0.0013172
0.52739	0.11589	0.10877
0.53277	0.016267	-0.18485
0.5253	-0.17364	-0.0483
0.50316	-0.24005	0.12674
0.49389	-0.39115	-0.10894
0.53558	0.15169	0.032472
0.53102	0.069028	-0.21464
0.51978	-0.29052	-0.10589
0.52916	-0.17739	-0.11011
0.52316	0.15903	-0.032366
0.48219	-0.028262	-0.083788
0.51304	0.19892	-0.010032
0.52457	-0.16337	-0.093204
0.52205	-0.22144	0.074541
0.53059	-0.010579	-0.15267
0.52697	0.084997	0.0061849
0.53404	0.37382	0.13468
0.52262	0.13372	-0.0067223
0.50602	-0.27423	0.14743
0.50574	0.13705	0.043768
0.51425	0.33412	0.24875
0.48979	-0.42065	-0.097003
0.508	0.020916	-0.022892
0.50504	0.087158	-0.13846
0.51249	-0.20361	-0.093668
0.50655	-0.21396	-0.040163
0.52534	-0.21477	0.027521
0.49551	0.14012	0.21316
0.49754	0.35746	0.025257
0.50622	0.15903	0.015652
0.45802	0.30193	0.18203
0.50912	-0.44934	0.093536
0.50507	-0.21751	-0.068813
0.48652	0.37258	0.14834
0.50349	0.3748	0.091406
0.48126	-0.45918	-0.064968
0.48455	0.35703	0.19584
0.50224	0.27181	-0.030052
0.44537	0.0074514	-0.031207
0.52463	0.11671	0.18045
0.50447	0.21115	-0.014901
0.46494	0.32899	0.2047
0.47382	-0.27832	0.19074
0.48101	0.099031	-0.096196
0.50029	0.24936	-0.09129
0.49603	-0.23194	-0.071518
0.47822	-0.20299	0.11053
0.50937	-0.36442	-0.11265
0.50157	0.19916	-0.07718
0.49535	0.25872	-0.055365
0.47878	-0.30304	0.18525
0.46885	-0.47781	0.056273
0.48418	0.16591	-0.06231
0.49293	0.19346	-0.049982
0.4812	0.312	-0.02928
0.45347	-0.4726	0.10209
0.47556	0.16638	0.01469
0.48725	0.29147	-0.088313
0.44547	-0.1767	0.00847
0.4478	-0.019728	-0.13906
0.50071	-0.2857	-0.098672
0.47293	0.16353	-0.032858
0.46826	0.1173	-0.043075
0.47859	0.13001	-0.018454
0.45053	-0.32246	-0.11391
0.47049	-0.18607	0.0222
0.44967	0.36541	0.098143
0.44554	0.024711	-0.16853
0.45897	0.10865	0.021741
0.4827	0.29525	-0.055379
0.45823	-0.46123	-0.056761
0.43841	-0.26891	0.19214
0.44642	-0.0075661	-0.060578
0.47787	0.11994	0.13978
0.47184	0.23298	-0.12114
0.46451	0.17636	-0.10312
0.47564	-0.18343	0.058631
0.46002	0.12535	0.10583
0.47671	0.24763	0.20229
0.47874	0.12658	0.069332
0.47906	0.17717	0.19607
0.43068	0.1462	0.13994
0.42777	-0.22063	-0.075164
0.43071	-0.22579	0.17582
0.44385	0.082411	-0.0023183
0.47683	-0.034403	-0.11452
0.45006	0.19578	-0.15862
0.41276	-0.28062	-0.10912
0.4521	0.1622	-0.0051979
0.44281	0.17659	-0.040086
0.45149	0.36383	0.14179
0.4576	0.32851	-0.072309
0.42987	0.053294	-0.09624
0.44365	-0.44421	0.13536
0.37536	-0.32534	0.23203
0.45072	0.33564	-0.025951
0.42773	-0.48615	0.048949
0.42775	0.14528	0.094487
0.45319	0.0081289	-0.17019
0.4538	0.28286	-0.12438
0.43179	0.34126	0.16273
0.44454	0.16663	0.16478
0.41943	0.17019	-0.15217
0.39715	-0.017621	-0.081909
0.43688	0.24399	-0.17788
0.43372	-0.48589	0.006
0.40257	-0.41808	-0.079554
0.48783	-0.36696	0.14731
0.41202	0.022236	-0.12799
0.42027	0.075625	-0.055647
0.44375	0.1104	0.0042277
0.42539	-0.18675	-0.025894
0.43324	0.34261	-0.055087
0.4255	0.17274	-0.067528
0.43288	0.16092	0.02872
0.41655	0.18775	0.0021893
0.41457	0.17031	0.015039
0.3695	-0.37122	0.20312
0.43294	0.34803	-0.007235
0.40834	-0.25203	-0.093027
0.42329	0.080181	-0.023936
0.43843	0.19962	-0.18651
0.43103	0.18049	-0.1817
0.40772	-0.46626	0.10555
0.41976	-0.16962	0.11465
0.41729	0.056822	-0.0024454
0.42125	-0.18961	0.15168
0.42084	-0.46435	-0.039387
0.4298	0.3239	-0.1022
0.4237	0.24069	0.14991
0.42799	0.16711	-0.11911
0.43067	0.28928	-0.15273
0.42347	0.16093	0.058601
0.41406	0.21305	-0.22108
0.41267	0.17119	0.13794
0.40661	0.011617	-0.061962
0.40186	0.26587	-0.21431
0.39483	0.31813	-0.15356
0.39164	-0.24567	0.21613
0.40841	-0.16657	0.033173
0.41129	-0.3806	-0.10434
0.39628	0.34531	0.0003196
0.39991	-0.15541	0.10671
0.39889	-0.16972	0.16431
0.40064	0.18679	-0.0087706
0.37281	-0.26316	0.21821
0.40271	0.34745	0.056406
0.41568	0.17497	-0.21247
0.38627	0.31666	0.12855
0.41353	-0.012397	-0.13128
0.38161	-0.17254	0.0021731
0.39391	-0.47771	0.01057
0.3834	0.15491	-0.20533
0.40828	0.19776	0.14312
0.39769	0.039442	-0.010589
0.40249	0.30787	0.15543
0.3811	-0.31462	-0.11134
0.42116	0.017905	-0.0080566
0.42243	0.30223	0.16584
0.38643	-0.2198	-0.060285
0.41284	-0.41094	0.16439
0.38669	0.12975	-0.16583
0.40402	0.032162	-0.077701
0.40447	-0.29424	0.22725
0.39449	0.039139	-0.049506
0.38603	-0.48006	0.055508
0.36671	0.21906	-0.23497
0.39923	0.0031695	-0.11966
0.38507	0.18052	-0.24406
0.39857	0.17703	0.0967
0.37159	0.18641	0.063187
0.39221	0.16343	-0.047257
0.34999	-0.44406	-0.033225
0.38792	0.34211	-0.081985
0.36526	0.167	0.038448
0.37953	0.12367	-0.12028
0.38367	0.22385	0.13613
0.4008	0.021859	-0.058589
0.38412	0.27714	0.14242
0.36177	-0.38758	0.20201
0.38032	-0.24105	-0.06595
0.35721	-0.27483	0.25179
0.36068	-0.29778	-0.099872
0.36397	-0.4408	0.14651
0.35506	-0.45715	0.11553
0.36563	-0.13929	0.099283
0.3338	-0.41802	-0.053383
0.36657	-0.1833	0.21958
0.35277	0.16475	-0.026028
0.36532	0.21283	0.092267
0.35706	0.33079	-0.15171
0.35158	-0.23372	-0.0014825
0.34855	-0.20544	-0.012136
0.35088	0.31272	-0.19415
0.31309	-0.12045	0.18754
0.37228	0.27821	-0.22731
0.35328	0.17824	-0.012492
0.36878	-0.41807	0.17282
0.36045	0.30802	0.095916
0.37459	0.32412	0.074907
0.3535	0.26734	-0.23965
0.36084	0.25093	0.10734
0.34442	-0.14613	0.052201
0.33852	0.10485	-0.15838
0.33498	-0.30448	-0.074109
0.35166	0.33869	-0.10438
0.34056	-0.46634	0.023101
0.34765	-0.26835	0.0080348
0.35161	0.17074	-0.24065
0.35193	0.28851	0.079392
0.34339	-0.46853	0.075801
0.35	0.3047	0.040027
0.33692	-0.25716	0.24752
0.34597	-0.28287	0.00075967
0.32598	-0.16216	0.024371
0.34668	0.24465	0.060164
0.33319	0.13124	-0.068395
0.33917	0.27468	0.042224
0.34646	-0.38059	-0.090965
0.32863	0.16295	-0.24933
0.33282	0.10408	-0.12546
0.31499	-0.34045	-0.079274
0.31336	-0.10658	0.15013
0.31856	-0.1152	0.085733
0.32261	-0.1788	0.011376
0.3468	-0.18154	0.23356
0.3656	0.32782	0.023912
0.37433	-0.20098	-0.054662
0.3192	-0.29428	0.25322
0.33042	0.11218	-0.18822
0.30364	0.09389	-0.1391
0.31719	-0.23806	0.006826
0.30635	-0.29264	0.017244
0.31229	0.33133	-0.081694
0.27546	-0.21759	0.28865
0.30652	0.28601	-0.23888
0.31319	-0.19814	0.013541
0.28971	0.22998	-0.24818
0.3004	0.31939	-0.18649
0.30585	-0.36492	-0.076751
0.30696	-0.33524	0.23799
0.29298	-0.37034	0.22527
0.27671	-0.42837	0.0059767
0.30311	0.19174	-0.24354
0.31819	0.1805	0.011205
0.29532	-0.26753	0.25338
0.26841	0.30514	-0.070316
0.29575	0.16559	-0.028379
0.30488	-0.45174	0.037776
0.30694	0.30091	-0.008061
0.26034	-0.34891	0.047888
0.30628	-0.43022	0.14725
0.29676	-0.16641	0.016127
0.27903	-0.18304	0.25675
0.27179	0.15828	-0.26201
0.2887	-0.44203	0.094947
0.30137	0.2585	-4.1725e-05
0.3007	0.33023	-0.14143
0.25104	-0.086804	0.11471
0.29148	-0.16768	0.25938
0.27638	-0.35	-0.061768
0.30225	0.2214	0.0086511
0.29246	0.10981	-0.096792
0.27105	0.256	-0.24668
0.3038	-0.32905	-0.050099
0.2676	0.2003	-0.01612
0.23545	-0.35294	0.22784
0.28314	-0.27573	0.0063277
0.27552	-0.24255	0.28653
0.26847	0.13067	-0.25584
0.28553	0.075786	-0.14891
0.26557	0.091678	-0.22834
0.26235	-0.36983	-0.048607
0.27532	-0.21979	-0.011649
0.27532	0.13535	-0.058657
0.26124	-0.095042	0.08126
0.25412	-0.39039	0.17379
0.23092	-0.28831	0.25737
0.27926	-0.18066	-0.00012698
0.27057	-0.11165	0.052602
0.25205	0.33006	-0.17499
0.2682	0.07828	-0.072791
0.27607	-0.13024	0.02662
0.27339	0.32403	-0.1165
0.23785	0.25203	-0.26218
0.27141	0.071121	-0.18994
0.26867	-0.60705	0.26623
0.26856	-0.213	-0.03179
0.24919	0.19886	-0.016822
0.2614	-0.63229	0.30872
0.25831	-0.64075	0.26263
0.27575	0.062206	-0.13615
0.2565	-0.12164	0.22834
0.26279	0.25806	-0.038719
0.26709	-0.1578	-0.020393
0.2629	0.0074476	-0.18223
0.26559	-0.0083188	-0.15621
0.25775	-0.29693	-0.00026903
0.22412	-0.26644	0.27436
0.25455	-0.27433	-0.023155
0.25562	-0.60402	0.21705
0.25975	-0.1151	-0.0080973
0.22542	-0.40069	0.083339
0.23741	-0.054342	0.024413
0.25948	-0.59544	0.27538
0.24104	-0.64267	0.30744
0.25183	0.13564	-0.27946
0.25492	0.33698	-0.13333
0.22572	-0.37563	0.026641
0.25639	-0.0011696	-0.22731
0.25283	0.14877	-0.013855
0.25783	-0.037364	-0.17865
0.25689	0.11571	-0.015462
0.24603	0.20861	-0.2776
0.23866	0.29708	-0.073518
0.23128	-0.37361	0.065417
0.23509	0.24971	-0.048138
0.23968	0.27503	-0.2724
0.25788	0.036089	-0.057694
0.25452	0.04697	-0.23413
0.25068	0.089973	0.0073097
0.21743	-0.0926	0.19927
0.24803	-0.016318	-0.11514
0.24448	-0.18013	-0.073377
0.23499	-0.38755	0.003564
0.22461	-0.61231	0.30602
0.25114	0.17012	-0.021821
0.22627	0.3053	-0.22446
0.20587	-0.32975	0.23709
0.22833	-0.64983	0.25131
0.24737	0.15354	0.021179
0.23976	-0.073817	-0.18121
0.25009	-0.24507	-0.045208
0.24399	0.13956	-0.3056
0.24058	-0.56588	0.18141
0.24703	-0.14379	-0.063017
0.24118	0.094388	-0.29747
0.21883	-0.12178	-0.22719
0.24159	-0.045964	-0.21922
0.22769	-0.38015	0.15606
0.22902	-0.34425	0.0074285
0.2379	-0.53895	0.19286
0.22941	-0.36448	0.040039
0.23244	-0.065809	-0.11232
0.24238	0.051616	-0.3018
0.23751	0.19334	-0.30548
0.2438	-0.094863	-0.034528
0.2269	0.35663	-0.11872
0.24014	0.0019298	-0.031528
0.23956	0.29306	-0.24565
0.22659	0.33604	-0.17952
0.16055	-0.24833	0.30017
0.23198	0.08683	0.046645
0.2255	-0.037812	0.045579
0.2402	0.1111	-0.32553
0.23125	-0.082778	-0.069133
0.23327	-0.63556	0.22532
0.24425	-0.56592	0.23913
0.22055	-0.38189	0.099774
0.23273	-0.083528	0.15235
0.22155	-0.56108	0.25249
0.23167	-0.039982	-0.03414
0.23352	-0.13824	-0.097862
0.21049	-0.073195	-0.27117
0.22329	-0.0042588	-0.29546
0.22372	-0.58018	0.15369
0.22121	0.30605	-0.29705
0.2203	0.034755	0.053933
0.21874	0.21669	-0.0005795
0.22742	0.20822	0.033473
0.22685	0.24042	-0.29477
0.21875	0.1733	0.085207
0.23255	-0.1658	0.27176
0.20097	-0.18153	-0.1526
0.2202	-0.10111	-0.15473
0.22339	0.081889	-0.3516
0.21396	0.11302	0.08745
0.19337	-0.63099	0.26829
0.2086	-0.1209	-0.19511
0.22421	-0.11127	-0.11195
0.20713	-0.32594	-0.039491
0.21319	0.20905	-0.34201
0.21001	-0.095312	-0.25323
0.21864	-0.0044423	0.047445
0.20355	-0.04518	0.090477
0.20625	-0.35598	0.21039
0.20954	0.24326	0.064621
0.20993	-0.38876	0.067582
0.20217	-0.21403	-0.12905
0.21555	0.14735	-0.35989
0.21493	0.33844	-0.068821
0.21554	-0.50741	0.12448
0.22125	0.30943	-0.062332
0.20008	-0.28613	-0.089047
0.19983	0.26885	-0.31753
0.20911	0.06142	-0.35367
0.20688	0.32526	-0.26232
0.19206	-0.058587	0.14365
0.20419	-0.59106	0.14115
0.19446	-0.61862	0.17579
0.22617	-0.18652	0.27894
0.2044	-0.52552	0.21963
0.2144	-0.5089	0.18989
0.1996	-0.46725	0.11193
0.19439	0.25378	0.021926
0.20006	0.38405	-0.11336
0.1964	-0.15741	-0.16163
0.19965	0.30534	-0.30532
0.19862	0.34642	-0.20009
0.19372	-0.52359	0.08699
0.17868	-0.37846	0.14449
0.19188	0.17264	0.12288
0.19483	-0.13181	-0.25662
0.18875	-0.44176	0.071959
0.17298	-0.36728	-0.014767
0.17377	-0.23994	-0.14593
0.1999	0.2597	-0.021903
0.19426	0.35202	-0.21999
0.18278	-0.15403	-0.20556
0.18131	-0.53266	0.23127
0.19155	-0.4762	0.14909
0.18422	-0.39941	0.036545
0.19196	-0.4036	0.077083
0.15732	0.2598	-0.3672
0.18068	0.39592	-0.073342
0.16208	-0.29375	0.2618
0.17543	-0.5081	0.21104
0.1847	0.28208	0.012817
0.17166	0.27068	0.048271
0.17966	-0.070245	-0.31852
0.17142	0.3819	-0.16303
0.18329	0.39602	-0.04587
0.16598	0.30954	-0.30577
0.16163	-0.21515	0.30014
0.18676	0.0026163	0.09619
0.18938	-0.20246	-0.16411
0.19611	-0.5977	0.28145
0.15531	-0.17752	0.28849
0.18053	0.34121	0.035312
0.18577	0.35961	-0.0016998
0.18933	0.14505	0.12954
0.15709	-0.26699	0.28931
0.17314	-0.61542	0.18851
0.17986	-0.43072	0.054133
0.16572	-0.50036	0.17522
0.16733	-0.16872	-0.24513
0.165	0.21672	0.13023
0.17802	-0.49308	0.063827
0.18491	-0.3982	0.10628
0.15727	-0.12264	-0.31263
0.17521	0.14689	-0.39549
0.19743	-0.10992	0.22903
0.18551	-0.43118	0.11187
0.18792	0.10327	-0.38724
0.16039	-0.45566	0.040713
0.16658	-0.56021	0.23712
0.1754	0.38999	-0.19272
0.19686	0.061521	-0.37596
0.1685	-0.59643	0.13537
0.15679	-0.55949	0.088951
0.15458	0.26135	0.09431
0.16557	0.39749	-0.01852
0.16089	-0.39918	0.13762
0.15325	-0.13986	0.26431
0.15818	0.041804	0.13138
0.15787	-0.15649	-0.2787
0.16531	-0.034199	-0.36573
0.15986	0.13303	0.1572
0.17778	-0.022985	0.12059
0.14719	-0.19089	-0.20628
0.14472	0.34558	-0.25363
0.15688	-0.40942	0.014623
0.16227	-0.22814	-0.17703
0.13501	0.19707	-0.41417
0.16282	0.016692	-0.39905
0.14055	-0.33359	-0.091925
0.14074	-0.26393	-0.15582
0.13284	0.3135	0.045312
0.17591	-0.45583	0.13606
0.14472	-0.35486	0.1849
0.16621	-0.59827	0.22954
0.13365	0.078016	0.16286
0.10909	0.42869	-0.026475
0.12923	-0.064294	-0.38547
0.13573	0.29124	0.050964
0.13513	-0.1403	-0.31797
0.13546	-0.059799	0.20261
0.12626	-0.38766	-0.022331
0.14769	-0.58858	0.19282
0.15634	0.070684	-0.41363
0.13257	-0.50852	0.055061
0.14271	-0.5581	0.20737
0.13866	-0.0087052	-0.40284
0.14546	-0.4227	0.14508
0.15721	-0.52733	0.21945
0.16009	-0.079805	0.20909
0.12484	0.34713	0.030173
0.11149	0.28541	-0.38377
0.14816	0.010546	0.14124
0.14482	0.193	0.1566
0.1357	0.13768	-0.42647
0.16549	0.38101	0.0080332
0.13143	-0.56145	0.10074
0.13643	0.40332	-0.18278
0.11832	-0.54918	0.12965
0.13452	-0.22176	0.31037
0.13391	-0.39385	0.15361
0.13108	-0.47159	0.041948
0.11935	0.13857	0.17984
0.14498	-0.50743	0.17977
0.12811	-0.47984	0.14354
0.11451	0.27881	0.10583
0.11694	0.23942	-0.41324
0.10168	0.32914	-0.32697
0.12263	0.0326	0.15514
0.11451	0.34402	-0.28599
0.12226	-0.27382	0.3015
0.11176	0.16049	-0.43342
0.11031	0.28829	0.075777
0.1256	-0.54878	0.16697
0.12673	-0.31133	0.24464
0.10843	-0.021862	0.19382
0.11324	-0.28511	-0.15081
0.11515	0.41107	-0.0041628
0.11649	0.40111	-0.20509
0.11402	-0.34019	0.20476
0.11317	-0.41192	0.0030108
0.084543	-0.23263	-0.21675
0.08942	-0.088088	-0.39372
0.1111	0.42483	-0.066459
0.11328	-0.016669	-0.42033
0.11769	0.21345	0.14799
0.11468	-0.51642	0.15021
0.092233	0.10596	-0.45292
0.099771	-0.40332	0.16685
0.11335	-0.16203	0.29453
0.10323	-0.17141	-0.30673
0.092522	0.30851	-0.36206
0.083867	-0.431	0.14486
0.078909	0.15264	0.18621
0.10035	-0.31417	0.25911
0.094082	0.10054	0.18512
0.09337	-0.27702	0.29585
0.097535	-0.47849	0.056142
0.087218	-0.20002	0.3119
0.09006	0.26501	-0.4162
0.083731	-0.47832	0.081212
0.06657	0.30015	0.074157
0.077434	0.43138	-0.1896
0.11399	-0.29435	0.28198
0.052529	0.39831	-0.25593
0.10159	-0.20469	-0.24278
0.10326	0.41213	-0.14792
0.08326	0.021828	0.19499
0.085762	0.0466	-0.45271
0.076716	0.42895	-0.12447
0.067739	0.27798	0.084993
0.072626	-0.43304	0.018077
0.079812	-0.25688	-0.19774
0.087437	-0.37831	0.21569
0.078222	-0.043204	0.22898
0.085116	0.19175	-0.44845
0.061955	-0.068499	0.24581
0.07008	-0.30667	0.29841
0.073357	-0.39957	0.21974
0.088925	0.24377	0.12449
0.076315	0.20961	0.15628
0.095635	-0.50238	0.12086
0.056888	-0.044828	-0.42612
0.08246	-0.35889	0.24782
0.086975	0.43823	0.00054976
0.10802	-0.23768	0.31046
0.0745	-0.19062	-0.28995
0.075044	-0.22656	0.30161
0.074598	-0.29427	-0.15328
0.090509	0.046981	0.16673
0.079812	-0.46409	0.11844
0.061164	-0.10359	-0.38541
0.059647	0.29942	-0.41708
0.06327	-0.14098	0.29064
0.056693	0.46196	0.028243
0.059651	0.46369	-0.070565
0.035556	0.42629	0.037612
0.054934	-0.4017	-0.022354
0.0535	0.18021	0.17358
0.050871	-0.43173	0.18824
0.073299	-0.42377	0.15872
0.05145	0.067118	0.1741
0.070589	0.46251	-0.0066705
0.049414	-0.4454	0.084713
0.058687	-0.16079	-0.33891
0.064889	0.32848	-0.37904
0.054908	-0.22729	-0.22882
0.031401	-0.32605	-0.12556
0.015369	-0.035592	0.23977
0.057408	-0.44115	0.12411
0.033215	-0.19606	-0.29255
0.054257	-0.24626	0.30235
0.056464	0.31255	-0.39727
0.049828	-0.36011	-0.083777
0.032462	0.45925	-0.12096
0.052725	-0.0075143	-0.44769
0.064328	0.23346	-0.44805
0.045384	0.50138	-6.6556e-05
0.04687	-0.3095	0.31102
0.028581	-0.41238	0.0038852
0.034889	0.094703	0.17934
0.037844	-0.3254	0.29428
0.04096	0.019408	0.21871
0.034227	0.4381	-0.16313
0.015813	-0.27383	-0.16788
0.023454	-0.19052	-0.3211
0.042444	0.45356	0.051088
0.039954	0.48023	0.084692
0.052647	0.36328	0.048956
0.034956	-0.2777	0.31548
0.015487	0.11804	-0.48658
0.010685	-0.46851	0.15508
0.025897	0.15894	-0.47885
-0.00050001	0.35652	-0.38814
0.028284	0.38085	0.066391
0.012618	-0.068804	-0.42457
0.033501	0.50908	0.059331
0.017495	0.45149	-0.22012
-0.0055838	-0.12036	-0.39304
0.028046	-0.44613	0.19272
0.022132	-0.43728	0.053674
0.0097412	0.048995	-0.47504
0.025247	0.50493	0.10099
0.014913	0.46373	0.12731
-0.019443	-0.16597	-0.34822
0.036238	-0.19233	0.28339
0.026246	-0.087668	0.25817
0.018547	0.061514	0.19895
0.01575	0.13154	0.17041
0.0020583	-0.20988	0.29329
0.012828	-0.40668	0.25706
0.0018208	0.48931	0.15258
0.029061	0.30719	0.085206
0.028035	0.51452	-0.031794
0.0021405	-0.25785	0.30695
0.016362	0.40262	0.083883
0.013782	0.43181	0.097675
0.016623	0.29858	-0.43789
-0.00013403	0.17675	0.14539
-0.025801	0.40806	-0.33066
-0.022846	-0.36376	-0.081186
-0.0010456	0.33246	0.11205
-0.0036078	0.31718	-0.43557
0.0079472	0.0030806	0.2353
-0.01292	-0.15193	0.2591
0.022012	0.45565	-0.19976
0.014622	0.53015	0.017201
-0.0052581	-0.39786	-0.027085
0.0032929	-0.36631	0.28663
-0.0029244	-0.1124	0.24875
-0.019459	-0.24676	0.3164
0.012127	0.41105	-0.28566
0.024035	-0.2065	-0.26695
-0.024243	-0.26221	-0.18194
0.0092087	0.50763	0.11622
-0.0022459	0.53079	-0.062153
-0.014118	0.20049	0.12153
-0.023393	-0.47691	0.12332
0.00044722	-0.050142	-0.44283
-7.5084e-05	0.49597	-0.10298
-0.047885	-0.30826	-0.15284
-0.039585	0.46347	-0.18577
-0.0074085	0.25739	0.10705
0.014594	0.23496	-0.4663
0.00074537	0.46756	0.17934
-0.035751	-0.35013	0.30931
-0.013029	0.42446	0.23294
-0.0058556	0.36632	0.13359
-0.02698	0.009679	-0.47516
-0.035764	0.47883	-0.22718
-0.041595	0.61759	-0.14816
-0.046751	-0.11043	-0.40389
-0.016863	0.44857	-0.26425
-0.022186	0.28063	-0.45764
-0.035703	0.47619	-0.1567
-0.0090976	0.56675	-0.071156
-0.014731	-0.42003	0.037107
-0.067294	-0.3752	0.29801
-0.015473	0.54147	0.22073
-0.013013	0.11931	0.18427
-0.030132	0.56154	0.029005
-0.035017	-0.39526	-0.0056097
-0.029979	0.073687	-0.49518
-0.0094516	0.51831	-0.095175
-0.023701	0.17613	0.14902
-0.013447	0.5533	-0.039032
-0.020492	0.52374	0.25683
-0.0087055	0.56419	-0.095428
-0.020355	0.3012	0.12615
-0.021823	-0.23161	-0.23082
-0.026028	0.15627	-0.49965
-0.015766	-0.18323	-0.29728
-0.018473	0.51482	0.16333
0.0077112	0.32528	-0.41322
-0.032332	-0.46386	0.098175
-0.058388	-0.32851	-0.12016
-0.04151	0.02561	-0.47785
-0.021199	0.062496	0.20285
-0.042284	-0.42115	0.26022
-0.018987	0.46857	0.2427
-0.044285	-0.17966	-0.32972
-0.021683	0.5503	0.072641
-0.036637	0.517	-0.13204
-0.059153	0.32316	-0.42777
-0.05634	-0.26558	-0.1722
-0.028366	0.33953	0.17515
-0.039031	0.59735	-0.1534
-0.025034	0.40333	0.23731
-0.041496	0.35677	-0.40343
-0.071707	-0.49224	0.18093
-0.016782	-0.064928	0.23788
-0.022899	0.49706	0.2764
-0.041314	0.41815	-0.31922
-0.055785	-0.15517	-0.35895
-0.030274	0.24763	-0.48037
-0.029852	0.57329	-0.055965
-0.036348	-0.03315	0.23478
-0.045495	-0.2302	0.30628
-0.04005	0.43353	0.26773
-0.031544	0.46622	0.2684
-0.039016	0.56964	0.084013
-0.074435	-0.50545	0.13845
-0.038394	0.59801	-0.078998
-0.046168	0.29852	0.14325
-0.041331	-0.18176	-0.30414
-0.038604	0.56316	0.26352
-0.075161	-0.17551	-0.33891
-0.046716	-0.12725	0.22563
-0.043368	0.30261	-0.45619
-0.045463	0.13428	0.20459
-0.039167	0.54877	0.12495
-0.066312	-0.36791	-0.05198
-0.041972	0.58184	-0.011902
-0.045471	0.19518	0.13223
-0.050358	-0.30551	0.31844
-0.045624	0.3632	0.21913
-0.063158	-0.066675	-0.43889
-0.049935	0.018364	0.21573
-0.036737	0.5157	0.29381
-0.061697	0.42438	0.28523
-0.057013	-0.43884	0.076525
-0.038009	0.24076	0.11648
-0.050089	-0.47348	0.09808
-0.046834	-0.08732	0.21638
-0.067015	0.28579	0.13493
-0.086563	-0.048717	-0.45008
-0.059534	0.56547	0.30539
-0.068621	0.36894	0.24338
-0.05496	-0.15154	0.24129
-0.060489	0.55249	-0.15348
-0.067277	-0.40913	0.050542
-0.053005	0.62302	-0.051965
-0.092855	0.29208	-0.4648
-0.073335	-0.025097	0.2146
-0.058747	0.58234	0.11258
-0.05895	0.4606	0.29452
-0.072039	0.13248	-0.50757
-0.058609	0.57158	0.056514
-0.059377	0.51335	0.31616
-0.089404	0.43892	-0.31273
-0.071913	0.63343	-0.062265
-0.084364	-0.35868	0.31493
-0.076901	0.5807	0.018604
-0.073894	-0.378	0.018104
-0.050184	0.44751	-0.28925
-0.072856	0.4874	-0.16826
-0.080185	0.38221	-0.38302
-0.069699	0.5836	0.2842
-0.074918	-0.23203	-0.22918
-0.075595	-0.4385	0.25845
-0.080438	-0.4569	0.028059
-0.076071	0.18417	0.16924
-0.10155	0.022031	-0.48403
-0.070806	-0.45003	0.081334
-0.085571	0.19627	-0.50262
-0.054338	0.53311	0.16826
-0.071687	-0.2093	-0.30447
-0.074097	0.51584	-0.15383
-0.073905	0.31598	0.16653
-0.075688	0.6562	-0.093851
-0.11499	-0.30648	0.32026
-0.081399	-0.29672	-0.15027
-0.085708	0.59694	-0.17405
-0.11005	0.58045	0.25938
-0.073717	0.2449	0.11787
-0.084941	-0.50939	0.099862
-0.091227	0.56669	0.071777
-0.074078	0.069116	0.23031
-0.075679	0.13369	0.21307
-0.083247	0.54976	0.1598
-0.087523	0.47646	-0.19524
-0.10173	0.33567	-0.41852
-0.11918	-0.27821	0.30226
-0.076487	-0.49203	0.064155
-0.072532	0.64329	-0.17424
-0.086888	0.56318	0.32732
-0.086541	0.20898	0.12161
-0.086083	0.35707	0.22259
-0.071186	0.58146	0.10235
-0.10675	-0.37949	0.063911
-0.094916	0.48015	-0.25294
-0.060503	-0.18785	0.26817
-0.090138	-0.43586	0.015419
-0.11541	0.31009	-0.42992
-0.10479	-0.25946	-0.16302
-0.095048	0.67858	-0.14597
-0.12495	0.48366	-0.22616
-0.10186	-0.48646	0.21717
-0.12138	-0.45643	0.25443
-0.09817	-0.34409	-0.058396
-0.079445	0.58817	-0.028939
-0.10158	0.30714	-0.45361
-0.084437	0.41679	0.28634
-0.095374	0.029377	0.23047
-0.096849	-0.24811	0.30145
-0.10894	-0.10983	-0.39581
-0.093119	0.55902	0.22217
-0.097638	0.51858	0.33121
-0.10869	0.41421	-0.33417
-0.086192	0.54164	-0.14599
-0.11056	0.58078	0.31791
-0.10555	-0.15656	0.19288
-0.096483	-0.13067	-0.38496
-0.10197	0.59169	-0.067046
-0.10557	-0.23724	-0.24134
-0.10494	-0.12041	0.18639
-0.093404	-0.21987	-0.28319
-0.10593	-0.49868	0.030059
-0.10669	0.57495	-0.013985
-0.10462	-0.52243	0.14418
-0.10396	0.57218	0.0041728
-0.11787	-0.40593	0.070778
-0.098245	0.072587	-0.4979
-0.10832	0.6268	-0.17494
-0.11846	-0.33765	-0.020743
-0.11578	0.55154	0.15299
-0.1031	0.26119	0.10894
-0.1267	-0.34421	0.05087
-0.11752	0.29938	0.11998
-0.11649	0.12583	-0.50928
-0.10972	0.55956	0.099292
-0.11436	0.35679	0.19709
-0.13215	0.49153	-0.16804
-0.10924	0.53981	-0.13164
-0.10612	-0.43149	-0.0064231
-0.1001	-0.17775	0.22277
-0.11837	-0.52858	0.072367
-0.11794	-0.071349	-0.43506
-0.11495	-0.30202	-0.10109
-0.15337	-0.13605	-0.36794
-0.11782	0.56221	-0.056856
-0.10149	0.65534	-0.17501
-0.12005	-0.41019	-0.00090517
-0.11165	-0.22058	0.27599
-0.11404	0.56337	-0.10589
-0.12795	0.21917	0.11502
-0.11403	0.56145	0.32813
-0.11984	-0.26348	-0.1424
-0.10742	-0.015643	-0.46241
-0.1145	0.668	-0.13909
-0.11507	0.57139	-0.13967
-0.14209	0.57556	0.28944
-0.14499	-0.22373	-0.24097
-0.1318	-0.2029	-0.28941
-0.14601	0.50167	0.33059
-0.133	-0.32815	0.021354
-0.12778	0.45206	0.29861
-0.14718	-0.26763	0.2984
-0.11631	0.38283	-0.37653
-0.11333	-0.062805	0.19218
-0.12513	0.59485	-0.12017
-0.12251	0.16208	0.19532
-0.12656	-0.42052	0.046873
-0.13528	-0.36805	0.084735
-0.11425	-0.018658	0.2158
-0.13647	0.33533	0.13795
-0.1505	0.47677	-0.23864
-0.14174	0.017276	0.22151
-0.1295	0.26523	0.10109
-0.14934	-0.51623	0.19687
-0.12867	-0.51225	0.020897
-0.15702	-0.38173	0.3173
-0.15557	0.30192	-0.42216
-0.14766	0.20152	0.15031
-0.16587	-0.48458	-0.02846
-0.14126	-0.20344	0.18291
-0.14521	0.054156	-0.4906
-0.12004	0.52003	-0.14244
-0.13283	0.54686	0.21264
-0.15288	0.16532	-0.50093
-0.15958	-0.34125	0.32387
-0.14576	-0.25332	-0.12987
-0.12538	0.55127	-0.091407
-0.16167	0.54855	0.065736
-0.10936	0.55075	0.19441
-0.16098	-0.32011	0.086327
-0.12048	0.62984	-0.15936
-0.15001	0.46247	-0.192
-0.13136	-0.41669	-0.022127
-0.16342	-0.54688	0.044162
-0.15355	0.37844	-0.36221
-0.15968	-0.2439	-0.10669
-0.13852	-0.16225	0.15117
-0.14852	-0.1069	0.15539
-0.14183	-0.28535	-0.085563
-0.15113	0.28931	-0.45875
-0.16111	0.53114	-0.09353
-0.18066	0.52875	0.088251
-0.11502	0.38174	0.2433
-0.14295	0.25448	-0.47823
-0.13886	0.10474	0.21924
-0.17116	-0.55387	0.12861
-0.17085	0.38637	0.16864
-0.14857	-0.061745	0.17693
-0.16493	-0.26814	0.053702
-0.10865	-0.40175	0.28984
-0.17074	0.53976	0.32225
-0.16309	0.31386	0.086523
-0.15648	0.44256	-0.28167
-0.18657	-0.41811	0.3048
-0.15706	0.5232	0.20824
-0.16476	0.27401	0.080104
-0.14435	-0.19531	0.14842
-0.16369	0.55254	0.010042
-0.16831	0.49876	-0.13483
-0.14297	0.53828	0.17077
-0.16561	0.42291	0.23126
-0.16032	0.56367	0.31311
-0.17107	0.5406	-0.053979
-0.16116	-0.27925	0.019112
-0.20002	-0.041883	-0.42797
-0.16325	-0.24458	-0.17862
-0.16946	-0.011127	-0.45385
-0.1568	-0.39759	0.068062
-0.15579	-0.2342	0.25245
-0.16732	-0.39528	-0.036878
-0.18178	0.22587	0.093969
-0.16814	-0.029585	0.19045
-0.15224	0.32516	-0.41059
-0.18281	0.084634	0.20505
-0.17009	-0.43859	0.26724
-0.17978	0.36587	0.11654
-0.18182	-0.38611	0.054354
-0.16633	-0.25112	0.12345
-0.16671	-0.23725	0.10656
-0.19075	-0.56834	0.067882
-0.18319	-0.42352	-0.047321
-0.17918	-0.5237	-0.0012586
-0.16829	0.51977	0.17331
-0.17971	-0.096111	-0.39573
-0.1906	-0.42725	0.28197
-0.19544	0.52759	-0.033638
-0.17407	-0.30845	0.29786
-0.20635	0.45239	-0.20367
-0.18323	-0.24126	-0.052398
-0.19338	0.18087	-0.48415
-0.18859	-0.36786	0.069984
-0.17624	-0.27153	0.073622
-0.19459	0.1158	-0.48801
-0.17151	-0.25287	0.070412
-0.2116	0.27478	-0.43311
-0.17431	-0.23889	0.21242
-0.17692	0.50337	0.31222
-0.17972	-0.22115	0.088248
-0.15833	-0.39275	-0.0096586
-0.18966	0.46939	0.1951
-0.17577	-0.26233	0.088773
-0.17548	-0.37395	0.31786
-0.18588	0.26618	-0.46102
-0.16572	-0.26541	-0.04814
-0.18044	-0.1584	0.098317
-0.18365	0.1856	0.15968
-0.18977	0.53676	0.029867
-0.20414	-0.1495	-0.32061
-0.18184	-0.23796	-0.091569
-0.19286	0.46847	0.25144
-0.19791	0.49215	-0.10983
-0.18712	0.3056	0.059215
-0.18698	-0.25835	0.16977
-0.19818	0.53371	0.05486
-0.18715	-0.24161	-0.13294
-0.18211	0.4574	-0.16304
-0.18685	-0.47247	0.24157
-0.21552	-0.54977	0.16376
-0.1961	0.046849	-0.47289
-0.17405	-0.098854	0.13444
-0.18771	0.43726	0.23599
-0.19239	0.31138	-0.3988
-0.18154	-0.2462	-0.0027235
-0.19375	0.52297	0.14826
-0.17607	0.12276	0.20181
-0.19342	0.281	-0.41659
-0.21228	0.43311	-0.17686
-0.20367	0.35221	0.075078
-0.21064	-0.13031	-0.33639
-0.18878	0.51887	0.28131
-0.19045	0.40864	-0.29894
-0.1992	0.25934	0.057377
-0.21003	0.46993	0.14531
-0.19302	-0.36563	-0.032122
-0.20935	-0.27477	0.25164
-0.22784	-0.45318	-0.057551
-0.21388	-0.54507	-0.012632
-0.21181	-0.069896	0.13633
-0.19989	-0.10185	0.12756
-0.19922	0.44713	0.17075
-0.21635	-0.22418	-0.14145
-0.19446	-0.21188	-0.22035
-0.20832	0.45028	-0.22234
-0.20802	0.51277	-0.068524
-0.19708	-0.21216	0.009455
-0.19974	-0.17151	0.050028
-0.21852	0.29814	0.017644
-0.21267	0.262	-0.4115
-0.21244	-0.49557	-0.041896
-0.21587	0.18723	0.13932
-0.23302	0.049151	0.17542
-0.21155	0.32165	0.023456
-0.24216	-0.19798	-0.057958
-0.22473	-0.58084	0.074771
-0.21321	-0.21225	-0.064219
-0.21987	0.51255	0.12009
-0.22686	-0.27547	0.065023
-0.22651	-0.020323	0.14814
-0.22438	0.5014	0.071934
-0.22979	-0.38281	-0.053234
-0.22239	0.26373	-0.3961
-0.21246	-0.19343	-0.0045826
-0.21222	-0.3212	0.28685
-0.23902	-0.51563	0.19317
-0.2171	-0.40022	0.29069
-0.19698	0.41839	0.16766
-0.22169	-0.26092	0.099158
-0.22119	0.084201	-0.46788
-0.19627	-0.32612	0.079069
-0.23205	0.35969	-0.31027
-0.26591	-0.37472	0.25678
-0.21952	-0.34329	-0.0086446
-0.20747	-0.1086	0.10233
-0.22976	0.24822	-0.44252
-0.21267	-0.56821	0.028691
-0.23794	-0.46716	0.23608
-0.19689	0.35624	-0.35971
-0.21155	0.42994	-0.15453
-0.20586	0.0061159	0.17808
-0.24206	-0.26022	0.13314
-0.21751	0.52855	-0.016524
-0.23407	0.52015	0.024049
-0.22107	-0.34084	0.041157
-0.22618	-0.098823	-0.36712
-0.22972	0.38257	0.11881
-0.23554	0.3584	0.054366
-0.26395	-0.3206	0.22789
-0.24835	-0.14007	-0.28659
-0.25104	0.026249	-0.43484
-0.23519	0.39666	0.11753
-0.24984	0.22975	0.058976
-0.22771	0.46411	-0.11548
-0.21929	0.43597	0.12631
-0.22231	0.22161	0.084247
-0.24383	-0.58002	0.10005
-0.23522	0.46463	0.074446
-0.27169	-0.14756	-0.0092725
-0.23428	-0.12305	0.054389
-0.25108	-0.17253	-0.21813
-0.25645	0.32525	0.029208
-0.2304	0.52224	-0.057945
-0.24907	0.30766	-0.35009
-0.22287	0.49324	-0.097633
-0.22493	-0.023315	-0.41846
-0.23708	-0.52924	-0.037602
-0.24304	0.14673	0.15396
-0.2275	0.4296	-0.22556
-0.23588	-0.30011	0.045131
-0.24924	0.37916	-0.13769
-0.2517	0.36191	0.044561
-0.23638	0.54276	-0.026628
-0.28318	-0.16405	-0.17526
-0.24958	0.38971	-0.24707
-0.25073	-0.33643	-0.034943
-0.25597	-0.42289	0.26302
-0.21597	-0.26519	0.1984
-0.25071	0.20853	0.10766
-0.24074	0.44239	-0.11889
-0.25659	-0.48638	0.21055
-0.28516	0.22915	0.061963
-0.24807	0.42549	0.072561
-0.23712	0.088639	0.17242
-0.24183	0.26209	0.032481
-0.23343	0.43282	-0.18535
-0.28843	-0.5077	-0.064304
-0.24571	0.52274	-0.088366
-0.23456	0.41349	-0.12584
-0.25672	0.54814	-0.0018373
-0.25901	0.25066	-0.36959
-0.22693	-0.03137	0.13465
-0.25324	0.39954	-0.21837
-0.26742	-0.4002	-0.064007
-0.2531	-0.2878	0.19943
-0.26812	0.080362	-0.43747
-0.26169	0.25934	-0.4145
-0.25437	0.35612	-0.11264
-0.24967	0.57483	-0.085716
-0.25717	0.44194	0.029294
-0.24815	0.57846	-0.059788
-0.25586	-0.31655	0.021432
-0.25644	0.19572	-0.44228
-0.27183	-0.17516	-0.095986
-0.26841	-0.59207	0.01992
-0.26777	0.23922	-0.42145
-0.24959	0.11093	-0.45555
-0.23248	-0.080125	0.10191
-0.24825	0.49349	0.028226
-0.27831	0.38174	-0.1531
-0.26105	0.50997	-0.10934
-0.25152	0.4189	-0.094786
-0.23907	0.15522	-0.46236
-0.26661	0.3587	0.010917
-0.29142	-0.60161	0.034297
-0.2542	-0.10088	-0.34368
-0.25779	-0.033157	-0.39716
-0.25353	0.42008	-0.20003
-0.29362	-0.55378	-0.06019
-0.25545	-0.065553	0.078279
-0.26737	0.40701	-0.037502
-0.2745	0.46174	-0.003449
-0.26005	0.33705	-0.29288
-0.25787	0.47067	-0.11282
-0.2682	0.43255	-0.0029232
-0.27115	-0.57756	0.11502
-0.27694	0.5467	-0.12856
-0.28937	0.61379	-0.089122
-0.29599	-0.53447	0.15845
-0.29595	0.52126	-0.11926
-0.28874	-0.29563	0.17232
-0.27295	-0.10557	0.032913
-0.27296	-0.014097	0.10308
-0.28216	-0.40939	0.25176
-0.27351	0.24119	-0.36635
-0.31096	-0.037594	0.063976
-0.27841	0.34012	-0.22418
-0.27174	0.36086	-0.02415
-0.2873	-0.30617	0.014915
-0.27738	0.43402	-0.053424
-0.27805	0.32613	-0.034221
-0.27453	0.31154	-0.092952
-0.28667	-0.15039	-0.054597
-0.27861	0.077765	0.12382
-0.29138	0.1312	0.11061
-0.28213	-0.4571	-0.067499
-0.28316	0.27442	-0.066785
-0.30766	0.22477	0.051128
-0.30556	-0.30173	0.025839
-0.28316	0.37485	-0.17742
-0.28446	0.59365	-0.11423
-0.31279	-0.37208	0.21703
-0.28031	0.54548	-0.039647
-0.31346	-0.057163	0.033962
-0.3153	-0.47512	-0.068856
-0.28097	0.46223	-0.093011
-0.29809	-0.083097	-0.3011
-0.27107	0.58186	-0.048556
-0.275	0.03399	0.11991
-0.29632	-0.55944	0.12907
-0.29221	-0.13663	-0.22382
-0.28987	0.28545	-0.29018
-0.27553	0.32946	0.017189
-0.32219	0.62002	-0.10938
-0.31172	-0.36602	-0.052097
-0.3117	-0.33574	-0.028783
-0.2952	-0.59464	0.072256
-0.29188	0.23626	-0.34148
-0.2725	-0.58583	-0.014904
-0.30688	0.11286	-0.41467
-0.28126	0.28479	0.033173
-0.3027	-0.2853	0.087775
-0.29676	0.34432	-0.13156
-0.29385	0.026105	-0.39627
-0.30251	0.4566	-0.041616
-0.29335	-0.15543	-0.14226
-0.34021	-0.51675	0.15024
-0.29636	-0.11722	-0.032016
-0.31628	0.28811	-0.10708
-0.30552	0.32614	-0.14151
-0.30583	0.47437	-0.02688
-0.29991	-0.094253	-0.0097607
-0.31072	0.2511	0.012712
-0.30615	0.26847	-0.17462
-0.3098	-0.07698	0.0090567
-0.29708	0.059695	-0.40314
-0.30951	-0.33816	0.19887
-0.30691	0.22706	-0.37574
-0.30643	-0.014199	-0.35912
-0.32011	-0.090254	-0.25716
-0.3089	0.076954	0.12194
-0.31586	0.22636	-0.34026
-0.32862	0.23904	-0.081061
-0.30988	0.22481	-0.31538
-0.31209	-0.12806	-0.1154
-0.33332	-0.54702	-0.087523
-0.3145	0.23321	-0.025822
-0.28743	0.30033	-0.24897
-0.31995	-0.088701	-0.098582
-0.33365	-0.30893	0.13571
-0.30748	0.16976	-0.40519
-0.31444	0.22473	-0.041552
-0.31593	0.47601	-0.080285
-0.3279	0.54597	-0.066099
-0.35079	-0.60025	-0.034774
-0.30402	0.016529	0.1073
-0.32478	-0.094223	-0.22396
-0.31908	-0.40664	-0.06429
-0.32667	0.18839	-0.28274
-0.31989	0.51874	-0.10816
-0.32654	-0.32008	-0.0064316
-0.35049	-0.57343	-0.082462
-0.32222	-0.082104	-0.058608
-0.32167	0.2115	-0.34918
-0.35126	-0.6048	0.028195
-0.34515	-0.016153	0.095478
-0.32001	0.22732	-0.2036
-0.30643	-0.46944	0.20961
-0.34811	0.053202	0.12782
-0.3252	0.033942	-0.35668
-0.34192	0.23803	-0.10281
-0.32484	-0.099771	-0.16034
-0.33429	-0.44914	-0.058266
-0.31757	0.20064	0.052163
-0.33779	0.18351	-0.36335
-0.34878	0.58271	-0.097687
-0.33111	0.4824	-0.049535
-0.32272	0.58695	-0.12324
-0.34888	-0.49774	0.16402
-0.32767	-0.082244	-0.13586
-0.32195	0.13897	0.092379
-0.33613	0.07479	-0.36654
-0.35423	-0.33981	-0.018302
-0.34975	0.17578	-0.31148
-0.33297	0.20651	-0.20184
-0.35162	-0.45585	0.1868
-0.35492	-0.50227	-0.098097
-0.32348	-0.026981	-0.32232
-0.327	0.11632	-0.38488
-0.34158	0.21509	-0.16178
-0.34015	-0.068597	-0.019464
-0.34475	0.19507	0.0094966
-0.34827	-0.3418	0.16406
-0.35331	-0.31995	0.023757
-0.36632	0.18788	-0.23935
-0.34342	-0.05976	-0.10361
-0.3605	0.21136	-0.063211
-0.34267	0.094891	0.12274
-0.35319	-0.31128	0.077455
-0.34519	0.13206	0.095713
-0.35142	-0.41632	0.19272
-0.34646	0.51743	-0.060763
-0.35128	-0.031916	-0.2619
-0.34386	0.12495	-0.36717
-0.33768	-0.57475	0.097591
-0.3521	-0.051141	-0.17362
-0.35076	-0.45515	-0.072396
-0.35915	-0.04454	-0.20972
-0.37906	-0.33976	0.11685
-0.35423	0.18365	-0.33239
-0.37976	-0.042695	0.082915
-0.36529	-0.059078	-0.063214
-0.36476	0.0045227	0.11599
-0.34365	0.017316	-0.32779
-0.36754	0.18305	-0.27847
-0.36885	-0.0023338	-0.2394
-0.36806	-0.069634	0.0040045
-0.35883	0.068022	-0.32485
-0.35654	0.03101	0.12508
-0.3679	0.22532	-0.089741
-0.36534	0.2056	-0.18061
-0.36889	0.14932	-0.31376
-0.33692	0.59684	-0.11348
-0.37913	0.18684	0.0066639
-0.38177	-0.58799	-0.073317
-0.38443	-0.33155	0.052902
-0.37522	-0.44579	-0.09419
-0.35815	0.18779	0.031115
-0.38643	-0.383	0.14821
-0.36627	-0.39813	-0.0298
-0.36297	0.060799	-0.30353
-0.40529	0.17108	0.024919
-0.39518	0.18057	-0.047138
-0.41534	-0.57709	0.029423
-0.39738	-0.50601	0.11941
-0.39033	-0.47837	-0.12085
-0.36924	-0.018545	-0.15224
-0.40998	-0.5095	-0.13091
-0.39078	-0.36606	-0.04063
-0.37432	0.028093	-0.24205
-0.42745	-0.56054	0.063086
-0.38553	-0.37226	0.003251
-0.38907	0.20335	-0.1046
-0.38497	0.066006	-0.26071
-0.37805	0.11189	-0.28911
-0.38572	0.16493	-0.23134
-0.37368	-0.40548	-0.070437
-0.41309	-0.59797	-0.038999
-0.39306	-0.34646	0.10362
-0.39535	0.091907	0.1577
-0.38596	0.064658	-0.24106
-0.39021	-0.022075	-0.10774
-0.40715	-0.54266	-0.11601
-0.39967	-0.42868	0.14285
-0.39198	0.11062	-0.22752
-0.38582	0.028611	-0.17512
-0.41095	-0.36709	-0.1386
-0.40085	0.14752	-0.1723
-0.41208	0.017233	0.13913
-0.40428	-0.59811	0.0072831
-0.42667	-0.052413	-0.03602
-0.39453	0.078288	-0.20121
-0.39959	-0.44592	-0.15009
-0.40294	0.078397	-0.16347
-0.37224	0.12008	0.12855
-0.41452	-0.58718	-0.012569
-0.43016	-0.57344	-0.071698
-0.40869	-0.46551	0.12894
-0.40544	0.16661	-0.073316
-0.41825	-0.064433	0.01415
-0.41874	-0.34811	-0.11776
-0.40538	0.12338	0.15339
-0.41957	0.04206	-0.12343
-0.43093	-0.32602	-0.030313
-0.41987	-0.33174	-0.069991
-0.45083	-0.56074	-0.10811
-0.42079	0.1038	-0.13167
-0.42096	-0.4139	0.1024
-0.43022	0.0039855	-0.0938
-0.41942	-0.39506	-0.16394
-0.41843	0.13383	-0.10075
-0.45065	-0.38883	-0.20017
-0.41887	-0.35649	0.0076416
-0.42568	-0.03315	-0.063816
-0.45395	0.18402	0.095654
-0.42521	-0.39221	0.075615
-0.42397	0.1702	0.062728
-0.42802	0.16949	0.037968
-0.42761	-0.39642	0.055231
-0.43503	0.099067	0.17641
-0.43144	-0.32862	-0.10514
-0.42343	0.16426	-0.023738
-0.45476	-0.32839	-0.0032946
-0.43317	-0.5162	0.080209
-0.4468	-0.35332	-0.18305
-0.43888	0.1015	-0.087728
-0.45797	0.30702	0.41284
-0.43019	-0.29846	-0.10447
-0.41926	-0.46995	-0.15566
-0.4404	0.061777	0.17215
-0.44105	-0.43098	0.064863
-0.45415	-0.31635	-0.16223
-0.45072	-0.27959	-0.055799
-0.45619	-0.52328	-0.14107
-0.45663	-0.046306	0.00042064
-0.45929	0.1384	0.17598
-0.46587	0.26349	0.40984
-0.43935	0.075601	-0.10467
-0.47745	-0.56763	-0.075095
-0.4473	-0.26256	-0.080256
-0.44135	-0.47438	0.081831
-0.46244	0.013352	-0.078661
-0.45068	-0.039555	0.036841
-0.46172	-0.2422	-0.094867
-0.47264	0.073057	-0.046511
-0.47308	0.0087048	0.15538
-0.43587	0.14914	-0.044757
-0.43866	-0.29953	-0.13626
-0.45358	-0.039377	0.06222
-0.48891	-0.39045	-0.21926
-0.46611	0.31948	0.3952
-0.48342	-0.50146	-0.16961
-0.47869	-0.55925	0.018862
-0.45115	-0.36319	0.034849
-0.42437	-0.022851	0.095582
-0.48423	0.26284	0.38038
-0.49028	-0.057969	-0.29661
-0.4645	0.32015	0.42337
-0.46991	0.086681	0.18425
-0.51053	-0.46744	-0.19979
-0.46515	-0.011031	-0.018393
-0.46753	-0.46393	0.057999
-0.45766	0.14715	0.22457
-0.45862	-0.017276	-0.047757
-0.4618	0.20529	0.2275
-0.45542	0.1696	0.2395
-0.46728	0.19209	0.29642
-0.48462	0.12987	-0.015197
-0.46242	-0.28297	-0.16383
-0.48225	-0.54927	-0.11552
-0.48988	-0.10049	-0.26992
-0.47159	0.25674	0.43377
-0.47629	-0.27414	-0.047754
-0.4632	-0.023473	0.11386
-0.50686	-0.32755	-0.0038744
-0.47203	-0.37137	-0.20875
-0.46667	0.11776	0.22745
-0.465	0.15107	0.28666
-0.47317	0.22496	0.28338
-0.48192	0.24423	0.20814
-0.47977	0.18474	0.13363
-0.46591	0.15338	0.0051123
-0.47763	0.097829	0.29107
-0.47754	0.15508	0.18769
-0.47695	0.10877	0.19296
-0.51514	-0.55297	-0.059511
-0.49889	0.34081	0.40149
-0.49218	0.18755	0.10766
-0.48353	0.22487	0.17188
-0.50251	0.39517	0.43045
-0.49203	-0.40521	0.048246
-0.50357	-0.018969	-0.22471
-0.49851	0.24878	0.45245
-0.50006	0.38609	0.41284
-0.4914	0.22601	0.40463
-0.49739	-0.35286	-0.21992
-0.49021	0.34414	0.41863
-0.50061	-0.072694	-0.24656
-0.48409	0.12504	0.33144
-0.49361	-0.021073	0.074767
-0.52428	-0.040407	-0.18624
-0.49965	-0.003247	0.14981
-0.47961	-0.50971	0.043816
-0.48418	0.090992	0.20499
-0.48503	-0.57194	-0.020781
-0.52602	-0.21905	-0.13244
-0.49224	0.33751	0.447
-0.51156	-0.12882	-0.29379
-0.49687	0.2109	0.14826
-0.5033	0.061678	0.20178
-0.49101	0.013147	-0.018442
-0.50448	-0.054172	-0.20068
-0.48938	0.033354	-0.047133
-0.51045	-0.040732	-0.29368
-0.49396	0.25273	0.28537
-0.49615	0.090461	0.3454
-0.505	0.24808	0.35171
-0.48854	0.062931	0.26122
-0.50129	-0.0056979	0.020546
-0.51353	-0.053381	-0.31528
-0.48709	0.16888	0.35154
-0.49495	0.035338	-0.024873
-0.50648	-0.24951	-0.075455
-0.52158	-0.23352	-0.18603
-0.50506	0.30614	0.37714
-0.52205	-0.35453	0.015286
-0.5107	-0.30166	-0.21332
-0.50719	-0.44293	0.049522
-0.53207	0.25224	0.46845
-0.50675	0.37775	0.45579
-0.50439	0.17568	0.085587
-0.51875	-0.39123	-0.22775
-0.53329	-0.1055	-0.35975
-0.51728	-0.22623	-0.16167
-0.49894	0.10068	-0.01429
-0.49589	0.060208	0.2986
-0.52704	-0.0049629	0.11557
-0.53042	0.15569	0.06492
-0.50962	-0.047642	-0.24473
-0.5191	0.26223	0.18179
-0.52	-0.14173	-0.33655
-0.51094	-0.086827	-0.22417
-0.5173	0.15286	0.39002
-0.51599	0.03885	0.29057
-0.52287	-0.524	-0.007889
-0.52216	-0.037092	-0.26411
-0.5107	0.33382	0.46485
-0.51679	0.25249	0.33915
-0.51315	0.2147	0.42921
-0.51452	0.26368	0.35565
-0.50726	0.20534	0.38767
-0.52319	-0.096985	-0.32001
-0.52522	0.12685	0.39977
-0.52748	-0.086038	-0.16835
-0.53846	0.044177	0.3514
-0.5302	0.040251	0.03955
-0.51081	-0.49149	0.030933
-0.53245	0.091775	0.39294
-0.51069	0.27584	0.25064
-0.52596	0.13438	0.039964
-0.51984	-0.13368	-0.21198
-0.54906	0.024083	0.24262
-0.51863	-0.49541	-0.17611
-0.53408	0.23068	0.13277
-0.53502	0.031917	0.17404
-0.5436	-0.25273	-0.21441
-0.53268	0.27356	0.47447
-0.51325	-0.14465	-0.26061
-0.53557	-0.23479	-0.078203
-0.52416	-0.17353	-0.28822
-0.52992	0.010206	0.069754
-0.54245	0.32624	0.38325
-0.55367	-0.28036	-0.035987
-0.5903	-0.32414	-0.25005
-0.5373	0.087708	0.040019
-0.55608	0.35889	0.4039
-0.55455	-0.15952	-0.35268
-0.52837	0.27836	0.29436
-0.5587	0.018774	0.2959
-0.55074	-0.48633	-0.17723
-0.53065	0.046212	0.20632
-0.54721	-0.20897	-0.23953
-0.56455	0.15425	0.07905
-0.54974	-0.062588	-0.16266
-0.54375	0.37844	0.44818
-0.54669	0.35744	0.46666
-0.55208	-0.41854	-0.22405
-0.55941	-0.41297	0.031866
-0.53555	0.19763	0.1095
-0.54693	0.38135	0.42201
-0.54295	-0.078788	-0.1574
-0.53266	0.28196	0.2446
-0.53961	-0.084827	-0.3288
-0.55504	-0.28315	-0.2258
-0.54499	-0.18487	-0.20126
-0.54508	-0.19819	-0.30106
-0.56398	-0.52361	-0.082165
-0.54648	-0.52672	-0.12324
-0.54409	-0.21421	-0.2074
-0.55945	0.025626	0.15291
-0.54091	0.18195	0.39919
-0.58572	-0.035898	-0.18268
-0.55272	-0.19565	-0.16943
-0.55509	-0.060965	-0.2951
-0.56166	0.24699	0.14953
-0.5642	-0.50156	-0.0069282
-0.55377	0.22334	0.46191
-0.52916	-0.026455	-0.24643
-0.56143	0.039024	0.076492
-0.55314	-0.22916	-0.09133
-0.57088	0.23956	0.20191
-0.55121	-0.32042	-0.23924
-0.55262	-0.16256	-0.16918
-0.58581	-0.44657	0.018042
-0.59224	-0.16889	-0.35555
-0.57001	0.20189	0.10525
-0.56422	0.31104	0.48064
-0.57403	0.055413	0.38349
-0.55852	-0.23377	-0.23015
-0.56973	-0.20575	-0.30914
-0.55491	0.25819	0.18068
-0.61722	0.29449	0.37056
-0.59205	0.25349	0.33998
-0.56876	-0.33542	-0.001622
-0.5785	-0.18315	-0.14442
-0.59856	0.17353	0.43076
-0.57372	-0.40328	-0.2263
-0.58153	-0.26787	-0.044374
-0.58418	0.26775	0.29825
-0.60135	0.13485	0.42546
-0.5676	0.034001	0.19131
-0.58604	-0.13255	-0.15019
-0.56816	0.17159	0.41839
-0.5982	0.097744	0.081828
-0.59177	-0.066431	-0.16171
-0.57683	0.028014	0.12399
-0.57152	-0.22857	-0.26849
-0.55236	-0.099974	-0.34733
-0.59092	0.39476	0.46712
-0.5659	-0.043425	-0.23999
-0.55858	0.27751	0.30408
-0.56991	0.40058	0.42804
-0.57424	-0.20623	-0.12676
-0.58783	-0.49862	-0.13215
-0.58697	-0.26711	-0.24031
-0.60557	0.22436	0.14259
-0.59686	0.015238	0.25096
-0.59144	0.15099	0.085815
-0.60364	-0.23226	-0.077814
-0.60774	0.32878	0.49313
-0.5927	0.034519	0.17901
-0.61119	-0.35074	-0.24758
-0.61693	-0.2287	-0.2938
-0.59102	-0.18124	-0.34019
-0.61605	-0.3838	-0.0050129
-0.60274	0.078649	0.090912
-0.63031	-0.31677	-0.23779
-0.61203	0.23541	0.47404
-0.60831	0.36108	0.40271
-0.58835	-0.50658	-0.066151
-0.60071	0.047031	0.11263
-0.612	-0.15976	-0.34839
-0.61469	0.02198	0.33711
-0.60663	0.40682	0.4495
-0.60952	0.015271	0.31335
-0.59169	-0.47234	-0.16633
-0.57412	0.41591	0.44426
-0.61047	0.20833	0.4612
-0.61874	-0.4631	-0.021098
-0.60778	-0.41576	-0.208
-0.61396	-0.26874	-0.26075
-0.62491	-0.46199	-0.13517
-0.59967	0.28001	0.48611
-0.64013	0.26533	0.348
-0.60759	0.20223	0.12477
-0.60747	-0.30693	-0.032364
-0.62786	0.34063	0.49003
-0.63278	-0.41093	-0.1931
-0.65588	0.1782	0.43666
-0.61403	-0.1972	-0.12404
-0.62515	0.04442	0.20193
-0.65169	0.063885	0.37804
-0.64295	0.14	0.42961
-0.62751	0.21113	0.15538
-0.59743	-0.082061	-0.25855
-0.64362	0.39008	0.42771
-0.64649	0.26053	0.48272
-0.63298	0.024062	0.30711
-0.66591	0.35592	0.47963
-0.64386	-0.24169	-0.086259
-0.62724	-0.27859	-0.059422
-0.64966	-0.4033	-0.1783
-0.63466	-0.067455	-0.18308
-0.62741	-0.18383	-0.33231
-0.64822	0.077715	0.15876
-0.62752	0.209	0.19082
-0.62699	0.13012	0.10716
-0.63565	0.040771	0.25405
-0.64284	-0.44732	-0.10606
-0.63479	-0.34599	-0.2471
-0.63263	-0.42115	-0.021797
-0.66301	-0.19938	-0.31212
-0.64323	0.16822	0.13485
-0.64225	-0.29501	-0.25094
-0.63649	0.36577	0.41002
-0.6486	-0.21665	-0.11789
-0.65396	-0.42174	-0.070936
-0.63979	-0.16868	-0.13277
-0.67529	-0.10283	-0.18949
-0.64014	0.054027	0.19021
-0.65941	-0.35712	-0.057129
-0.66194	0.35217	0.40231
-0.64937	0.39843	0.45329
-0.65072	0.037804	0.33736
-0.67129	-0.32199	-0.22528
-0.66343	0.058467	0.31245
-0.68525	-0.24746	-0.28673
-0.67331	-0.38221	-0.13829
-0.66952	-0.15776	-0.24907
-0.68021	-0.26639	-0.11392
-0.65847	-0.35329	-0.22527
-0.66208	0.22374	0.46626
-0.6747	0.1098	0.39222
-0.67656	0.072317	0.23905
-0.67213	0.18253	0.16251
-0.68663	0.37386	0.43291
-0.6661	0.20042	0.17532
-0.68576	-0.21564	-0.29431
-0.67113	-0.10423	-0.17187
-0.67912	-0.28601	-0.099338
-0.67514	0.077353	0.35839
-0.67559	0.31483	0.38833
-0.63214	0.26206	0.32964
-0.67839	-0.22216	-0.12885
-0.68374	0.36986	0.45373
-0.68622	0.31626	0.48047
-0.67116	-0.36457	-0.082589
-0.6838	0.14187	0.17794
-0.66739	0.21869	0.24368
-0.68929	0.1979	0.18758
-0.68163	0.27276	0.36334
-0.69442	0.10565	0.22549
-0.71226	-0.31498	-0.25452
-0.71309	-0.18211	-0.15104
-0.69173	-0.32987	-0.19685
-0.70256	0.15674	0.41887
-0.70014	0.25748	0.46723
-0.70256	0.19115	0.42754
-0.69185	-0.34511	-0.14309
-0.709	-0.14125	-0.1705
-0.68999	-0.31347	-0.12226
-0.69726	-0.31693	-0.16777
-0.68789	0.33607	0.40749
-0.71362	0.26164	0.37435
-0.7011	0.30642	0.46625
-0.74472	-0.30531	-0.27047
-0.71904	0.12415	0.34975
-0.70213	0.21328	0.22875
-0.70757	-0.31416	-0.20161
-0.70746	-0.26107	-0.14941
-0.70107	0.33717	0.43583
-0.717	-0.2391	-0.1467
-0.70715	-0.28558	-0.16205
-0.71515	0.22532	0.27735
-0.71228	0.29605	0.41153
-0.72468	0.13727	0.2762
-0.70811	0.19837	0.21626
-0.72331	-0.15173	-0.19185
-0.7067	0.14926	0.21612
-0.72597	0.23354	0.40154
-0.71762	0.20926	0.41916
-0.7109	0.10297	0.29536
-0.73428	-0.25916	-0.27859
-0.72201	0.2136	0.26061
-0.72945	0.1865	0.26756
-0.72768	0.17018	0.39991
-0.74442	0.19629	0.37448
-0.72662	-0.32242	-0.24233
-0.73584	0.23677	0.32776
-0.73845	0.16577	0.31538
-0.77915	-0.27409	-0.19818
-0.7473	0.21523	0.35027
-0.76146	-0.19484	-0.18437
-0.77281	-0.31393	-0.24856
-0.77409	-0.3043	-0.21581
-0.76111	-0.22574	-0.17252
-0.775	-0.22235	-0.20985
-0.75341	-0.32006	-0.22955
-0.77062	-0.2948	-0.25847
-0.78392	-0.2631	-0.23024
-0.78975	-0.2723	-0.21013
-0.41571	-0.37244	0.033829
-0.40358	-0.36869	0.038781
-0.50038	0.21801	0.37075
0.48916	0.05841	-0.0065065
0.078646	-0.011873	0.21068
-0.63318	-0.14474	-0.14522
