3	1582	1530	1597
3	307	391	414
3	307	301	391
3	1617	1620	1690
3	873	882	953
3	1353	1322	1271
3	1044	940	1069
3	1781	1865	1867
3	373	363	421
3	303	314	431
3	235	289	306
3	289	307	306
3	235	206	289
3	1900	1890	1918
3	1686	1679	1687
3	1661	1622	1687
3	1075	1134	1162
3	1020	1063	1075
3	784	791	829
3	784	757	791
3	339	414	419
3	339	419	363
3	339	307	414
3	363	306	339
3	306	307	339
3	268	301	307
3	289	268	307
3	289	206	268
3	206	207	268
3	1897	1926	1944
3	1897	1944	1940
3	1897	1912	1926
3	1899	1897	1940
3	1858	1863	1897
3	1155	1038	1197
3	1638	1686	1687
3	1686	1683	1711
3	1622	1638	1687
3	1638	1683	1686
3	1622	1604	1638
3	1638	1617	1683
3	1582	1597	1604
3	1597	1617	1604
3	1617	1597	1619
3	1427	1430	1506
3	1350	1430	1427
3	1361	1364	1430
3	1350	1361	1430
3	1350	1294	1361
3	1338	1335	1364
3	1361	1338	1364
3	1294	1338	1361
3	1294	1215	1338
3	1250	1215	1294
3	1250	1162	1215
3	1200	1276	1338
3	1134	1215	1162
3	1215	1157	1338
3	1338	1157	1200
3	1134	1157	1215
3	1157	1196	1200
3	1134	1115	1157
3	1157	1117	1196
3	1075	1115	1134
3	1115	1117	1157
3	1075	1063	1115
3	1115	1023	1117
3	1063	1023	1115
3	1020	1023	1063
3	941	1002	1023
3	1020	941	1023
3	941	967	1002
3	920	967	941
3	911	920	941
3	820	911	941
3	829	820	941
3	911	887	920
3	820	887	911
3	791	820	829
3	750	769	820
3	820	757	750
3	791	757	820
3	757	700	750
3	711	769	750
3	711	774	769
3	711	712	774
3	1905	1899	1940
3	1899	1858	1897
3	1836	1858	1899
3	1850	1836	1899
3	1850	1899	1905
3	1877	1850	1905
3	1785	1836	1850
3	1818	1850	1877
3	1818	1785	1850
3	1818	1733	1785
3	1733	1740	1785
3	1791	1733	1818
3	1766	1791	1818
3	1690	1733	1791
3	1711	1690	1791
3	1711	1683	1690
3	1690	1683	1617
3	1619	1620	1617
3	1430	1465	1506
3	1430	1453	1465
3	1364	1453	1430
3	1335	1367	1364
3	1364	1367	1453
3	1291	1344	1453
3	1367	1291	1453
3	1335	1291	1367
3	1335	1276	1291
3	1338	1276	1335
3	1276	1256	1291
3	1296	1291	1256
3	1256	1272	1296
3	1200	1256	1276
3	1296	1272	1330
3	1200	1196	1256
3	893	887	855
3	769	887	820
3	769	796	887
3	887	843	855
3	796	843	887
3	796	755	843
3	796	734	755
3	769	774	796
3	796	774	734
3	704	755	734
3	712	734	774
3	755	704	697
3	734	712	704
3	1453	1445	1465
3	1445	1423	1465
3	1396	1420	1445
3	1420	1423	1445
3	1344	1445	1453
3	1420	1403	1423
3	1396	1403	1420
3	1344	1296	1354
3	1296	1330	1354
3	1296	1344	1291
3	828	873	854
3	861	854	876
3	755	854	861
3	843	755	861
3	854	802	828
3	755	802	854
3	755	697	802
3	1403	1380	1423
3	1394	1403	1422
3	1394	1380	1403
3	1371	1380	1394
3	1371	1353	1380
3	962	953	981
3	938	953	962
3	938	873	953
3	854	873	938
3	934	938	962
3	912	854	938
3	934	912	938
3	1362	1394	1438
3	1438	1394	1422
3	1406	1362	1438
3	1362	1371	1394
3	1362	1322	1371
3	1336	1362	1406
3	1322	1353	1371
3	1336	1322	1362
3	1260	1322	1336
3	1255	1336	1347
3	1255	1260	1336
3	1260	1271	1322
3	1203	1260	1255
3	1260	1176	1271
3	1203	1121	1260
3	1121	1176	1260
3	1203	1166	1121
3	1121	1069	1176
3	1056	1121	1166
3	1098	1056	1166
3	1044	1069	1121
3	1122	1098	1166
3	1056	1044	1121
3	953	940	1044
3	1028	1056	1098
3	953	1044	1056
3	981	953	1056
3	1028	981	1056
3	140	136	146
3	108	71	140
3	71	136	140
3	71	88	136
3	88	131	136
3	88	118	131
3	88	65	118
3	71	73	88
3	75	40	71
3	71	40	73
3	73	65	88
3	49	40	75
3	40	65	73
3	40	52	65
3	164	224	184
3	131	164	184
3	136	131	184
3	131	148	164
3	131	135	148
3	135	105	148
3	105	107	148
3	49	39	40
3	36	61	52
3	40	36	52
3	40	39	36
3	61	62	76
3	36	43	61
3	61	43	62
3	37	36	39
3	36	37	43
3	43	37	46
3	267	242	269
3	224	205	267
3	205	242	267
3	164	205	224
3	205	197	242
3	205	164	182
3	205	182	197
3	164	144	182
3	145	173	197
3	182	145	197
3	148	144	164
3	182	144	145
3	115	90	145
3	78	90	115
3	90	81	133
3	81	90	78
3	81	69	133
3	46	81	78
3	46	37	69
3	46	69	81
3	43	46	62
3	303	269	314
3	263	293	314
3	269	263	314
3	269	242	263
3	263	237	293
3	242	197	263
3	197	237	263
3	197	173	237
3	173	194	237
3	173	142	194
3	194	142	179
3	145	90	173
3	90	142	173
3	90	133	142
3	1916	1884	1933
3	1865	1884	1916
3	1820	1884	1865
3	1890	1865	1916
3	1867	1865	1890
3	1757	1820	1865
3	1781	1757	1865
3	1757	1760	1820
3	1781	1746	1757
3	1746	1738	1757
3	1757	1718	1760
3	1738	1718	1757
3	1685	1718	1738
3	1720	1685	1738
3	1685	1701	1718
3	314	309	373
3	309	363	373
3	293	309	314
3	309	306	363
3	237	309	293
3	235	306	309
3	237	235	309
3	237	194	235
3	194	179	235
3	1918	1933	1974
3	1926	1918	1974
3	1916	1933	1918
3	1900	1918	1926
3	1918	1890	1916
3	1679	1685	1720
3	1685	1680	1701
3	1665	1685	1679
3	1680	1669	1701
3	1665	1680	1685
3	1665	1668	1680
3	1668	1669	1680
3	1667	1669	1668
3	1968	1944	1974
3	1944	1926	1974
3	1971	1968	1977
3	1971	1944	1968
3	1940	1944	1971
3	1969	1971	1977
3	1665	1679	1686
3	1691	1686	1711
3	1691	1665	1686
3	1667	1691	1682
3	1681	1667	1682
3	1669	1667	1681
3	1667	1665	1691
3	1668	1665	1667
3	1057	1120	1154
3	1117	1057	1154
3	1057	1076	1120
3	1023	1057	1117
3	1002	1057	1023
3	1002	1014	1057
3	984	1014	1002
3	967	984	1002
3	946	984	967
3	920	946	967
3	984	946	986
3	893	946	920
3	893	914	946
3	887	893	920
3	914	915	946
3	1459	1511	1567
3	1942	1971	1969
3	1942	1940	1971
3	1960	1942	1969
3	1942	1927	1940
3	1929	1927	1942
3	1941	1942	1960
3	1927	1905	1940
3	1898	1929	1942
3	1941	1898	1942
3	1877	1927	1929
3	1877	1905	1927
3	1898	1886	1929
3	1929	1886	1877
3	1848	1877	1886
3	1813	1886	1898
3	1813	1848	1886
3	1848	1818	1877
3	1807	1818	1848
3	1823	1807	1848
3	1823	1848	1813
3	1807	1766	1818
3	1742	1807	1823
3	1742	1766	1807
3	1766	1711	1791
3	1691	1711	1766
3	1742	1691	1766
3	1691	1742	1682
3	1329	1334	1354
3	1330	1329	1354
3	1272	1329	1330
3	1272	1220	1329
3	1196	1272	1256
3	1196	1154	1272
3	1154	1220	1272
3	1154	1191	1220
3	1196	1117	1154
3	914	855	915
3	893	855	914
3	885	902	915
3	855	885	915
3	855	853	885
3	886	853	895
3	853	886	885
3	855	843	853
3	1354	1396	1445
3	1344	1354	1445
3	1396	1407	1403
3	1354	1365	1396
3	1396	1365	1407
3	1354	1334	1365
3	1365	1382	1407
3	876	912	925
3	895	876	925
3	853	861	895
3	876	854	912
3	861	876	895
3	853	843	861
3	1404	1463	1457
3	1422	1457	1485
3	1457	1407	1404
3	1422	1407	1457
3	1422	1403	1407
3	1404	1435	1463
3	1382	1404	1407
3	1325	1230	1288
3	1230	1129	1207
3	964	994	1011
3	964	954	994
3	966	962	981
3	934	962	966
3	964	934	966
3	925	912	964
3	925	964	1011
3	954	964	966
3	912	934	964
3	1457	1463	1509
3	1485	1509	1534
3	1463	1534	1509
3	1485	1534	1492
3	1485	1457	1509
3	1463	1486	1534
3	1438	1422	1485
3	1492	1406	1485
3	1463	1435	1486
3	1406	1438	1485
3	1412	1406	1492
3	1409	1393	1412
3	1406	1412	1393
3	1393	1336	1406
3	1409	1370	1393
3	1393	1347	1336
3	1370	1347	1393
3	1381	1370	1409
3	1381	1345	1370
3	1345	1347	1370
3	1355	1345	1381
3	1355	1325	1345
3	1345	1288	1347
3	1325	1288	1345
3	1288	1255	1347
3	1230	1207	1288
3	1207	1185	1255
3	1207	1255	1288
3	1185	1203	1255
3	1185	1166	1203
3	1207	1129	1185
3	1122	1166	1185
3	1122	1185	1171
3	1129	1171	1185
3	1133	1122	1171
3	1129	1102	1171
3	1102	1133	1171
3	1139	1133	1149
3	1133	1102	1149
3	1098	1122	1139
3	1122	1133	1139
3	1061	1098	1139
3	1028	1098	1061
3	1058	1001	949
3	994	954	1001
3	985	981	1028
3	954	949	1001
3	985	966	981
3	949	966	985
3	954	966	949
3	1492	1534	1508
3	1510	1508	1555
3	1510	1492	1508
3	1412	1492	1510
3	1409	1412	1510
3	1433	1409	1510
3	1381	1409	1433
3	1112	1139	1149
3	1112	1149	1175
3	1061	1139	1112
3	1130	1112	1175
3	1058	949	1084
3	949	1073	1084
3	985	1028	1061
3	1073	985	1061
3	1073	949	985
3	1175	1138	1130
3	1112	1073	1061
3	1073	1112	1130
3	1073	1130	1084
3	801	809	850
3	135	131	118
3	91	135	118
3	118	52	91
3	65	52	118
3	52	76	91
3	91	105	135
3	107	144	148
3	107	87	144
3	91	76	105
3	76	87	107
3	105	76	107
3	52	61	76
3	62	87	76
3	144	115	145
3	87	115	144
3	62	78	115
3	87	62	115
3	62	46	78
3	1933	1925	1948
3	1884	1925	1933
3	1884	1885	1925
3	1925	1885	1948
3	1884	1832	1885
3	1820	1832	1884
3	1760	1832	1820
3	1832	1755	1835
3	1832	1760	1755
3	1745	1835	1755
3	1745	1803	1835
3	1718	1755	1760
3	1701	1745	1755
3	1718	1701	1755
3	1701	1723	1745
3	1803	1745	1753
3	1982	1978	1979
3	1959	1978	1982
3	1959	1948	1978
3	1933	1959	1974
3	1933	1948	1959
3	1915	1866	1888
3	1076	1026	1187
3	1026	1091	1187
3	1014	1026	1076
3	1018	1026	1014
3	1014	986	1018
3	1982	1979	1984
3	1977	1982	1984
3	1968	1959	1982
3	1968	1974	1959
3	1968	1982	1977
3	1981	1976	1977
3	1966	1976	1981
3	1941	1960	1966
3	1935	1831	1941
3	1898	1941	1831
3	1813	1898	1831
3	1843	1794	1831
3	1794	1813	1831
3	1780	1794	1843
3	1780	1761	1794
3	1717	1761	1780
3	1719	1717	1780
3	1719	1681	1717
3	1761	1682	1742
3	1717	1682	1761
3	1681	1682	1717
3	1187	1205	1191
3	1120	1187	1191
3	1154	1120	1191
3	1120	1076	1187
3	1057	1014	1076
3	984	986	1014
3	946	945	986
3	915	945	946
3	1976	1969	1977
3	1966	1960	1976
3	1960	1969	1976
3	1794	1823	1813
3	1794	1742	1823
3	1761	1742	1794
3	1329	1310	1334
3	1220	1310	1329
3	1334	1310	1337
3	1310	1284	1337
3	1284	1277	1337
3	1220	1191	1310
3	1205	1265	1310
3	1191	1205	1310
3	902	945	915
3	902	943	945
3	902	910	943
3	910	933	971
3	910	901	933
3	885	886	902
3	886	910	902
3	886	901	910
3	886	895	901
3	1334	1337	1365
3	1365	1340	1382
3	1337	1340	1365
3	1277	1340	1337
3	1300	1303	1340
3	1186	1303	1300
3	1119	1172	1186
3	999	959	1036
3	1009	980	999
3	933	980	1009
3	980	959	999
3	933	895	980
3	895	925	980
3	901	895	933
3	925	959	980
3	959	925	1011
3	1391	1404	1382
3	1382	1340	1391
3	1340	1303	1391
3	1391	1435	1404
3	1435	1391	1372
3	1326	1372	1391
3	1303	1326	1391
3	1258	1251	1326
3	1326	1355	1372
3	1325	1355	1326
3	1251	1325	1326
3	1303	1258	1326
3	1186	1258	1303
3	1251	1202	1325
3	1172	1258	1186
3	1202	1230	1325
3	1172	1251	1258
3	1109	1202	1251
3	1172	1109	1251
3	1107	1129	1230
3	1202	1107	1230
3	1109	1107	1202
3	1119	1065	1172
3	1041	1109	1172
3	1065	1041	1172
3	1107	1089	1129
3	1089	1107	1109
3	1036	1041	1065
3	1041	1089	1109
3	1041	1011	1089
3	1036	1011	1041
3	1011	1030	1089
3	959	1011	1036
3	1030	1039	1089
3	1030	1011	994
3	1534	1486	1508
3	1355	1383	1372
3	1089	1102	1129
3	1102	1039	1138
3	1089	1039	1102
3	1030	1058	1039
3	1030	1001	1058
3	1030	994	1001
3	1508	1446	1555
3	1508	1440	1446
3	1486	1435	1508
3	1435	1440	1508
3	1440	1410	1446
3	1446	1410	1433
3	1410	1381	1433
3	1149	1138	1175
3	1102	1138	1149
3	1039	1058	1138
3	1058	1084	1138
3	1510	1555	1446
3	1446	1433	1510
3	1084	1130	1138
3	1870	1860	1881
3	1881	1860	1924
3	1885	1828	1881
3	1832	1828	1885
3	1828	1870	1881
3	1832	1835	1828
3	1809	1860	1870
3	1828	1809	1870
3	1751	1828	1835
3	1803	1751	1835
3	1753	1751	1803
3	1751	1809	1828
3	1695	1731	1809
3	1751	1695	1809
3	1697	1751	1753
3	1697	1674	1751
3	1674	1695	1751
3	1978	1973	1979
3	1948	1973	1978
3	1948	1950	1973
3	1973	1972	1979
3	1948	1885	1950
3	1885	1881	1950
3	1881	1924	1950
3	1750	1825	1752
3	1824	1727	1752
3	1383	1410	1440
3	1435	1372	1440
3	1752	1719	1750
3	1355	1381	1383
3	1381	1410	1383
3	1372	1383	1440
3	1727	1653	1752
3	1658	1719	1752
3	1653	1658	1752
3	1697	1639	1674
3	1658	1639	1697
3	1639	1629	1674
3	1689	1653	1727
3	1653	1639	1658
3	1629	1639	1653
3	1026	1018	1091
3	986	997	1018
3	1979	1956	1984
3	1956	1981	1984
3	1972	1956	1979
3	1984	1981	1977
3	1956	1966	1981
3	1956	1935	1966
3	1934	1943	1956
3	1943	1935	1956
3	1876	1935	1943
3	1935	1941	1966
3	1934	1824	1943
3	1824	1876	1943
3	1825	1935	1876
3	1752	1825	1876
3	1825	1843	1935
3	1752	1876	1824
3	1750	1843	1825
3	1774	1727	1824
3	1843	1750	1780
3	1719	1780	1750
3	1205	1254	1265
3	1254	1205	1241
3	1187	1145	1205
3	1091	1143	1145
3	1187	1091	1145
3	1091	1034	1096
3	1018	1034	1091
3	1018	997	1034
3	997	998	1034
3	998	1017	1034
3	998	990	1017
3	986	945	997
3	997	978	998
3	945	978	997
3	965	990	998
3	978	965	998
3	943	978	945
3	943	965	978
3	1265	1284	1310
3	1265	1254	1284
3	1284	1254	1244
3	1254	1274	1244
3	1227	1277	1284
3	1244	1227	1284
3	1199	1244	1274
3	1227	1268	1277
3	1244	1199	1227
3	1167	1204	1199
3	1199	1204	1227
3	1173	1204	1167
3	1095	1173	1167
3	1068	1114	1173
3	1095	1054	1173
3	1054	1068	1173
3	1054	1009	1068
3	957	971	1054
3	971	933	1054
3	910	957	943
3	943	957	965
3	957	910	971
3	1277	1268	1300
3	1268	1186	1300
3	1204	1186	1268
3	1227	1204	1268
3	1114	1186	1204
3	1173	1114	1204
3	1119	1186	1114
3	1068	1077	1114
3	1114	1077	1119
3	1077	1065	1119
3	1033	1077	1068
3	1009	1033	1068
3	1036	1065	1077
3	1054	933	1009
3	1033	1036	1077
3	1009	999	1033
3	999	1036	1033
3	1809	1769	1860
3	1809	1731	1769
3	1949	1972	1973
3	1950	1949	1973
3	1949	1957	1972
3	1924	1949	1950
3	1949	1938	1957
3	1924	1889	1949
3	1889	1938	1949
3	1860	1889	1924
3	1889	1879	1938
3	1860	1875	1889
3	1889	1852	1879
3	1875	1852	1889
3	1860	1769	1875
3	1819	1852	1875
3	1769	1819	1875
3	1769	1749	1819
3	1749	1788	1819
3	1731	1749	1769
3	1732	1788	1749
3	1731	1674	1749
3	1695	1674	1731
3	1709	1732	1749
3	1674	1660	1749
3	1629	1660	1674
3	1660	1709	1749
3	1660	1699	1709
3	1653	1689	1699
3	1660	1653	1699
3	1629	1653	1660
3	1967	1956	1972
3	1957	1967	1972
3	1957	1963	1967
3	1967	1934	1956
3	1957	1937	1963
3	1963	1955	1967
3	1955	1934	1967
3	1928	1955	1963
3	1928	1914	1955
3	1914	1934	1955
3	1907	1934	1914
3	1907	1824	1934
3	1907	1914	1888
3	1861	1824	1907
3	1888	1861	1907
3	1861	1778	1824
3	1778	1774	1824
3	1844	1778	1861
3	1792	1778	1844
3	1844	1787	1792
3	1696	1774	1778
3	1774	1689	1727
3	1696	1689	1774
3	1696	1778	1792
3	1692	1696	1792
3	1696	1699	1689
3	1692	1709	1699
3	1696	1692	1699
3	1241	1274	1254
3	1241	1195	1274
3	1205	1145	1241
3	1143	1195	1241
3	1145	1143	1241
3	1091	1096	1143
3	1096	1135	1143
3	1096	1074	1135
3	1034	1037	1096
3	1037	1074	1096
3	1034	1017	1037
3	1037	1017	1074
3	1025	1046	1074
3	1017	1025	1074
3	965	1025	1017
3	1025	965	1004
3	990	965	1017
3	1206	1274	1195
3	1140	1199	1274
3	1206	1140	1274
3	1140	1167	1199
3	1140	1062	1167
3	1062	1095	1167
3	1046	1062	1140
3	1004	1062	1046
3	1062	1004	1095
3	1025	1004	1046
3	1004	1054	1095
3	965	957	1004
3	1879	1891	1938
3	1879	1841	1891
3	1879	1852	1841
3	1852	1788	1841
3	1819	1788	1852
3	1732	1787	1788
3	1732	1692	1787
3	1709	1692	1732
3	1938	1937	1957
3	1937	1928	1963
3	1938	1891	1937
3	1937	1915	1928
3	1891	1915	1937
3	1915	1888	1928
3	1928	1888	1914
3	1891	1841	1915
3	1841	1866	1915
3	1844	1861	1888
3	1869	1844	1888
3	1866	1869	1888
3	1841	1869	1866
3	1788	1869	1841
3	1787	1869	1788
3	1869	1787	1844
3	1787	1692	1792
3	1195	1135	1206
3	1143	1135	1195
3	1074	1099	1135
3	1135	1099	1206
3	1140	1206	1099
3	1099	1046	1140
3	1074	1046	1099
3	1961	1990	1980
3	1990	1965	1983
3	1965	1962	1983
3	1990	1983	1987
3	1992	1975	1991
3	1989	1992	1993
3	1983	1988	1993
3	1991	1986	1992
3	1987	1986	1990
3	1986	1993	1992
3	1986	1987	1993
3	1987	1983	1993
3	83	219	202
3	582	611	617
3	617	611	637
3	611	636	637
3	637	636	702
3	1332	1286	1343
3	1343	1356	1443
3	1671	1729	1726
3	1726	1729	1768
3	1708	1736	1805
3	1736	1726	1801
3	1768	1729	1796
3	1953	1932	1965
3	1961	1947	1954
3	1954	1953	1965
3	1951	1953	1954
3	1947	1951	1954
3	1954	1965	1961
3	1961	1965	1990
3	83	38	86
3	219	83	86
3	86	198	219
3	219	198	227
3	584	604	610
3	584	610	611
3	611	655	636
3	611	610	655
3	610	604	651
3	655	610	685
3	651	647	691
3	610	651	691
3	1136	1170	1210
3	1210	1170	1259
3	1210	1259	1285
3	1285	1286	1210
3	1286	1285	1343
3	1285	1259	1297
3	1343	1285	1356
3	1285	1297	1386
3	1650	1646	1630
3	1646	1650	1671
3	1607	1623	1630
3	1650	1603	1634
3	1635	1630	1642
3	1630	1623	1650
3	1623	1603	1650
3	1635	1607	1630
3	1646	1671	1726
3	1650	1634	1671
3	1939	1913	1953
3	1909	1913	1939
3	1951	1939	1953
3	1920	1939	1951
3	1920	1909	1939
3	1920	1901	1909
3	25	18	30
3	30	18	44
3	18	32	44
3	38	44	86
3	32	58	44
3	44	128	86
3	44	58	128
3	86	128	198
3	128	58	122
3	58	32	122
3	32	110	122
3	128	169	198
3	122	157	128
3	122	138	157
3	128	157	169
3	198	169	227
3	122	110	138
3	157	192	169
3	157	138	204
3	192	157	214
3	110	172	200
3	157	204	214
3	138	110	200
3	138	200	240
3	204	138	240
3	647	652	679
3	608	646	635
3	652	635	679
3	635	646	679
3	647	679	691
3	646	661	708
3	679	646	742
3	646	708	742
3	691	679	742
3	708	661	688
3	1170	1136	1180
3	1136	1127	1183
3	1180	1183	1233
3	1170	1180	1259
3	1180	1233	1253
3	1233	1183	1248
3	1259	1180	1253
3	1259	1253	1297
3	1562	1579	1571
3	1571	1579	1603
3	1607	1571	1603
3	1606	1571	1607
3	1606	1607	1635
3	1607	1603	1623
3	1615	1606	1625
3	1816	1857	1903
3	1903	1857	1913
3	1816	1903	1871
3	1909	1903	1913
3	1871	1903	1909
3	6	18	25
3	6	10	18
3	204	210	214
3	204	240	239
3	239	210	204
3	240	200	253
3	240	253	264
3	239	240	264
3	231	239	234
3	239	264	281
3	239	281	285
3	239	285	234
3	596	560	605
3	608	596	646
3	596	605	646
3	646	605	661
3	661	605	666
3	661	666	688
3	1088	1113	1127
3	1088	1010	1113
3	1127	1113	1183
3	1183	1113	1208
3	1113	1144	1208
3	1183	1208	1248
3	1278	1243	1214
3	1214	1304	1278
3	1316	1278	1358
3	1278	1304	1358
3	1327	1316	1384
3	1384	1316	1358
3	1384	1358	1421
3	1358	1447	1448
3	1358	1304	1447
3	1304	1376	1447
3	1358	1448	1493
3	1448	1447	1515
3	1493	1448	1515
3	1515	1447	1490
3	1515	1490	1562
3	1574	1515	1562
3	1574	1562	1571
3	1574	1571	1615
3	1571	1606	1615
3	1633	1693	1664
3	1730	1664	1693
3	1816	1730	1790
3	1759	1730	1816
3	1808	1759	1816
3	1816	1790	1857
3	1808	1816	1871
3	2	0	6
3	1	2	4
3	1	0	2
3	6	0	10
3	1	4	7
3	3	1	7
3	0	1	3
3	275	234	285
3	285	281	297
3	272	247	275
3	298	272	275
3	305	285	297
3	275	285	305
3	275	305	298
3	298	305	318
3	298	318	384
3	331	298	384
3	318	355	384
3	423	384	500
3	384	355	500
3	355	392	432
3	355	432	500
3	432	392	453
3	432	464	465
3	465	500	432
3	432	480	464
3	432	453	480
3	500	465	497
3	504	464	480
3	464	504	509
3	453	477	486
3	504	505	540
3	504	540	546
3	560	546	572
3	546	540	570
3	560	572	605
3	546	570	572
3	572	570	613
3	605	572	666
3	572	613	653
3	572	653	666
3	960	955	1042
3	955	1029	1042
3	1010	960	1042
3	1010	1042	1113
3	1113	1042	1144
3	1042	1029	1116
3	1029	1078	1116
3	1042	1116	1144
3	1152	1078	1110
3	1081	1131	1151
3	1131	1177	1243
3	1151	1131	1243
3	1152	1110	1212
3	1110	1151	1212
3	1152	1212	1235
3	1151	1243	1221
3	1212	1151	1221
3	1235	1212	1221
3	1221	1243	1278
3	1221	1278	1316
3	1221	1316	1327
3	1626	1600	1643
3	1573	1567	1626
3	1643	1633	1664
3	1626	1643	1664
3	1626	1664	1705
3	1664	1730	1759
3	1705	1664	1759
3	0	3	5
3	3	7	13
3	5	3	13
3	13	17	24
3	5	13	20
3	13	24	20
3	20	24	50
3	217	106	181
3	106	217	163
3	163	217	226
3	226	217	272
3	243	226	272
3	243	272	299
3	243	299	286
3	299	272	338
3	1004	957	1054
3	272	298	338
3	331	338	298
3	480	453	486
3	486	505	480
3	504	480	505
3	523	486	537
3	486	523	505
3	540	505	523
3	570	540	523
3	613	570	615
3	570	523	615
3	523	588	615
3	597	575	581
3	615	588	660
3	613	615	694
3	660	694	615
3	694	660	695
3	899	862	936
3	878	899	955
3	899	936	973
3	955	899	973
3	955	973	1029
3	1029	973	1019
3	1029	1019	1078
3	973	1021	1019
3	1021	1052	1019
3	1021	1049	1052
3	1019	1052	1078
3	1052	1110	1078
3	1110	1052	1151
3	1442	1411	1459
3	1537	1442	1459
3	1573	1459	1567
3	1537	1459	1573
3	1567	1600	1626
3	5	20	23
3	23	20	26
3	20	50	106
3	26	20	70
3	20	106	85
3	70	20	85
3	85	106	163
3	70	85	149
3	85	163	180
3	149	85	180
3	180	163	226
3	149	180	186
3	180	226	243
3	186	180	244
3	244	180	243
3	244	243	271
3	271	243	286
3	246	244	271
3	276	271	286
3	528	549	575
3	575	549	612
3	575	612	631
3	588	631	660
3	612	683	631
3	660	631	683
3	660	683	721
3	695	660	721
3	686	695	721
3	695	686	716
3	686	721	725
3	676	686	725
3	721	683	735
3	721	735	751
3	725	721	751
3	676	725	751
3	751	735	766
3	735	779	766
3	783	751	766
3	766	779	811
3	779	807	811
3	783	766	811
3	811	807	859
3	840	783	811
3	840	849	819
3	840	811	849
3	849	811	868
3	819	849	868
3	819	868	862
3	868	811	859
3	890	859	898
3	868	859	890
3	862	868	890
3	862	890	936
3	890	898	988
3	936	890	1000
3	973	936	1021
3	890	988	1000
3	1021	936	1064
3	936	1000	1064
3	988	1086	1108
3	1000	988	1108
3	1108	1086	1158
3	1108	1158	1190
3	1190	1158	1262
3	1262	1158	1308
3	1262	1308	1411
3	1262	1411	1408
3	1442	1408	1411
3	1411	1363	1459
3	186	244	246
3	186	246	257
3	257	246	380
3	266	257	366
3	257	380	366
3	366	380	433
3	380	390	433
3	366	433	470
3	433	390	452
3	433	452	470
3	456	366	470
3	457	456	524
3	456	470	524
3	470	514	524
3	524	514	549
3	524	549	528
3	614	676	675
3	675	676	693
3	693	676	751
3	675	693	717
3	699	675	717
3	693	751	783
3	717	693	782
3	693	783	782
3	699	717	767
3	767	717	782
3	767	782	792
3	764	767	792
3	805	782	783
3	792	782	805
3	805	783	840
3	630	614	674
3	674	614	675
3	633	630	674
3	675	699	674
3	633	674	692
3	692	674	699
3	633	692	709
3	709	692	728
3	692	699	767
3	728	692	767
3	728	767	764
3	709	728	753
3	728	764	753
3	562	559	577
3	577	559	630
3	562	577	598
3	577	630	633
3	577	633	598
3	598	633	709
3	650	598	709
3	650	709	753
3	562	598	578
3	900	827	874
3	975	900	947
3	961	975	1051
3	961	1051	1111
3	947	1024	975
3	975	1024	1137
3	1051	975	1137
3	1165	1111	1051
3	1137	1024	1211
3	1024	1126	1211
3	1051	1137	1211
3	1165	1051	1211
3	1126	1209	1211
3	765	803	762
3	762	803	827
3	827	803	874
3	803	841	874
3	900	874	947
3	874	841	937
3	937	841	894
3	947	874	937
3	947	937	1024
3	937	1015	1024
3	937	894	1015
3	1015	894	950
3	1015	950	1024
3	950	1094	1024
3	1024	1094	1126
3	1094	1128	1228
3	1126	1094	1228
3	1209	1126	1228
3	1348	1228	1399
3	1228	1328	1399
3	1817	1779	1856
3	1779	1822	1856
3	1779	1798	1822
3	747	739	765
3	739	756	765
3	765	756	803
3	803	756	801
3	803	801	841
3	801	850	841
3	841	850	894
3	850	863	897
3	894	850	897
3	863	903	897
3	894	897	950
3	903	992	897
3	897	992	950
3	903	1005	992
3	950	992	1101
3	1094	950	1101
3	992	1005	1101
3	1843	1831	1935
3	1094	1101	1128
3	1101	1005	1128
3	1005	1142	1128
3	1228	1128	1273
3	1128	1252	1273
3	1128	1142	1252
3	1228	1273	1328
3	1273	1252	1332
3	1839	1873	1855
3	1873	1847	1906
3	1873	1919	1855
3	1847	1859	1906
3	1919	1873	1906
3	1906	1859	1917
3	1919	1906	1958
3	1906	1917	1945
3	1906	1945	1958
3	1945	1917	1980
3	1980	1917	1961
3	1945	1980	1958
3	1975	1958	1991
3	1980	1986	1958
3	1986	1980	1990
3	1991	1958	1986
3	636	655	702
3	702	655	722
3	739	702	756
3	702	722	756
3	722	738	758
3	756	722	801
3	722	758	801
3	801	758	809
3	809	863	850
3	809	845	863
3	863	845	884
3	863	884	903
3	884	869	970
3	869	931	970
3	979	903	884
3	979	884	970
3	903	979	1005
3	979	970	1003
3	979	1003	1055
3	1005	979	1055
3	1005	1055	1105
3	1005	1105	1142
3	1105	1103	1141
3	1105	1141	1142
3	1142	1141	1252
3	1252	1141	1286
3	1252	1286	1332
3	1634	1698	1671
3	1671	1698	1729
3	1698	1652	1734
3	1698	1734	1776
3	1729	1698	1814
3	1729	1814	1796
3	1698	1776	1814
3	1796	1814	1776
3	1734	1789	1776
3	1847	1796	1859
3	1789	1829	1776
3	1796	1776	1859
3	1776	1829	1854
3	1776	1854	1902
3	1829	1872	1854
3	1776	1902	1859
3	1854	1872	1880
3	1917	1859	1902
3	1854	1880	1902
3	1902	1880	1923
3	1902	1923	1917
3	1880	1894	1923
3	1923	1894	1947
3	1917	1923	1947
3	1917	1947	1961
3	1894	1920	1947
3	1947	1920	1951
3	655	685	738
3	722	655	738
3	685	610	718
3	718	610	691
3	738	685	718
3	738	718	824
3	718	691	742
3	718	742	824
3	758	738	809
3	738	824	809
3	809	824	845
3	845	824	869
3	824	865	869
3	824	800	865
3	869	865	931
3	845	869	884
3	931	865	932
3	931	932	968
3	931	968	970
3	970	968	1047
3	1003	970	1047
3	1003	1047	1055
3	1047	968	1083
3	1105	1055	1103
3	1055	1047	1103
3	968	983	1083
3	1047	1083	1103
3	1083	1136	1210
3	1103	1083	1210
3	1141	1103	1210
3	1141	1210	1286
3	1589	1612	1627
3	1603	1589	1634
3	1589	1627	1634
3	1627	1612	1614
3	1627	1614	1678
3	1634	1627	1698
3	1698	1627	1678
3	1652	1698	1678
3	1872	1868	1880
3	1880	1868	1894
3	1868	1874	1894
3	1894	1874	1901
3	1894	1901	1920
3	110	113	172
3	742	708	745
3	708	688	745
3	745	688	749
3	824	742	800
3	742	745	800
3	745	795	800
3	745	749	795
3	800	795	831
3	831	795	847
3	800	831	847
3	800	847	865
3	847	883	865
3	865	883	932
3	883	866	932
3	983	932	939
3	968	932	983
3	983	939	1060
3	939	974	1060
3	983	1060	1083
3	1083	1060	1136
3	1060	974	1127
3	1136	1060	1127
3	1603	1579	1589
3	1589	1579	1595
3	1579	1559	1595
3	1589	1595	1612
3	1612	1595	1614
3	1559	1568	1595
3	1846	1799	1862
3	1846	1874	1868
3	1846	1862	1874
3	1874	1862	1901
3	1862	1871	1901
3	1871	1909	1901
3	10	15	18
3	18	33	32
3	18	15	33
3	15	21	42
3	33	15	42
3	33	42	67
3	110	32	33
3	110	33	113
3	33	67	113
3	113	161	172
3	172	161	200
3	200	161	236
3	200	236	253
3	236	255	253
3	236	229	255
3	264	253	255
3	264	255	281
3	688	666	749
3	666	748	749
3	749	748	795
3	795	748	872
3	847	795	872
3	866	847	872
3	883	847	866
3	932	866	939
3	872	919	866
3	866	919	974
3	866	974	939
3	919	1010	974
3	974	1010	1088
3	974	1088	1127
3	1177	1214	1243
3	1304	1214	1225
3	1225	1280	1304
3	1304	1280	1376
3	1376	1280	1428
3	1280	1369	1428
3	1447	1376	1490
3	1428	1369	1437
3	1376	1428	1490
3	1490	1428	1505
3	1428	1437	1505
3	1490	1505	1562
3	1437	1519	1505
3	1562	1505	1539
3	1505	1519	1539
3	1562	1539	1579
3	1539	1559	1579
3	1539	1519	1559
3	1519	1568	1559
3	1707	1655	1688
3	1655	1747	1688
3	1747	1759	1808
3	1688	1747	1808
3	1799	1688	1862
3	1688	1808	1862
3	1862	1808	1871
3	0	12	10
3	10	12	15
3	0	8	12
3	15	12	21
3	21	12	31
3	255	229	262
3	281	255	297
3	255	262	297
3	297	262	305
3	305	262	333
3	305	333	318
3	333	320	337
3	318	333	360
3	355	318	360
3	333	337	360
3	355	360	392
3	360	337	429
3	360	429	455
3	392	360	455
3	392	455	453
3	453	455	477
3	455	429	494
3	455	494	477
3	429	491	494
3	477	494	537
3	486	477	537
3	494	533	537
3	533	494	512
3	533	512	545
3	653	613	687
3	666	653	748
3	653	687	748
3	687	760	748
3	872	748	760
3	872	760	856
3	872	856	919
3	919	856	926
3	856	878	926
3	926	878	960
3	878	955	960
3	919	926	1010
3	926	960	1010
3	1081	1123	1131
3	1081	1049	1123
3	1049	1106	1123
3	1131	1123	1177
3	1123	1106	1163
3	1123	1163	1177
3	1106	1159	1163
3	1214	1177	1225
3	1177	1163	1225
3	1159	1226	1163
3	1225	1163	1280
3	1163	1226	1293
3	1163	1293	1280
3	1226	1281	1293
3	1280	1293	1369
3	1293	1349	1369
3	1573	1626	1655
3	1566	1573	1655
3	1592	1566	1707
3	1566	1655	1707
3	1655	1626	1705
3	1655	1705	1759
3	1747	1655	1759
3	0	5	9
3	8	0	9
3	9	5	23
3	9	23	28
3	8	9	27
3	512	459	545
3	459	515	545
3	523	537	581
3	537	533	581
3	533	545	581
3	545	515	597
3	545	597	581
3	597	515	575
3	694	695	716
3	613	694	687
3	687	694	744
3	760	687	744
3	694	716	727
3	694	727	744
3	760	744	799
3	744	727	799
3	727	780	799
3	799	780	830
3	760	799	856
3	830	780	816
3	799	830	856
3	856	830	878
3	816	862	830
3	878	830	899
3	830	862	899
3	1052	1049	1081
3	1049	1021	1072
3	1072	1021	1064
3	1049	1072	1106
3	1072	1064	1106
3	1106	1064	1125
3	1106	1125	1159
3	1159	1125	1178
3	1159	1178	1226
3	1178	1224	1319
3	1226	1178	1281
3	1281	1178	1319
3	1319	1224	1298
3	1387	1298	1397
3	1397	1298	1339
3	1397	1339	1449
3	1339	1408	1449
3	1408	1442	1449
3	1449	1442	1537
3	1497	1449	1537
3	1497	1537	1592
3	1592	1537	1566
3	1566	1537	1573
3	23	26	28
3	28	26	48
3	45	28	48
3	48	26	89
3	89	26	70
3	89	70	104
3	48	89	114
3	104	70	149
3	479	483	521
3	515	479	521
3	521	483	528
3	515	521	528
3	515	528	575
3	727	716	720
3	716	686	720
3	686	682	720
3	727	720	763
3	727	763	780
3	720	732	763
3	780	763	816
3	732	775	763
3	763	775	816
3	775	819	816
3	775	777	819
3	819	777	840
3	816	819	862
3	1064	1000	1125
3	1125	1000	1108
3	1178	1125	1224
3	1125	1108	1224
3	1108	1190	1224
3	1224	1190	1298
3	1298	1190	1339
3	1339	1190	1262
3	1339	1262	1408
3	114	89	104
3	104	149	186
3	114	104	175
3	211	104	186
3	175	104	211
3	211	186	257
3	175	211	266
3	211	257	266
3	175	266	324
3	220	175	324
3	324	266	328
3	266	304	328
3	304	266	366
3	328	304	366
3	369	324	328
3	328	366	396
3	328	396	369
3	396	366	456
3	438	369	396
3	457	396	456
3	438	396	457
3	438	457	483
3	438	483	479
3	457	524	528
3	483	457	528
3	614	607	664
3	614	664	676
3	676	664	686
3	664	682	686
3	607	638	664
3	664	638	671
3	664	671	682
3	720	682	732
3	682	671	732
3	671	731	732
3	732	731	775
3	777	792	805
3	777	805	840
3	559	573	607
3	559	607	614
3	559	614	630
3	638	607	573
3	638	573	629
3	671	638	629
3	671	629	672
3	671	672	731
3	672	602	715
3	731	672	715
3	731	715	775
3	775	715	761
3	775	761	777
3	715	753	761
3	761	753	764
3	777	761	792
3	761	764	792
3	562	563	559
3	563	573	559
3	573	563	629
3	602	563	578
3	563	602	629
3	629	602	672
3	578	598	650
3	602	650	715
3	715	650	753
3	563	562	578
3	602	578	650
3	1614	1652	1678
3	1614	1631	1652
3	1631	1662	1652
3	1734	1652	1662
3	1734	1662	1789
3	1662	1765	1789
3	1789	1765	1782
3	1829	1789	1872
3	1789	1782	1872
3	1872	1782	1868
3	1595	1631	1614
3	1595	1568	1631
3	1568	1570	1631
3	1631	1570	1636
3	1631	1654	1662
3	1631	1636	1654
3	1654	1636	1672
3	1654	1672	1765
3	1662	1654	1765
3	1765	1672	1782
3	1782	1672	1800
3	1782	1846	1868
3	1782	1800	1846
3	1800	1799	1846
3	113	67	147
3	113	147	161
3	147	188	161
3	161	229	236
3	161	188	229
3	1437	1369	1519
3	1519	1369	1478
3	1519	1478	1570
3	1568	1519	1570
3	1478	1494	1570
3	1570	1494	1585
3	1494	1557	1585
3	1585	1557	1608
3	1570	1585	1636
3	1636	1585	1608
3	1608	1557	1599
3	1608	1599	1672
3	1599	1641	1672
3	1636	1608	1672
3	1641	1580	1688
3	1672	1641	1800
3	1641	1688	1800
3	1800	1688	1799
3	31	12	27
3	21	31	42
3	42	31	67
3	27	57	31
3	67	124	147
3	67	31	124
3	31	57	124
3	57	132	124
3	147	124	188
3	124	159	203
3	124	203	188
3	188	203	229
3	203	159	230
3	203	230	229
3	229	230	262
3	262	230	280
3	337	413	429
3	429	413	491
3	494	491	512
3	1293	1281	1349
3	1401	1369	1349
3	1281	1451	1349
3	1349	1451	1401
3	1369	1401	1478
3	1401	1451	1494
3	1478	1401	1494
3	1451	1487	1494
3	1494	1487	1557
3	1557	1487	1599
3	1497	1580	1487
3	1487	1580	1599
3	1580	1497	1598
3	1497	1592	1598
3	1599	1580	1641
3	1598	1592	1707
3	1598	1688	1580
3	1688	1598	1707
3	12	8	27
3	28	27	9
3	57	27	59
3	27	28	59
3	59	28	79
3	79	28	92
3	59	79	130
3	59	130	132
3	57	59	132
3	124	132	159
3	132	130	159
3	159	130	218
3	130	185	213
3	130	213	218
3	159	218	245
3	230	159	245
3	245	218	277
3	230	245	280
3	245	277	320
3	277	218	294
3	337	320	277
3	337	277	413
3	294	308	343
3	379	294	343
3	277	294	413
3	413	294	379
3	413	379	491
3	379	445	459
3	379	459	491
3	491	459	512
3	445	515	459
3	1281	1319	1451
3	1319	1298	1387
3	1451	1319	1387
3	1451	1387	1487
3	1387	1397	1487
3	1397	1449	1497
3	1487	1397	1497
3	28	45	92
3	45	48	114
3	102	45	114
3	130	79	92
3	45	102	162
3	92	45	162
3	130	92	185
3	92	162	185
3	213	185	162
3	102	228	162
3	213	162	256
3	162	228	256
3	218	213	294
3	294	213	308
3	213	256	308
3	308	256	343
3	256	228	343
3	343	228	378
3	343	378	400
3	343	400	379
3	379	400	445
3	400	378	424
3	445	400	424
3	424	438	479
3	445	424	479
3	445	479	515
3	102	114	175
3	102	175	220
3	102	220	228
3	228	220	324
3	228	324	369
3	228	369	378
3	378	369	424
3	424	369	438
3	363	419	472
3	421	363	472
3	421	472	471
3	471	472	482
3	701	757	733
3	733	757	784
3	719	733	804
3	804	733	784
3	804	784	838
3	804	838	839
3	829	838	784
3	839	838	857
3	838	829	917
3	857	838	917
3	917	829	935
3	829	941	935
3	935	941	1020
3	917	935	963
3	963	935	1012
3	1012	935	1020
3	1012	1020	1075
3	963	1012	1075
3	1050	963	1075
3	963	1050	1008
3	1008	1050	1067
3	1150	1050	1162
3	1067	1050	1150
3	1050	1075	1162
3	1150	1162	1250
3	1269	1150	1250
3	1269	1250	1350
3	1250	1294	1350
3	1269	1350	1366
3	1218	1269	1366
3	1582	1604	1622
3	1632	1622	1661
3	1679	1706	1687
3	1661	1687	1706
3	1661	1706	1712
3	1679	1720	1706
3	1712	1706	1783
3	1706	1720	1783
3	1720	1764	1783
3	1712	1783	1767
3	1767	1783	1833
3	1783	1764	1833
3	1833	1764	1849
3	1764	1781	1849
3	1853	1833	1883
3	1833	1849	1883
3	1883	1849	1900
3	1900	1849	1890
3	1883	1900	1926
3	1912	1883	1926
3	139	116	174
3	176	139	174
3	176	174	206
3	179	176	235
3	176	206	235
3	314	373	428
3	431	314	428
3	373	421	428
3	402	303	431
3	431	428	451
3	451	428	421
3	402	431	449
3	451	421	471
3	431	451	449
3	449	451	474
3	451	471	482
3	474	451	482
3	719	804	772
3	781	772	812
3	772	804	839
3	812	772	839
3	812	839	857
3	907	857	917
3	958	963	1008
3	1067	1150	1189
3	1066	1067	1189
3	1092	1066	1189
3	1189	1150	1269
3	1218	1189	1269
3	1720	1738	1746
3	1720	1746	1764
3	1746	1781	1764
3	1849	1781	1867
3	1849	1867	1890
3	100	116	139
3	98	100	139
3	80	100	98
3	133	98	139
3	133	139	179
3	139	176	179
3	142	133	179
3	267	269	351
3	351	269	303
3	351	303	402
3	353	351	402
3	37	64	69
3	69	64	80
3	69	98	133
3	80	98	69
3	238	224	267
3	252	238	267
3	252	267	353
3	353	267	351
3	37	39	47
3	37	47	64
3	47	39	49
3	64	47	77
3	183	184	216
3	177	183	216
3	216	184	224
3	216	224	238
3	177	216	238
3	47	49	68
3	68	49	75
3	72	68	75
3	72	75	108
3	101	72	108
3	75	71	108
3	146	136	184
3	101	108	140
3	101	140	146
3	72	101	146
3	72	146	153
3	120	153	177
3	183	146	184
3	153	146	183
3	177	153	183
3	1043	1038	1079
3	1085	1079	1155
3	1079	1038	1155
3	1287	1155	1197
3	1197	1275	1287
3	1287	1275	1351
3	924	896	948
3	882	924	940
3	940	924	948
3	948	896	951
3	951	1043	948
3	940	948	1069
3	948	1043	1079
3	1085	948	1079
3	948	1085	1069
3	1176	1069	1085
3	1232	1085	1155
3	1085	1232	1176
3	1232	1155	1287
3	1176	1232	1271
3	1271	1232	1368
3	1232	1287	1351
3	1232	1351	1400
3	1232	1400	1368
3	1351	1375	1400
3	1351	1357	1375
3	1353	1271	1368
3	1368	1400	1392
3	1353	1368	1392
3	1400	1375	1432
3	1375	1357	1432
3	1357	1419	1432
3	1392	1400	1432
3	1455	1392	1432
3	1432	1419	1462
3	1455	1432	1462
3	1419	1466	1462
3	776	821	825
3	776	797	821
3	828	825	882
3	821	797	896
3	825	821	882
3	821	896	924
3	882	821	924
3	828	882	873
3	882	940	953
3	1424	1380	1353
3	1353	1392	1455
3	1424	1353	1455
3	1424	1455	1461
3	1461	1455	1462
3	1462	1466	1503
3	1462	1503	1461
3	620	703	678
3	678	703	697
3	697	703	825
3	703	729	776
3	703	776	825
3	802	697	825
3	802	825	828
3	1380	1424	1423
3	1424	1429	1423
3	1423	1429	1479
3	1465	1423	1479
3	1475	1429	1424
3	1475	1424	1461
3	1479	1429	1484
3	1484	1429	1475
3	1461	1503	1475
3	1484	1475	1529
3	1529	1475	1552
3	1475	1503	1552
3	1484	1529	1565
3	1565	1529	1601
3	1524	1565	1624
3	1565	1601	1624
3	663	587	620
3	587	663	665
3	663	620	697
3	620	678	697
3	663	697	704
3	712	663	704
3	665	663	712
3	1465	1479	1524
3	1506	1465	1524
3	1479	1484	1524
3	1560	1506	1524
3	1560	1524	1556
3	1524	1484	1565
3	1560	1556	1564
3	1556	1524	1624
3	1597	1564	1620
3	1619	1597	1620
3	1564	1556	1624
3	1684	1564	1624
3	1620	1564	1684
3	1624	1649	1684
3	1620	1684	1690
3	1649	1670	1684
3	1690	1684	1733
3	1684	1670	1740
3	1733	1684	1740
3	1740	1670	1762
3	1670	1737	1762
3	1740	1762	1785
3	1762	1737	1777
3	1785	1762	1777
3	1785	1777	1836
3	1777	1811	1836
3	327	364	368
3	368	364	385
3	368	385	391
3	385	446	391
3	419	414	499
3	391	446	414
3	446	478	506
3	414	446	506
3	499	414	519
3	519	414	506
3	522	499	519
3	484	522	529
3	522	519	529
3	534	529	566
3	689	665	712
3	700	689	712
3	711	700	712
3	641	689	677
3	677	689	700
3	700	711	750
3	701	677	700
3	757	701	700
3	1427	1506	1513
3	1513	1506	1560
3	1473	1427	1532
3	1427	1513	1532
3	1532	1513	1560
3	1532	1560	1564
3	1530	1532	1597
3	1532	1564	1597
3	1739	1802	1838
3	1811	1773	1838
3	1773	1739	1838
3	1811	1838	1863
3	1858	1811	1863
3	1836	1811	1858
3	1863	1838	1912
3	1838	1802	1853
3	1838	1853	1912
3	1912	1853	1883
3	1863	1912	1897
3	158	222	233
3	207	158	233
3	268	207	301
3	207	233	301
3	222	310	233
3	233	310	327
3	233	327	301
3	301	327	368
3	301	368	391
3	472	419	499
3	472	499	484
3	482	472	484
3	482	484	490
3	484	499	522
3	482	490	488
3	474	482	488
3	529	490	484
3	443	488	534
3	488	490	529
3	488	529	534
3	659	642	641
3	659	641	677
3	642	659	644
3	659	677	701
3	659	701	733
3	644	659	719
3	719	659	733
3	1426	1350	1427
3	1366	1350	1426
3	1366	1426	1441
3	1295	1366	1441
3	1473	1426	1427
3	1441	1426	1473
3	1415	1441	1473
3	1530	1473	1532
3	1473	1530	1501
3	1488	1473	1501
3	1488	1501	1545
3	1545	1501	1551
3	1501	1530	1582
3	1551	1501	1582
3	1582	1622	1632
3	1551	1582	1632
3	1591	1551	1632
3	1648	1591	1632
3	1591	1648	1657
3	1632	1661	1648
3	1657	1648	1676
3	1648	1661	1712
3	1704	1648	1712
3	1648	1704	1676
3	1676	1704	1739
3	1704	1712	1767
3	1704	1767	1802
3	1739	1704	1802
3	1802	1767	1833
3	1802	1833	1853
3	117	121	127
3	116	127	168
3	127	158	168
3	174	116	168
3	127	121	158
3	168	158	207
3	174	168	206
3	206	168	207
3	426	402	449
3	426	449	407
3	407	449	462
3	442	407	462
3	449	474	488
3	462	449	488
3	442	462	443
3	462	488	443
3	649	644	684
3	644	719	684
3	684	719	772
3	713	684	772
3	740	713	772
3	713	740	754
3	713	754	737
3	740	772	781
3	740	781	754
3	814	781	812
3	812	857	907
3	814	812	879
3	812	907	879
3	907	917	963
3	907	963	958
3	906	879	907
3	906	907	958
3	906	958	976
3	976	958	1008
3	1066	1008	1067
3	976	1008	1066
3	1156	1092	1189
3	1189	1218	1156
3	1295	1156	1218
3	1216	1156	1323
3	1156	1295	1323
3	1295	1218	1366
3	1302	1295	1441
3	116	117	127
3	94	117	116
3	94	116	100
3	94	95	117
3	100	95	94
3	103	95	100
3	95	111	117
3	95	103	111
3	374	353	402
3	300	374	354
3	374	402	426
3	407	374	426
3	354	374	407
3	370	407	442
3	370	354	407
3	754	781	814
3	754	814	848
3	848	814	860
3	860	814	879
3	826	848	860
3	881	826	860
3	881	860	906
3	906	860	879
3	881	906	922
3	922	906	976
3	922	976	1016
3	995	922	1016
3	1016	976	1066
3	1032	995	1016
3	1016	1066	1092
3	1032	1016	1092
3	1032	1092	1153
3	1153	1092	1156
3	1153	1156	1216
3	103	80	109
3	103	100	80
3	80	64	109
3	64	77	109
3	123	103	126
3	103	109	126
3	109	77	137
3	126	109	137
3	137	166	209
3	152	137	209
3	209	166	190
3	152	209	225
3	209	190	248
3	248	190	252
3	190	238	252
3	225	209	248
3	225	248	312
3	248	252	300
3	312	248	346
3	300	252	353
3	248	300	346
3	300	353	374
3	346	300	354
3	881	922	867
3	867	922	995
3	84	77	47
3	77	112	137
3	77	84	112
3	112	84	156
3	84	119	156
3	137	112	166
3	119	120	156
3	112	156	166
3	166	156	190
3	156	177	190
3	190	177	238
3	84	47	68
3	84	68	119
3	119	68	72
3	119	72	120
3	120	72	153
3	156	120	177
3	1038	991	1097
3	991	918	1045
3	991	1045	1097
3	1097	1045	1147
3	1147	1179	1097
3	1038	1097	1197
3	1097	1179	1197
3	1197	1321	1275
3	1197	1179	1321
3	1314	1275	1321
3	1351	1275	1357
3	1275	1314	1357
3	1357	1314	1405
3	896	823	930
3	823	918	930
3	896	930	951
3	918	991	930
3	951	930	1043
3	930	991	1043
3	1043	991	1038
3	1357	1405	1419
3	1405	1444	1419
3	1419	1444	1480
3	1466	1419	1480
3	776	729	797
3	729	743	797
3	797	743	823
3	797	823	896
3	823	788	918
3	1466	1480	1499
3	1503	1466	1522
3	1466	1499	1522
3	1499	1517	1522
3	1522	1517	1553
3	1553	1578	1575
3	1575	1578	1590
3	553	600	623
3	623	600	681
3	623	681	620
3	681	600	690
3	703	681	729
3	620	681	703
3	681	690	729
3	690	669	743
3	690	743	729
3	1552	1522	1553
3	1503	1522	1552
3	1552	1553	1575
3	1552	1575	1601
3	1529	1552	1601
3	1575	1590	1613
3	1590	1609	1613
3	1601	1575	1613
3	1649	1601	1613
3	1624	1601	1649
3	1649	1613	1628
3	1609	1628	1613
3	1649	1628	1647
3	401	410	446
3	410	466	463
3	446	463	478
3	463	466	511
3	478	463	530
3	506	478	530
3	463	511	530
3	530	553	556
3	530	511	553
3	506	530	556
3	519	506	556
3	556	553	580
3	519	556	587
3	556	580	587
3	580	553	623
3	580	620	587
3	580	623	620
3	280	320	333
3	262	280	333
3	1649	1647	1670
3	1647	1628	1715
3	1670	1647	1737
3	1647	1715	1724
3	1647	1724	1737
3	1715	1713	1724
3	1737	1724	1758
3	1724	1713	1758
3	1737	1758	1777
3	317	330	342
3	330	317	372
3	342	330	364
3	327	342	364
3	330	372	364
3	364	372	401
3	385	364	401
3	401	404	410
3	372	404	401
3	385	401	446
3	529	519	566
3	534	566	538
3	566	519	587
3	589	566	587
3	538	566	589
3	561	538	589
3	589	665	689
3	589	587	665
3	561	589	689
3	1663	1645	1702
3	1713	1663	1721
3	1663	1702	1721
3	1713	1721	1758
3	1777	1758	1811
3	1721	1773	1758
3	1721	1702	1773
3	1702	1739	1773
3	1758	1773	1811
3	158	193	222
3	222	193	254
3	222	254	310
3	310	254	284
3	322	317	342
3	327	310	322
3	327	322	342
3	310	284	313
3	322	321	317
3	310	321	322
3	310	313	326
3	321	310	326
3	444	417	469
3	417	388	469
3	517	443	534
3	469	517	520
3	461	469	520
3	538	517	534
3	520	517	538
3	538	561	520
3	520	561	599
3	583	547	599
3	561	641	642
3	599	561	642
3	603	583	642
3	583	599	642
3	641	561	689
3	644	603	642
3	1415	1473	1488
3	1418	1402	1415
3	1418	1415	1488
3	1488	1498	1418
3	1498	1488	1545
3	1418	1498	1543
3	1545	1551	1591
3	1543	1498	1545
3	1543	1545	1657
3	1657	1545	1591
3	1543	1657	1651
3	1651	1657	1676
3	1645	1651	1702
3	1651	1676	1739
3	1702	1651	1739
3	158	121	193
3	121	150	193
3	193	150	215
3	254	193	284
3	193	215	284
3	215	278	284
3	284	278	302
3	284	302	329
3	313	284	329
3	326	313	334
3	334	313	329
3	278	292	302
3	302	292	329
3	334	329	361
3	334	388	362
3	329	352	405
3	334	361	388
3	361	329	387
3	388	361	389
3	389	361	387
3	329	405	387
3	387	405	447
3	405	443	447
3	405	370	442
3	443	405	442
3	388	447	517
3	593	585	625
3	585	603	625
3	603	644	649
3	625	603	649
3	649	684	713
3	625	649	640
3	737	640	649
3	1302	1216	1323
3	1282	1216	1302
3	1323	1295	1302
3	1282	1302	1374
3	1282	1374	1390
3	1374	1302	1441
3	1415	1374	1441
3	1402	1390	1415
3	111	103	123
3	117	111	121
3	121	111	150
3	111	123	150
3	150	123	155
3	155	123	141
3	215	150	155
3	141	199	155
3	155	199	215
3	215	199	278
3	199	225	273
3	199	292	278
3	199	273	292
3	273	352	292
3	273	312	346
3	273	346	350
3	352	273	350
3	292	352	329
3	352	350	370
3	350	346	354
3	352	370	405
3	350	354	370
3	656	640	737
3	656	737	707
3	649	713	737
3	707	737	771
3	771	737	787
3	787	737	754
3	741	771	794
3	741	794	759
3	787	754	848
3	771	787	848
3	794	771	826
3	826	771	848
3	794	826	1998
3	1998	826	881
3	995	1032	1104
3	1148	1032	1153
3	1104	1032	1148
3	1148	1153	1216
3	1192	1148	1216
3	1104	1148	1182
3	1148	1192	1182
3	1182	1192	1264
3	1264	1192	1216
3	1264	1216	1282
3	1283	1264	1282
3	141	123	126
3	126	137	152
3	126	152	170
3	141	126	170
3	141	170	199
3	170	152	225
3	170	225	199
3	225	312	273
3	835	768	759
3	759	794	833
3	833	794	1998
3	867	833	1998
3	759	833	835
3	833	867	835
3	867	1998	881
3	835	867	905
3	905	867	989
3	928	905	989
3	989	867	995
3	989	995	1022
3	928	989	1022
3	928	1022	1006
3	923	928	1006
3	923	1006	1027
3	1022	995	1104
3	1006	1022	1104
3	594	768	724
3	736	724	768
3	736	768	835
3	736	835	808
3	852	808	835
3	852	835	905
3	846	817	904
3	817	852	904
3	852	905	928
3	904	852	923
3	923	852	928
3	904	923	908
3	908	923	1080
3	923	1027	1080
3	778	710	808
3	778	808	817
3	817	808	852
3	892	987	918
3	918	987	1045
3	987	1070	1045
3	1147	1045	1070
3	1147	1070	1217
3	1179	1147	1217
3	1070	1161	1217
3	1179	1217	1321
3	1217	1161	1266
3	1217	1266	1321
3	1321	1266	1346
3	1321	1346	1314
3	1266	1305	1346
3	1314	1346	1405
3	1405	1346	1373
3	788	786	864
3	786	810	864
3	788	864	918
3	892	972	987
3	864	892	918
3	1405	1373	1450
3	1405	1450	1444
3	1444	1450	1476
3	1450	1474	1476
3	1480	1444	1476
3	1480	1476	1499
3	1476	1474	1496
3	1491	1476	1496
3	1476	1491	1499
3	1491	1496	1516
3	1516	1547	1527
3	1547	1516	1554
3	639	667	680
3	669	639	680
3	680	667	705
3	669	680	705
3	669	705	788
3	743	669	788
3	788	705	786
3	743	788	823
3	1517	1499	1491
3	1527	1491	1516
3	1491	1527	1517
3	1553	1517	1527
3	1553	1527	1578
3	1527	1547	1578
3	1547	1554	1578
3	1554	1577	1578
3	1578	1577	1587
3	473	536	508
3	466	508	590
3	511	466	553
3	508	536	557
3	466	590	622
3	600	553	622
3	553	466	622
3	508	557	590
3	590	639	622
3	622	639	669
3	600	622	669
3	590	557	643
3	639	590	643
3	600	669	690
3	1578	1587	1590
3	1587	1594	1590
3	1590	1594	1596
3	1590	1596	1609
3	1596	1588	1609
3	1588	1605	1609
3	280	245	320
3	1609	1605	1640
3	1628	1609	1640
3	377	409	404
3	410	404	468
3	404	409	468
3	466	410	468
3	468	409	473
3	473	409	439
3	468	508	466
3	508	468	473
3	473	439	510
3	473	510	536
3	1588	1584	1605
3	1584	1611	1605
3	1605	1644	1640
3	1611	1584	1616
3	1605	1611	1644
3	1611	1616	1644
3	1644	1616	1666
3	1640	1644	1715
3	1644	1666	1715
3	1666	1663	1715
3	1715	1663	1713
3	372	317	347
3	372	347	377
3	372	377	404
3	347	359	377
3	347	348	359
3	377	406	409
3	359	348	375
3	377	359	406
3	359	394	406
3	395	359	375
3	1523	1549	1544
3	1593	1544	1549
3	1584	1544	1616
3	1544	1593	1616
3	1593	1549	1602
3	1616	1593	1666
3	1593	1602	1637
3	1593	1637	1666
3	1663	1666	1637
3	1637	1645	1663
3	317	321	347
3	325	321	326
3	347	321	348
3	321	325	348
3	325	326	334
3	325	334	362
3	348	325	362
3	375	348	403
3	348	386	403
3	362	388	417
3	348	362	386
3	386	362	417
3	386	417	444
3	403	386	448
3	448	386	444
3	461	444	469
3	444	461	489
3	448	444	489
3	448	489	493
3	493	489	535
3	461	520	489
3	489	520	547
3	535	489	547
3	547	520	599
3	547	554	535
3	547	583	585
3	554	547	585
3	603	585	583
3	554	585	593
3	554	593	591
3	1464	1414	1467
3	1467	1414	1436
3	1341	1414	1464
3	1467	1436	1523
3	1549	1436	1418
3	1523	1436	1549
3	1549	1418	1543
3	1549	1543	1602
3	1602	1543	1651
3	1602	1651	1645
3	1637	1602	1645
3	160	178	232
3	232	178	250
3	250	259	232
3	160	232	282
3	251	195	261
3	195	160	261
3	282	232	259
3	261	160	290
3	290	160	282
3	259	260	335
3	260	316	335
3	282	259	336
3	290	282	341
3	282	336	341
3	261	290	341
3	341	336	383
3	336	335	383
3	383	335	382
3	383	382	393
3	383	393	357
3	357	393	398
3	357	341	383
3	398	393	427
3	393	437	427
3	621	591	593
3	593	625	621
3	621	625	640
3	1249	1283	1317
3	1317	1283	1282
3	1290	1317	1342
3	1317	1282	1390
3	1342	1317	1390
3	1342	1390	1402
3	1342	1402	1436
3	1402	1418	1436
3	1414	1342	1436
3	258	251	261
3	258	261	288
3	288	261	341
3	1997	288	341
3	357	1997	341
3	1997	357	398
3	430	1997	398
3	427	430	398
3	626	576	656
3	626	656	707
3	670	548	657
3	657	626	707
3	741	707	771
3	657	707	741
3	670	657	741
3	1104	1182	1181
3	1181	1182	1249
3	1182	1264	1249
3	1249	1264	1283
3	1290	1249	1317
3	495	531	632
3	531	548	670
3	531	670	632
3	594	632	670
3	670	741	759
3	594	670	768
3	768	670	759
3	1100	1006	1104
3	1006	1100	1124
3	1027	1006	1124
3	1124	1100	1164
3	1100	1104	1181
3	1100	1181	1201
3	1164	1100	1201
3	1132	1124	1213
3	1124	1240	1213
3	1124	1164	1240
3	1240	1360	1213
3	460	416	467
3	532	467	565
3	594	495	632
3	467	495	594
3	565	467	594
3	532	565	645
3	1213	1360	1279
3	710	736	808
3	645	736	710
3	1305	1373	1346
3	892	864	871
3	892	871	972
3	1373	1417	1450
3	536	510	557
3	1594	1588	1596
3	259	250	260
3	434	403	448
3	1464	1467	1523
3	134	195	251
3	450	430	427
3	1290	1342	1306
3	258	288	1997
3	576	634	656
3	548	626	657
3	1240	1257	1360
3	1279	1360	1377
3	565	594	724
3	645	565	724
3	645	724	736
3	996	908	1080
3	1080	1027	1124
3	1080	1124	1132
3	996	1080	1093
3	1093	1080	1132
3	1146	1093	1132
3	1132	1213	1146
3	1146	1213	1279
3	1071	1146	1231
3	1146	1279	1307
3	1231	1146	1307
3	1331	1307	1279
3	1331	1279	1377
3	460	467	498
3	507	460	498
3	498	467	532
3	507	498	526
3	485	507	541
3	526	532	645
3	526	645	673
3	507	526	673
3	541	507	624
3	571	541	624
3	507	673	710
3	706	507	710
3	624	507	706
3	710	673	645
3	624	714	571
3	778	706	710
3	1328	1273	1398
3	747	765	762
3	1919	1958	1975
3	1856	1822	1896
3	1822	1839	1855
3	1743	1798	1779
3	1209	1228	1348
3	1211	1209	1348
3	1165	1211	1263
3	961	900	975
3	1308	1363	1411
3	898	859	858
3	807	858	859
3	1511	1518	1567
3	217	247	272
3	13	7	17
3	1643	1618	1633
3	1643	1610	1618
3	1618	1621	1633
3	191	234	275
3	1730	1693	1790
3	567	560	596
3	1297	1253	1299
3	30	44	38
3	1642	1630	1646
3	604	647	651
3	1932	1922	1965
3	1922	1962	1965
3	1726	1768	1801
3	1736	1801	1805
3	1443	1356	1489
3	617	637	668
3	1985	1989	1993
3	1964	1988	1983
3	1989	1975	1992
3	1962	1964	1983
3	1839	1847	1873
3	1768	1796	1847
3	1821	1847	1839
3	1801	1768	1821
3	1784	1821	1839
3	1784	1801	1821
3	1801	1797	1805
3	1784	1797	1801
3	1798	1784	1839
3	1772	1784	1798
3	1784	1763	1797
3	1772	1770	1784
3	1770	1763	1784
3	1673	1763	1770
3	1343	1443	1439
3	1439	1443	1472
3	1332	1343	1439
3	1332	1439	1398
3	1273	1332	1398
3	730	739	747
3	730	702	739
3	702	668	637
3	730	668	702
3	648	617	668
3	1930	1975	1989
3	1921	1930	1989
3	1921	1989	1970
3	1930	1919	1975
3	1930	1904	1919
3	1904	1855	1919
3	1921	1904	1930
3	1896	1855	1904
3	1904	1864	1896
3	1864	1904	1921
3	1822	1855	1896
3	1864	1817	1896
3	1817	1856	1896
3	1887	1864	1921
3	1806	1864	1887
3	1822	1798	1839
3	1772	1798	1743
3	1710	1770	1772
3	1743	1710	1772
3	1710	1673	1770
3	1743	1754	1710
3	1743	1735	1754
3	1722	1754	1795
3	1659	1710	1754
3	1722	1659	1754
3	1659	1673	1710
3	1439	1472	1520
3	1471	1439	1520
3	1471	1398	1439
3	1399	1398	1471
3	1399	1328	1398
3	806	762	827
3	723	762	773
3	730	747	762
3	726	730	762
3	723	726	762
3	668	730	726
3	648	668	726
3	1735	1864	1840
3	1735	1817	1864
3	1806	1840	1864
3	1795	1840	1806
3	1817	1735	1779
3	1795	1735	1840
3	1722	1795	1806
3	1754	1735	1795
3	1735	1743	1779
3	1456	1399	1471
3	1348	1399	1456
3	1333	1456	1468
3	1333	1348	1456
3	1263	1348	1333
3	1263	1211	1348
3	889	900	961
3	889	827	900
3	806	827	889
3	834	889	891
3	834	806	889
3	834	790	806
3	790	773	806
3	773	762	806
3	723	773	790
3	1378	1333	1468
3	1378	1312	1333
3	1312	1378	1389
3	1237	1312	1389
3	1312	1237	1333
3	1237	1263	1333
3	1237	1165	1263
3	1234	1168	1237
3	1237	1168	1118
3	1118	1165	1237
3	1111	1165	1118
3	1035	961	1111
3	1118	1035	1111
3	1053	1118	1168
3	1053	1035	1118
3	969	1035	1053
3	889	961	1035
3	969	889	1035
3	969	891	889
3	942	891	969
3	909	927	977
3	837	832	909
3	832	842	909
3	539	601	658
3	549	539	658
3	612	549	658
3	539	550	601
3	514	550	539
3	514	539	549
3	514	513	550
3	470	452	514
3	452	513	514
3	452	390	513
3	390	367	513
3	380	367	390
3	367	323	436
3	323	315	436
3	380	323	367
3	291	344	315
3	323	246	315
3	380	246	323
3	246	271	315
3	271	291	315
3	1363	1500	1459
3	1363	1320	1500
3	1416	1500	1359
3	1320	1359	1500
3	1363	1261	1320
3	1308	1261	1363
3	1261	1219	1320
3	1308	1158	1261
3	1219	1229	1320
3	1086	1087	1158
3	1158	1087	1261
3	1087	1219	1261
3	1087	1194	1219
3	1086	1048	1087
3	988	1048	1086
3	988	898	1048
3	1048	898	977
3	898	909	977
3	858	909	898
3	858	837	909
3	807	837	858
3	798	832	837
3	807	798	837
3	807	779	798
3	752	798	779
3	779	683	752
3	752	793	798
3	735	683	779
3	658	601	752
3	752	683	658
3	683	612	658
3	291	356	344
3	291	276	356
3	356	276	319
3	276	286	319
3	271	276	291
3	1567	1518	1600
3	1518	1586	1600
3	1518	1533	1586
3	1533	1561	1586
3	1511	1500	1518
3	1459	1500	1511
3	1518	1416	1533
3	1500	1416	1518
3	338	412	415
3	349	338	415
3	397	349	415
3	338	331	412
3	319	349	397
3	319	286	349
3	349	299	338
3	286	299	349
3	217	181	167
3	181	151	167
3	106	50	181
3	50	151	181
3	50	55	151
3	50	24	55
3	22	66	55
3	24	22	55
3	24	17	22
3	1600	1610	1643
3	1600	1586	1610
3	1586	1561	1610
3	1610	1581	1618
3	1561	1581	1610
3	1561	1541	1581
3	1313	1235	1352
3	1221	1327	1235
3	1313	1174	1235
3	1174	1152	1235
3	1193	1078	1174
3	1078	1193	1116
3	1078	1152	1174
3	551	546	560
3	551	560	567
3	555	551	567
3	509	504	546
3	509	546	551
3	525	551	555
3	525	509	551
3	487	525	555
3	525	497	509
3	487	497	525
3	497	464	509
3	1340	1277	1300
3	487	500	497
3	423	500	487
3	423	487	475
3	412	423	475
3	458	412	475
3	412	384	423
3	412	331	384
3	247	191	275
3	167	191	247
3	217	167	247
3	234	201	231
3	191	201	234
3	167	143	191
3	167	151	143
3	196	201	191
3	187	196	191
3	143	187	191
3	1681	1996	1669
3	1719	1996	1681
3	143	99	187
3	151	55	143
3	55	99	143
3	55	66	99
3	22	19	66
3	4	19	22
3	17	4	22
3	19	14	66
3	14	53	66
3	7	4	17
3	4	14	19
3	4	2	11
3	1790	1693	1826
3	1633	1621	1693
3	1693	1677	1728
3	1656	1677	1693
3	1996	1745	1723
3	1615	1625	1656
3	1996	1658	1697
3	1719	1658	1996
3	1996	1697	1753
3	1753	1745	1996
3	1701	1669	1723
3	1996	1723	1669
3	1581	1531	1558
3	1541	1531	1581
3	1558	1526	1515
3	1526	1558	1531
3	1454	1526	1531
3	1493	1515	1526
3	1431	1526	1454
3	1526	1431	1493
3	1358	1493	1431
3	1421	1358	1431
3	1311	1301	1431
3	1301	1421	1431
3	1301	1384	1421
3	1301	1352	1384
3	1301	1236	1352
3	1236	1313	1352
3	1311	1236	1301
3	1238	1193	1236
3	1267	1238	1289
3	1638	1604	1617
3	1193	1238	1267
3	1208	1193	1267
3	1248	1208	1267
3	1144	1116	1208
3	567	596	608
3	574	567	608
3	574	608	619
3	555	567	574
3	345	376	283
3	358	270	283
3	270	223	283
3	241	223	270
3	231	210	239
3	201	210	231
3	201	196	212
3	210	201	214
3	241	212	223
3	201	212	214
3	214	212	241
3	192	214	241
3	212	221	223
3	196	208	212
3	14	35	53
3	35	29	54
3	14	16	35
3	35	16	29
3	11	16	14
3	4	11	14
3	2	6	11
3	11	6	25
3	16	11	25
3	1790	1826	1857
3	1857	1826	1878
3	1693	1728	1826
3	1728	1775	1826
3	1677	1775	1728
3	1625	1675	1677
3	1656	1625	1677
3	1625	1635	1675
3	1606	1635	1625
3	1299	1341	1297
3	1299	1306	1341
3	1299	1233	1306
3	1267	1289	1306
3	1233	1267	1306
3	1253	1233	1299
3	1248	1267	1233
3	616	652	647
3	628	608	652
3	608	635	652
3	616	628	652
3	628	619	608
3	647	595	616
3	604	595	647
3	440	422	376
3	332	376	422
3	332	358	376
3	358	283	376
3	371	422	440
3	371	332	422
3	332	265	358
3	287	265	332
3	265	270	358
3	287	332	371
3	274	287	371
3	241	270	265
3	249	274	371
3	192	265	287
3	227	192	287
3	274	227	287
3	192	241	265
3	169	192	227
3	30	38	51
3	29	34	41
3	25	34	29
3	34	25	30
3	34	30	51
3	29	16	25
3	1913	1932	1953
3	1913	1893	1932
3	1857	1893	1913
3	1857	1878	1893
3	1830	1893	1878
3	1826	1830	1878
3	1830	1851	1893
3	1775	1830	1826
3	1771	1812	1830
3	1775	1771	1830
3	1775	1677	1725
3	1725	1771	1775
3	1677	1675	1725
3	1675	1646	1725
3	1646	1708	1725
3	1635	1642	1675
3	1675	1642	1646
3	1386	1425	1477
3	1386	1477	1458
3	1386	1297	1425
3	1285	1386	1458
3	1356	1285	1458
3	569	595	604
3	584	569	604
3	582	584	611
3	582	568	584
3	568	569	584
3	381	340	440
3	340	371	440
3	279	340	381
3	279	381	365
3	296	279	365
3	340	279	371
3	279	249	371
3	219	274	249
3	219	227	274
3	189	279	296
3	202	249	279
3	249	202	219
3	189	202	279
3	154	202	189
3	63	93	129
3	83	51	38
3	82	60	83
3	60	82	93
3	60	51	83
3	41	93	63
3	41	60	93
3	51	60	41
3	41	34	51
3	1922	1936	1962
3	1922	1908	1936
3	1892	1922	1932
3	1893	1892	1932
3	1922	1892	1908
3	1851	1892	1893
3	1892	1851	1908
3	1851	1882	1908
3	1908	1882	1910
3	1851	1845	1882
3	1851	1812	1845
3	1845	1827	1882
3	1830	1812	1851
3	1812	1708	1845
3	1805	1827	1845
3	1708	1805	1845
3	1771	1708	1812
3	1725	1708	1771
3	1708	1726	1736
3	1646	1726	1708
3	1489	1477	1504
3	1504	1477	1512
3	1489	1458	1477
3	1356	1458	1489
3	592	582	617
3	568	582	592
3	544	592	609
3	558	568	592
3	544	558	592
3	609	592	617
3	154	82	202
3	82	83	202
3	93	82	154
3	1988	1985	1993
3	1970	1989	1985
3	1946	1985	1988
3	1964	1946	1988
3	1946	1952	1985
3	1952	1970	1985
3	1962	1936	1964
3	1936	1946	1964
3	1936	1908	1946
3	1908	1910	1946
3	1946	1931	1952
3	1910	1931	1946
3	1910	1999	1931
3	1834	1999	1910
3	1882	1827	1910
3	1827	1834	1910
3	1834	1827	1815
3	1805	1815	1827
3	1793	1834	1815
3	1797	1815	1805
3	1797	1763	1815
3	1756	1793	1815
3	1763	1756	1815
3	1763	1714	1756
3	1673	1744	1763
3	1673	1700	1744
3	1763	1744	1714
3	1504	1512	1540
3	1512	1538	1540
3	1489	1504	1540
3	1489	1540	1548
3	1535	1489	1548
3	1472	1489	1535
3	1472	1443	1489
3	627	617	648
3	609	617	627
3	579	544	609
3	606	579	609
3	606	609	627
3	542	544	579
3	1911	1970	1952
3	1931	1911	1952
3	1911	1921	1970
3	1911	1887	1921
3	1895	1842	1911
3	1842	1806	1887
3	1810	1806	1842
3	1700	1741	1744
3	1741	1748	1810
3	1741	1659	1748
3	1744	1694	1714
3	1659	1741	1700
3	1694	1741	1810
3	1694	1744	1741
3	1748	1659	1716
3	1700	1673	1659
3	1535	1548	1572
3	1546	1535	1572
3	1563	1546	1572
3	1546	1472	1535
3	1520	1472	1546
3	662	726	723
3	662	648	726
3	627	648	662
3	654	662	723
3	654	606	662
3	618	606	654
3	606	627	662
3	1810	1722	1806
3	1716	1722	1810
3	1748	1716	1810
3	1716	1659	1722
3	1550	1546	1563
3	1471	1520	1546
3	1502	1546	1550
3	1514	1502	1550
3	1502	1471	1546
3	1456	1471	1502
3	1468	1456	1502
3	1468	1502	1514
3	746	790	834
3	746	834	818
3	785	746	818
3	746	723	790
3	785	654	746
3	654	723	746
3	696	654	785
3	1536	1514	1550
3	1521	1514	1536
3	1468	1514	1521
3	1452	1468	1521
3	1483	1452	1521
3	1452	1378	1468
3	1385	1452	1483
3	1385	1395	1452
3	1389	1452	1395
3	1389	1378	1452
3	1395	1237	1389
3	993	969	1053
3	993	942	969
3	875	891	942
3	916	875	942
3	875	834	891
3	818	834	875
3	1234	1385	1318
3	1234	1395	1385
3	1234	1237	1395
3	1318	1247	1234
3	1184	1188	1247
3	1168	1234	1247
3	1188	1168	1247
3	1188	1053	1168
3	1184	1031	1188
3	1031	1053	1188
3	1031	993	1053
3	952	993	1031
3	513	518	550
3	501	518	513
3	518	485	541
3	513	367	501
3	501	485	518
3	485	501	454
3	367	454	501
3	436	454	367
3	1180	1136	1183
3	315	418	454
3	436	315	454
3	1359	1309	1416
3	1309	1315	1416
3	1359	1198	1309
3	1359	1229	1198
3	1320	1229	1359
3	1309	1246	1315
3	1198	1160	1309
3	1160	1246	1309
3	1219	1194	1229
3	1229	1194	1198
3	1194	1160	1198
3	1087	1048	1194
3	1194	956	1160
3	1160	956	1040
3	956	944	1040
3	977	1194	1048
3	977	956	1194
3	977	927	956
3	880	944	956
3	927	880	956
3	880	877	944
3	909	880	927
3	842	880	909
3	880	836	877
3	842	836	880
3	832	813	842
3	842	813	836
3	813	822	836
3	798	813	832
3	798	793	813
3	793	822	813
3	752	601	793
3	698	822	793
3	601	698	793
3	698	714	822
3	571	714	698
3	698	601	571
3	550	571	601
3	550	518	571
3	518	541	571
3	485	411	507
3	454	418	485
3	411	460	507
3	418	411	485
3	344	411	418
3	411	356	460
3	344	356	411
3	460	356	416
3	356	399	416
3	356	319	399
3	1416	1434	1533
3	1434	1525	1533
3	1434	1469	1525
3	1331	1469	1434
3	1315	1434	1416
3	1315	1331	1434
3	1315	1307	1331
3	415	458	495
3	467	415	495
3	467	416	415
3	416	397	415
3	399	397	416
3	415	412	458
3	319	397	399
3	1533	1525	1561
3	1561	1525	1541
3	1525	1482	1541
3	1413	1482	1525
3	1469	1413	1525
3	1331	1413	1469
3	1413	1324	1482
3	1377	1413	1331
3	1360	1324	1413
3	1377	1360	1413
3	1360	1257	1324
3	1257	1245	1324
3	1245	1311	1324
3	1222	1245	1257
3	1240	1222	1257
3	1240	1164	1222
3	1222	1238	1245
3	1222	1201	1223
3	1164	1201	1222
3	548	552	576
3	552	487	555
3	475	487	552
3	531	496	548
3	496	552	548
3	496	475	552
3	495	496	531
3	495	458	496
3	458	475	496
3	99	125	187
3	99	66	125
3	1482	1531	1541
3	1482	1324	1531
3	1531	1324	1454
3	1324	1311	1454
3	1454	1311	1431
3	1245	1236	1311
3	1238	1223	1242
3	1242	1290	1289
3	1238	1222	1223
3	1238	1242	1289
3	1242	1249	1290
3	1223	1201	1242
3	1201	1181	1242
3	1242	1181	1249
3	548	576	626
3	619	628	634
3	576	619	634
3	576	574	619
3	552	555	574
3	552	574	576
3	311	430	408
3	295	1997	430
3	295	430	311
3	283	311	345
3	283	223	311
3	223	295	311
3	295	258	1997
3	223	221	295
3	221	258	295
3	258	221	251
3	212	208	221
3	196	187	208
3	187	125	208
3	221	171	251
3	171	134	251
3	125	171	208
3	208	171	221
3	97	171	125
3	97	134	171
3	97	53	134
3	66	97	125
3	53	97	66
3	54	96	134
3	53	54	134
3	35	54	53
3	1341	1342	1414
3	1306	1342	1341
3	1289	1290	1306
3	616	634	628
3	634	640	656
3	621	640	634
3	616	621	634
3	616	595	621
3	595	591	621
3	435	440	376
3	376	408	435
3	437	450	427
3	450	408	430
3	435	450	437
3	345	408	376
3	382	435	437
3	435	365	440
3	393	382	437
3	345	311	408
3	365	381	440
3	382	365	435
3	335	316	382
3	316	365	382
3	96	160	195
3	134	96	195
3	96	178	160
3	96	74	178
3	54	56	96
3	96	56	74
3	54	29	56
3	56	41	74
3	29	41	56
3	1495	1464	1523
3	1495	1460	1464
3	1477	1425	1481
3	1460	1495	1481
3	1425	1341	1460
3	1425	1460	1481
3	1460	1341	1464
3	1297	1341	1425
3	554	591	595
3	569	554	595
3	569	564	554
3	568	564	569
3	558	564	568
3	564	535	554
3	543	535	564
3	503	535	543
3	503	493	535
3	476	493	503
3	476	448	493
3	434	448	476
3	316	296	365
3	260	296	316
3	260	189	296
3	250	189	260
3	250	165	189
3	178	165	250
3	129	165	178
3	74	129	178
3	165	154	189
3	93	154	165
3	129	93	165
3	74	63	129
3	41	63	74
3	1528	1544	1584
3	1495	1523	1544
3	1528	1495	1544
3	1512	1481	1528
3	1481	1495	1528
3	1512	1477	1481
3	543	564	558
3	502	543	558
3	502	503	543
3	544	502	558
3	542	492	544
3	492	502	544
3	476	503	502
3	434	476	502
3	492	481	502
3	481	425	502
3	425	434	502
3	441	425	481
3	420	425	441
3	425	375	434
3	375	403	434
3	425	395	375
3	420	395	425
3	406	420	441
3	394	395	420
3	394	359	395
3	1999	1837	1931
3	1834	1837	1999
3	1834	1793	1837
3	1786	1837	1793
3	1756	1786	1793
3	1756	1703	1786
3	1569	1584	1588
3	1569	1528	1584
3	1538	1528	1569
3	1538	1512	1528
3	1540	1538	1569
3	1548	1540	1569
3	586	579	606
3	618	586	606
3	527	579	586
3	527	542	579
3	516	527	586
3	510	516	586
3	492	542	527
3	516	492	527
3	481	492	516
3	439	481	516
3	510	439	516
3	439	441	481
3	406	441	439
3	409	406	439
3	1931	1895	1911
3	1931	1804	1895
3	1931	1837	1804
3	1842	1887	1911
3	1804	1842	1895
3	1837	1786	1804
3	1810	1842	1804
3	1703	1804	1786
3	1694	1810	1804
3	1804	1703	1694
3	1756	1714	1703
3	1694	1703	1714
3	1572	1569	1588
3	1583	1588	1594
3	1548	1569	1572
3	1572	1588	1583
3	1587	1583	1594
3	1576	1572	1583
3	1563	1572	1576
3	654	696	667
3	618	654	667
3	643	618	667
3	639	643	667
3	586	618	643
3	557	586	643
3	557	510	586
3	1587	1576	1583
3	1576	1587	1577
3	1563	1576	1577
3	1550	1563	1577
3	770	785	818
3	786	770	810
3	696	785	770
3	786	705	770
3	705	696	770
3	705	667	696
3	1554	1550	1577
3	1554	1536	1550
3	1516	1542	1554
3	1542	1536	1554
3	1507	1536	1542
3	1496	1507	1542
3	1507	1521	1536
3	1483	1521	1507
3	1516	1496	1542
3	1470	1483	1507
3	1470	1507	1496
3	1474	1470	1496
3	1474	1450	1470
3	1450	1417	1470
3	942	993	952
3	916	942	952
3	921	916	952
3	871	921	972
3	871	916	921
3	851	875	916
3	871	851	916
3	851	818	875
3	770	851	871
3	810	770	871
3	864	810	871
3	770	818	851
3	1470	1385	1483
3	1417	1388	1470
3	1388	1385	1470
3	1379	1388	1417
3	1388	1318	1385
3	1373	1379	1417
3	1373	1305	1379
3	1318	1388	1379
3	1305	1318	1379
3	1292	1318	1305
3	1292	1239	1318
3	1239	1247	1318
3	1270	1239	1292
3	1266	1292	1305
3	1266	1270	1292
3	1266	1161	1270
3	1239	1184	1247
3	1161	1239	1270
3	1161	1184	1239
3	1161	1082	1184
3	1082	1090	1184
3	1090	1031	1184
3	1161	1070	1082
3	1007	1031	1090
3	1082	982	1090
3	1070	982	1082
3	982	1007	1090
3	987	982	1070
3	921	1007	982
3	1007	952	1031
3	972	982	987
3	921	952	1007
3	972	921	982
3	1246	1307	1315
3	1246	1169	1307
3	1169	1231	1307
3	1160	1169	1246
3	1169	1160	1040
3	1169	1071	1231
3	1169	1059	1071
3	1040	1013	1169
3	1013	1059	1169
3	1093	1146	1071
3	1013	913	1059
3	944	1013	1040
3	1071	1059	996
3	944	877	1013
3	929	996	1059
3	877	888	1013
3	913	929	1059
3	888	913	1013
3	929	908	996
3	913	870	929
3	888	870	913
3	870	908	929
3	877	870	888
3	908	870	904
3	836	870	877
3	815	846	870
3	870	846	904
3	836	815	870
3	822	815	836
3	1052	1081	1151
3	844	817	846
3	815	789	844
3	822	789	815
3	844	778	817
3	624	844	789
3	714	624	789
3	624	778	844
3	714	789	822
3	624	706	778
3	1352	1327	1384
3	1327	1352	1235
3	446	410	463
3	1628	1640	1715
3	517	447	443
3	1390	1374	1415
3	259	335	336
3	1071	996	1093
3	526	498	532
3	1821	1768	1847
3	344	418	315
3	1236	1174	1313
3	465	464	497
3	1621	1618	1995
3	435	408	450
3	406	394	420
3	815	844	846
3	1693	1621	1656
3	1994	1621	1995
3	1618	1558	1995
3	1994	1656	1621
3	1558	1574	1995
3	1581	1558	1618
3	1574	1994	1995
3	1656	1994	1615
3	575	588	581
3	631	588	575
3	588	523	581
3	469	388	517
3	388	389	447
3	389	387	447
3	1245	1238	1236
3	1208	1116	1193
3	1193	1174	1236
3	1515	1574	1558
3	1574	1615	1994
