-0.41726	-0.61344	0.25098
-0.4518	-0.61141	0.25028
-0.42499	-0.62038	0.22818
-0.39598	-0.62564	0.21033
-0.40027	-0.59295	0.25606
-0.45415	-0.61562	0.20674
-0.38528	-0.61019	0.21939
-0.43104	-0.6184	0.19754
-0.44303	-0.60044	0.27529
-0.48207	-0.60182	0.25617
-0.46429	-0.59201	0.27144
-0.42696	-0.60412	0.1619
-0.37188	-0.592	0.13995
-0.49136	-0.57279	0.282
-0.40743	-0.58136	0.26314
-0.49778	-0.58872	0.22165
-0.35936	-0.58955	0.20065
-0.50975	-0.57462	0.23457
-0.35476	-0.5886	0.16515
-0.41658	-0.57099	0.26106
-0.45738	-0.57676	0.27679
-0.44772	-0.5653	0.26607
-0.47956	-0.58079	0.16018
-0.4255	-0.57998	0.12997
-0.51437	-0.57127	0.18912
-0.33591	-0.59212	0.12861
-0.50473	-0.55629	0.25308
-0.33348	-0.58542	0.16233
-0.32865	-0.59339	0.088388
-0.48663	-0.5466	0.25248
-0.34567	-0.56672	0.19521
-0.53514	-0.54921	0.25387
-0.39841	-0.57736	0.12075
-0.30652	-0.58636	0.084463
-0.30464	-0.58007	0.1433
-0.35579	-0.58399	0.070969
-0.51329	-0.55081	0.15725
-0.30931	-0.58154	0.043892
-0.35384	-0.54394	0.20805
-0.4203	-0.55378	0.1063
-0.31678	-0.555	0.19257
-0.28135	-0.56683	0.12712
-0.54163	-0.53648	0.21522
-0.29784	-0.55937	0.17394
-0.53933	-0.53047	0.18022
-0.39771	-0.56726	0.07931
-0.34352	-0.57666	0.03512
-0.43491	-0.54642	0.24253
-0.53614	-0.53537	0.25278
-0.27083	-0.56299	0.051251
-0.33507	-0.54225	0.20436
-0.26748	-0.55462	0.11916
-0.27517	-0.5164	0.19005
-0.31778	-0.5588	0.01315
-0.39122	-0.53168	0.21346
-0.5325	-0.52346	0.22618
-0.26435	-0.5384	0.15788
-0.3603	-0.52859	0.2062
-0.46906	-0.54505	0.11705
-0.36159	-0.539	0.00075633
-0.44679	-0.52865	0.22228
-0.30264	-0.52083	0.20735
-0.38686	-0.54396	0.021552
-0.481	-0.50955	0.2092
-0.52017	-0.52022	0.14304
-0.5454	-0.51104	0.20376
-0.48282	-0.53158	0.11701
-0.24311	-0.53487	0.11707
-0.33937	-0.51469	0.20997
-0.31659	-0.50095	0.21578
-0.2272	-0.51941	0.090526
-0.24797	-0.49447	0.17491
-0.44132	-0.52123	0.095516
-0.24013	-0.5275	0.051722
-0.52455	-0.50598	0.15347
-0.27413	-0.53854	0.012325
-0.42942	-0.52695	0.074496
-0.52322	-0.49495	0.16558
-0.23095	-0.49963	0.14866
-0.37945	-0.50741	0.19228
-0.49113	-0.48901	0.1826
-0.33481	-0.51881	-0.013725
-0.516	-0.48858	0.18326
-0.43882	-0.48545	0.17033
-0.28138	-0.49	0.19869
-0.3965	-0.48332	0.16915
-0.33515	-0.49368	0.19256
-0.27139	-0.50233	-0.0065438
-0.30442	-0.5202	-0.009043
-0.28675	-0.47882	0.19701
-0.48313	-0.49337	0.13386
-0.44623	-0.51289	0.10019
-0.43142	-0.49407	0.064788
-0.24354	-0.52191	0.030743
-0.38043	-0.51569	0.0074917
-0.48825	-0.48611	0.152
-0.41732	-0.5125	0.052262
-0.45256	-0.49371	0.11376
-0.21229	-0.49418	0.070711
-0.20477	-0.47959	0.10774
-0.44214	-0.47509	0.1436
-0.44753	-0.47856	0.12951
-0.22682	-0.473	0.15696
-0.35318	-0.50575	-0.010802
-0.28459	-0.46102	0.16979
-0.36251	-0.47928	0.17334
-0.21509	-0.4802	0.04444
-0.42586	-0.46795	0.15034
-0.31398	-0.48482	-0.018439
-0.22922	-0.47499	0.02338
-0.25236	-0.4449	0.17715
-0.34238	-0.46929	-0.0046538
-0.39962	-0.46515	0.0353
-0.43432	-0.4556	0.13237
-0.20202	-0.46285	0.070872
-0.43	-0.45897	0.077395
-0.33277	-0.45312	0.15371
-0.43347	-0.44708	0.10646
-0.26737	-0.45031	0.17786
-0.38526	-0.48296	0.023872
-0.21057	-0.45599	0.040446
-0.40846	-0.43419	0.13595
-0.20942	-0.44361	0.13695
-0.29317	-0.46002	-0.013233
-0.41781	-0.42726	0.1137
-0.25304	-0.45549	0.00097953
-0.27736	-0.42909	0.15171
-0.39084	-0.44072	0.13932
-0.22921	-0.44557	0.011807
-0.40559	-0.44308	0.053145
-0.20227	-0.42801	0.11928
-0.19801	-0.44053	0.088748
-0.20612	-0.4092	0.0058664
-0.27747	-0.43656	-0.012003
-0.25971	-0.41126	0.15823
-0.41212	-0.43571	0.073527
-0.29872	-0.42027	-0.011536
-0.3107	-0.40537	0.12302
-0.34198	-0.41115	0.12057
-0.38665	-0.40509	0.12153
-0.19724	-0.41109	0.04769
-0.20735	-0.40816	0.10833
-0.34417	-0.42414	0.0073585
-0.23459	-0.4193	0.1565
-0.37865	-0.40622	0.065568
-0.2274	-0.39657	0.13127
-0.25527	-0.41452	-0.028794
-0.26449	-0.38574	0.13778
-0.21801	-0.394	0.11156
-0.37963	-0.39498	0.10375
-0.30749	-0.37652	0.11957
-0.22618	-0.41141	-0.018752
-0.18793	-0.39011	0.051271
-0.35869	-0.38666	0.1112
-0.33493	-0.40741	0.010296
-0.19765	-0.40081	0.027465
-0.31373	-0.40704	-0.0083465
-0.19344	-0.37707	0.084398
-0.32633	-0.38602	0.010375
-0.33881	-0.37684	0.10119
-0.34694	-0.39743	0.03521
-0.28629	-0.3954	-0.041203
-0.22717	-0.40179	-0.051418
-0.33862	-0.37978	0.069214
-0.25941	-0.40024	-0.04953
-0.33085	-0.37768	0.11168
-0.20231	-0.34899	0.10567
-0.25227	-0.3738	0.10804
-0.18151	-0.38267	-0.004279
-0.3064	-0.37901	-0.027283
-0.29709	-0.37004	0.093668
-0.32022	-0.37052	0.047826
-0.16971	-0.37026	0.031454
-0.23273	-0.35826	0.095511
-0.21841	-0.34126	0.10524
-0.29822	-0.35681	0.072551
-0.22688	-0.36531	-0.057379
-0.29082	-0.36935	-0.048052
-0.31313	-0.35138	0.039698
-0.26412	-0.34097	-0.075335
-0.28362	-0.34605	0.080707
-0.31493	-0.35218	-0.0043874
-0.18207	-0.34777	0.086364
-0.20946	-0.36889	-0.041251
-0.1618	-0.33731	0.0016236
-0.21938	-0.32761	0.091403
-0.15455	-0.30779	0.026279
-0.18064	-0.3573	-0.022515
-0.31039	-0.34748	-0.029662
-0.28206	-0.33671	-0.070374
-0.16559	-0.31253	0.061637
-0.30809	-0.33162	0.04803
-0.18426	-0.34143	-0.047954
-0.31329	-0.32402	-0.049994
-0.20764	-0.31287	0.097023
-0.24608	-0.34874	-0.073081
-0.16492	-0.3252	-0.031206
-0.31868	-0.33055	0.011659
-0.29414	-0.27796	0.064028
-0.18736	-0.30084	0.091934
-0.1957	-0.32068	-0.082429
0.79939	-0.28135	0.23763
0.78439	-0.29978	0.19422
0.80522	-0.29538	0.20095
-0.24665	-0.30524	0.084133
0.78933	-0.27085	0.24454
0.76116	-0.28538	0.21556
-0.22813	-0.29391	0.09047
-0.29808	-0.29793	0.065159
0.79643	-0.29904	0.16801
0.80538	-0.29519	0.15836
-0.14603	-0.29168	-0.012286
0.79337	-0.29601	0.11023
-0.33089	-0.28344	-0.024755
-0.16219	-0.3068	-0.062739
0.75287	-0.28488	0.15082
-0.29048	-0.31446	-0.086803
0.81453	-0.27514	0.20673
0.6887	-0.30224	0.051951
0.56752	-0.30391	0.043664
0.62531	-0.30214	0.051063
0.68313	-0.29418	0.072123
0.79167	-0.30679	0.032166
0.76013	-0.2914	0.10415
0.7767	-0.30415	0.028326
0.64303	-0.29125	0.093655
0.79339	-0.30299	0.0057538
0.80026	-0.29572	0.067748
0.5536	-0.29105	0.072506
-0.27519	-0.2923	-0.11094
0.5262	-0.29492	0.055591
0.53884	-0.29889	0.030341
0.72676	-0.28787	0.082425
0.73645	-0.27219	0.15896
0.71479	-0.28129	0.096228
0.80413	-0.28399	0.10834
0.62832	-0.29749	0.024518
0.54893	-0.28166	0.090685
0.69589	-0.29698	0.02811
-0.162	-0.26679	0.044896
0.71157	-0.28939	0.047066
0.63508	-0.2708	0.12093
0.54644	-0.29165	0.0031674
0.4969	-0.28465	0.043791
0.77002	-0.29773	0.011392
-0.32581	-0.27667	-0.064278
0.70867	-0.26851	0.12425
0.73516	-0.28721	0.047406
-0.30737	-0.28915	-0.085384
0.51161	-0.27786	0.077684
-0.22887	-0.26596	0.083708
-0.1797	-0.26985	0.074366
-0.32583	-0.26029	0.025454
-0.25343	-0.28773	-0.11965
-0.22375	-0.28036	-0.12357
0.62252	-0.28666	-0.002007
0.70514	-0.28599	0.017217
-0.25243	-0.25966	0.077995
0.65975	-0.28461	0.0053794
0.75488	-0.25664	0.21939
0.72659	-0.26372	0.012622
0.78403	-0.2355	0.2449
0.7337	-0.24814	0.19043
0.74177	-0.27509	0.022321
0.52104	-0.25022	0.10731
0.5114	-0.28055	-0.0016875
0.80943	-0.28413	0.010828
0.72087	-0.2485	0.15765
0.7729	-0.27872	-0.0011174
-0.14399	-0.25909	-0.02954
-0.32609	-0.21745	0.040921
0.79218	-0.27798	-0.012021
0.61921	-0.24767	0.14615
-0.19883	-0.25279	0.075239
-0.29017	-0.27704	-0.11885
0.26088	-0.27731	-0.023766
0.25277	-0.2735	0.0068794
0.80677	-0.23861	0.24719
0.22109	-0.27157	-0.013718
0.56789	-0.27206	0.099762
-0.15576	-0.26197	-0.077598
0.23346	-0.27488	-0.035592
-0.33348	-0.26622	-0.031214
0.28692	-0.27244	-0.023157
0.28435	-0.26563	0.030839
0.54567	-0.27255	-0.025087
0.24592	-0.25608	0.050948
0.70144	-0.24881	0.1436
-0.18399	-0.27505	-0.10679
0.44754	-0.24502	0.038297
0.67768	-0.2641	-0.0097601
0.81892	-0.21188	0.15702
0.57162	-0.2518	-0.044326
0.21451	-0.26244	0.016881
0.29264	-0.2446	0.066994
0.20935	-0.26314	-0.029345
0.80357	-0.27171	-0.010388
0.751	-0.25319	0.010448
0.21692	-0.26688	-0.064238
-0.14677	-0.25409	0.009653
0.70988	-0.22251	0.15725
-0.18883	-0.22244	0.064555
0.76396	-0.23279	0.23458
0.48455	-0.24477	0.093641
0.57468	-0.22727	0.14368
0.19305	-0.25589	0.019094
0.81973	-0.24827	0.0074423
-0.22115	-0.23099	0.071996
0.82207	-0.2204	0.21931
-0.27928	-0.25331	0.072292
-0.24114	-0.26526	-0.14798
0.46078	-0.25204	0.0084951
0.19806	-0.24635	0.047018
0.349	-0.25295	0.015087
0.30343	-0.26213	-0.050762
0.27078	-0.2616	-0.069376
0.32696	-0.26064	-0.008009
-0.13151	-0.24101	-0.057474
0.4753	-0.25283	-0.015521
0.63717	-0.21754	0.16184
-0.13624	-0.2432	-0.021891
0.81651	-0.24167	0.23571
0.2241	-0.23355	0.07614
0.48242	-0.24164	-0.036457
0.62348	-0.26112	-0.026518
0.76633	-0.20172	0.25367
-0.17439	-0.2524	-0.12827
0.81149	-0.23937	0.083333
-0.35255	-0.24042	-0.057286
0.58995	-0.2171	0.15405
-0.33557	-0.25485	-0.10486
0.23164	-0.24697	-0.097192
0.33874	-0.24762	0.043573
0.44916	-0.23369	0.05753
0.36726	-0.24882	-0.0064007
0.20597	-0.24974	-0.056755
0.71268	-0.25232	-0.0014129
0.74372	-0.20854	0.21524
-0.28932	-0.20086	0.065051
0.7228	-0.22469	0.16603
0.32461	-0.22875	0.08122
0.79861	-0.20533	0.27776
-0.15334	-0.22649	0.037138
0.68426	-0.22608	0.15455
0.47818	-0.25738	0.076733
0.3975	-0.24781	-0.0072338
-0.27778	-0.25918	-0.16056
0.15804	-0.2266	-0.00083402
0.24049	-0.21596	0.094761
0.54703	-0.24061	0.11943
0.18824	-0.2271	0.063852
0.3905	-0.2365	0.022729
0.33804	-0.25511	-0.032645
-0.30437	-0.26286	-0.13538
0.3934	-0.24356	-0.034525
-0.24679	-0.25813	-0.17352
-0.13881	-0.22115	0.024394
0.81799	-0.18064	0.24298
-0.3555	-0.24414	-0.12878
0.48586	-0.2132	0.10404
0.37502	-0.23465	-0.056477
0.73234	-0.19185	0.17714
-0.20585	-0.25397	-0.1723
0.45802	-0.21316	0.089932
0.16901	-0.21966	-0.057366
-0.14381	-0.24287	-0.11557
0.16386	-0.22932	0.030334
-0.30481	-0.25373	-0.17616
0.35818	-0.21442	0.083804
0.40448	-0.22109	0.052694
-0.11467	-0.22813	-0.030709
0.80942	-0.23766	-0.0010179
-0.34079	-0.2439	-0.17418
0.60855	-0.21004	0.17086
0.64657	-0.2013	0.1663
0.27472	-0.211	0.10194
0.75025	-0.21929	0.016235
0.81879	-0.214	0.076884
-0.22469	-0.25577	-0.20569
-0.2608	-0.20017	0.075784
0.67644	-0.23426	-0.020327
-0.34546	-0.20971	0.02317
0.53678	-0.20728	0.12077
0.61199	-0.23222	-0.046617
0.73013	-0.21952	0.0098456
-0.38483	-0.21247	-0.049026
0.53227	-0.24647	-0.045547
-0.28124	-0.24888	-0.21245
0.38701	-0.21123	0.059145
0.79873	-0.17314	0.24608
0.43333	-0.23442	-0.055565
0.28315	-0.23595	-0.095792
-0.15298	-0.20335	0.049113
-0.076956	-0.23108	-0.089798
-0.19952	-0.25595	-0.19047
-0.10509	-0.23531	-0.10959
0.43116	-0.20799	0.074502
0.21256	-0.23015	-0.10421
-0.1505	-0.2458	-0.17433
-0.10504	-0.20625	-0.0010505
0.19832	-0.22714	-0.078595
-0.10788	-0.23574	-0.13183
-0.36916	-0.23279	-0.096715
0.34033	-0.23251	-0.072671
-0.3642	-0.23575	-0.16293
0.1396	-0.20686	0.031319
0.32436	-0.20323	0.10497
-0.32663	-0.2446	-0.20954
0.64218	-0.18357	0.16885
-0.06325	-0.22768	-0.12909
-0.18908	-0.19149	0.070274
0.13131	-0.21409	0.0066277
-0.23994	-0.24712	-0.23245
-0.16976	-0.24321	-0.20649
0.16114	-0.20284	0.058935
0.80153	-0.21267	0.011541
-0.070228	-0.21837	-0.067638
-0.11014	-0.19829	0.029953
0.77973	-0.17044	0.23482
0.24467	-0.19547	0.10365
0.48517	-0.22704	-0.050588
0.82065	-0.20563	0.035704
-0.17707	-0.23917	-0.23436
0.70961	-0.19106	0.1471
0.5326	-0.19022	0.12919
0.82048	-0.19644	0.056976
-0.36329	-0.22108	-0.035635
-0.32427	-0.19778	0.049992
0.15577	-0.21756	-0.045514
-0.085933	-0.22255	-0.16209
-0.14549	-0.2385	-0.2128
-0.39516	-0.17234	-0.010472
-0.031499	-0.19383	-0.048776
0.3594	-0.17165	0.11392
0.16956	-0.20728	-0.08855
-0.15494	-0.22905	-0.24121
0.6151	-0.20126	-0.048211
0.58685	-0.18295	0.16707
0.18867	-0.19252	0.082313
0.46565	-0.18054	0.11507
0.12021	-0.20655	-0.0026064
-0.32293	-0.22961	-0.23995
0.14076	-0.17531	0.058003
-0.38141	-0.1816	0.020794
0.75209	-0.19888	0.030241
-0.047097	-0.20609	-0.12472
-0.39276	-0.21572	-0.15404
0.38801	-0.20363	-0.076287
0.25517	-0.21171	-0.11973
-0.25855	-0.17571	0.081725
-0.050277	-0.21175	-0.15656
-0.38983	-0.20857	-0.22672
-0.40696	-0.19538	-0.039738
-0.055167	-0.18137	0.0032576
-0.42008	-0.1943	-0.20981
0.38953	-0.15892	0.098677
0.57366	-0.19826	-0.05892
0.54931	-0.21324	-0.058711
0.82772	-0.17148	0.18108
0.68509	-0.183	0.1464
-0.1242	-0.22333	-0.22247
0.80886	-0.14573	0.24509
0.084529	-0.19806	-0.0061888
0.71794	-0.19485	0.0099699
0.49981	-0.16835	0.12327
0.7316	-0.17689	0.15671
0.7481	-0.17934	0.20305
0.69738	-0.21249	-0.01054
0.22686	-0.19082	-0.1278
-0.29225	-0.22135	-0.27562
-0.39263	-0.20725	-0.076624
-0.33993	-0.17159	0.067975
-0.12078	-0.16547	0.087008
-0.20474	-0.22565	-0.26583
0.11554	-0.2022	-0.081931
0.82055	-0.16439	0.23823
0.65717	-0.16755	0.15607
0.79376	-0.18965	0.036412
0.72908	-0.18464	0.033192
0.29959	-0.21997	-0.10143
-0.39623	-0.20242	-0.1088
0.31643	-0.18413	-0.10983
-0.15257	-0.16434	0.10262
0.82399	-0.18503	0.09318
0.079033	-0.18539	0.020968
0.42971	-0.20201	-0.074013
0.43005	-0.17821	0.093482
-0.029475	-0.20073	-0.091281
0.35124	-0.20159	-0.089744
-0.080065	-0.2065	-0.19414
0.20814	-0.18781	-0.11834
-0.61107	-0.11436	0.17136
0.10397	-0.18698	0.029523
-0.41863	-0.19352	-0.076117
0.604	-0.1699	0.17245
-0.31242	-0.21577	-0.272
0.74623	-0.18063	0.053137
0.49539	-0.20744	-0.058057
0.19433	-0.1694	0.091507
-0.37213	-0.16423	0.062687
-0.31948	-0.17203	0.067042
-0.22294	-0.16583	0.094335
-0.43725	-0.1985	-0.14122
0.26209	-0.15395	0.11424
0.11699	-0.17567	0.046597
-0.42726	-0.16791	-0.010983
0.027889	-0.19051	-0.034416
0.095932	-0.20151	-0.05203
-0.0094272	-0.18512	-0.026355
-0.0044973	-0.19609	-0.07222
0.83014	-0.16126	0.14922
0.7296	-0.16953	0.11507
0.060857	-0.18968	-0.027151
0.44075	-0.15014	0.10723
-0.42402	-0.18939	-0.10863
0.75845	-0.14914	0.20156
0.70792	-0.16542	0.10405
0.082088	-0.16101	0.051727
-0.32728	-0.21583	-0.27039
-0.59629	-0.12315	0.14733
-0.39367	-0.15487	0.050704
0.32001	-0.16704	0.12082
0.74248	-0.16195	0.14372
-0.24605	-0.22749	-0.26923
-0.36155	-0.20583	-0.26541
0.062308	-0.18892	-0.065752
-0.56922	-0.13034	0.14406
0.79148	-0.13913	0.23359
0.81707	-0.17331	0.090965
-0.43665	-0.17039	-0.0224
0.80448	-0.1769	0.066026
0.83009	-0.15343	0.19185
-0.1372	-0.213	-0.25009
0.032168	-0.18829	-0.086801
0.75663	-0.14396	0.17785
0.16985	-0.18618	-0.11773
0.49541	-0.18748	-0.058344
-0.030969	-0.17551	-0.0019888
0.041831	-0.174	-0.0068593
0.12919	-0.15291	0.062271
-0.44388	-0.19524	-0.1568
0.46037	-0.15715	0.11315
0.61145	-0.15434	0.17039
-0.055907	-0.17652	0.026931
0.77916	-0.16765	0.081828
-0.58896	-0.10978	0.1734
-0.042911	-0.15725	0.029401
0.037176	-0.15086	0.028152
0.762	-0.16191	0.10309
0.72833	-0.16837	0.074064
0.26207	-0.1869	-0.12269
0.28912	-0.18968	-0.11518
-0.35288	-0.15198	0.076012
-0.41429	-0.14149	0.023404
0.67134	-0.15776	0.12179
-0.28072	-0.2062	-0.29519
-0.14487	-0.19833	-0.27846
-0.074505	-0.13573	0.088559
-0.31609	-0.14373	0.065624
0.49539	-0.14866	0.11823
-0.43169	-0.17084	-0.039464
-0.24225	-0.13735	0.10459
-0.61363	-0.10542	0.15882
0.14783	-0.14204	0.062242
-0.015457	-0.16285	0.0022121
-0.40206	-0.15767	-0.005969
0.70516	-0.15951	0.044175
0.77621	-0.14696	0.14511
-0.19545	-0.11944	0.12739
0.0080644	-0.18659	-0.12599
-0.011986	-0.18222	-0.14364
0.63499	-0.14061	0.12244
0.10321	-0.13686	0.07039
0.13856	-0.17691	-0.11932
-0.026642	-0.16052	-0.18334
0.57215	-0.15593	-0.054028
0.0083889	-0.14874	0.019316
0.080223	-0.17972	-0.10269
0.68461	-0.15303	0.10857
0.82494	-0.14253	0.16494
0.3836	-0.16756	-0.082364
0.35112	-0.15329	-0.097531
0.60271	-0.14211	0.15494
0.34513	-0.12926	0.11821
0.79786	-0.14614	0.13958
-0.18309	-0.1985	-0.29695
0.66524	-0.13596	0.091619
0.70561	-0.156	0.079535
0.31852	-0.12244	0.11772
-0.35559	-0.17885	-0.30351
0.63955	-0.16313	-0.030757
0.60489	-0.16814	-0.050369
-0.44582	-0.15603	-0.071272
-0.03581	-0.19143	-0.1406
-0.11801	-0.19737	-0.25904
-0.23671	-0.20347	-0.30261
0.64827	-0.14666	-0.011869
0.52774	-0.15373	0.1237
0.44262	-0.16942	-0.069395
0.81637	-0.13163	0.19292
-0.2864	-0.15947	0.073861
0.78336	-0.12599	0.18386
0.41315	-0.13676	0.11602
0.072253	-0.14461	0.054978
0.031086	-0.17278	-0.14391
-0.45089	-0.14895	-0.0065768
-0.049192	-0.18604	-0.19796
-0.38163	-0.13309	0.086907
0.45556	-0.12717	0.10473
-0.53523	-0.12582	0.12945
0.23723	-0.15985	-0.12273
-0.42317	-0.17893	-0.23648
-0.43059	-0.13321	0.0032969
-0.28798	-0.12527	0.074655
0.20905	-0.15792	-0.13202
-0.47613	-0.13374	-0.045741
0.37982	-0.1162	0.1056
-0.12948	-0.12164	0.12317
-0.52006	-0.11667	0.13378
0.059487	-0.16752	-0.1526
0.0058069	-0.16121	-0.18534
-0.46413	-0.17243	-0.17392
0.51034	-0.12762	0.10847
-0.35045	-0.10825	0.060601
0.25948	-0.12066	0.10842
0.66608	-0.13983	0.025907
0.53394	-0.13635	-0.046965
0.19358	-0.14208	0.091455
0.64239	-0.12804	0.10158
-0.46703	-0.15457	-0.11046
-0.44074	-0.11349	0.05622
-0.22472	-0.17233	-0.33196
0.40048	-0.10323	0.11161
0.49793	-0.15991	-0.049962
-0.39456	-0.18146	-0.2687
-0.47429	-0.13605	-0.018953
0.29942	-0.15047	-0.113
-0.095725	-0.11717	0.11987
0.59688	-0.12938	0.1239
0.15806	-0.10847	0.06207
0.099679	-0.15854	-0.1303
0.60901	-0.13016	0.10467
-0.48111	-0.14592	-0.12804
-0.43122	-0.10797	0.087355
-0.41077	-0.103	0.10707
-0.59826	-0.087537	0.12504
-0.5816	-0.10025	0.1137
-0.26317	-0.183	-0.32277
-0.367	-0.11721	0.075018
-0.44955	-0.16029	-0.22152
-0.47108	-0.13675	-0.079808
0.65394	-0.12539	0.070227
-0.48252	-0.12624	-0.0031116
-0.11132	-0.15396	-0.29924
0.027552	-0.11448	0.059907
-0.48853	-0.14943	-0.15244
-0.3201	-0.1739	-0.32083
0.40071	-0.13717	-0.06772
-0.13721	-0.092825	0.13518
0.54243	-0.11855	0.10231
0.027045	-0.15291	-0.18365
0.2337	-0.1056	0.092766
0.59393	-0.1338	-0.040208
0.24606	-0.14156	-0.11461
0.48572	-0.14232	-0.046594
0.61749	-0.11378	0.068007
-0.22782	-0.08087	0.12367
0.0022542	-0.11249	0.060151
-0.070046	-0.10509	0.11093
0.43235	-0.11828	0.11265
-0.38809	-0.083903	0.093159
-0.18947	-0.16078	-0.33228
0.58582	-0.1219	0.080377
-0.035813	-0.14779	-0.22066
0.45851	-0.10326	0.084811
-0.15337	-0.16929	-0.31242
-0.037143	-0.12025	0.067626
-0.58679	-0.083515	0.19466
-0.49417	-0.12214	-0.069733
0.50061	-0.10698	0.092972
0.073711	-0.13655	-0.18905
-0.47757	-0.10493	0.010712
-0.59564	-0.079033	0.13778
0.12788	-0.1371	-0.14732
0.18561	-0.10894	0.073784
-0.38175	-0.16965	-0.2984
0.49958	-0.12235	-0.028355
-0.46999	-0.13693	-0.23274
-0.4972	-0.11381	-0.0098152
-0.42911	-0.14707	-0.2629
0.51885	-0.10292	0.081297
-0.39534	-0.092291	0.12678
-0.47458	-0.082112	0.13065
-0.51317	-0.08175	0.091012
0.30429	-0.13113	-0.10373
0.17837	-0.14476	-0.14089
0.63031	-0.11959	0.027684
-0.43707	-0.090648	0.12251
-0.4433	-0.1143	0.037115
-0.022193	-0.13009	-0.21632
-0.068077	-0.16579	-0.24755
0.33724	-0.11866	-0.082597
-0.47763	-0.15851	-0.18584
0.59826	-0.11627	-0.014887
-0.47728	-0.084818	0.10417
0.20311	-0.12914	-0.14071
-0.089106	-0.076634	0.1269
0.40793	-0.11179	-0.048348
-0.41628	-0.14979	-0.2827
0.54687	-0.10588	0.060208
-0.48881	-0.081347	0.14251
0.58979	-0.10834	0.0456
0.3596	-0.093388	0.10201
0.32247	-0.08934	0.10409
-0.25596	-0.077267	0.094801
-0.46014	-0.1051	0.022132
0.14893	-0.062781	0.081643
-0.16935	-0.068418	0.14072
-0.39484	-0.098347	0.10798
0.47111	-0.11357	-0.020076
-0.51242	-0.11546	-0.14311
0.42417	-0.089068	0.10047
-0.27662	-0.16246	-0.33614
-0.5015	-0.11461	-0.095833
-0.37791	-0.082124	0.14564
0.55287	-0.11015	-0.023327
-0.38833	-0.077357	0.16781
-0.27784	-0.078507	0.077843
-0.49747	-0.1342	-0.18849
-0.29558	-0.06595	0.082266
-0.06142	-0.13397	-0.26477
0.21018	-0.087779	0.073592
0.034796	-0.059993	0.091247
-0.52532	-0.071946	0.16177
0.071165	-0.081225	0.088158
-0.040733	-0.096784	0.085505
0.38997	-0.087348	0.084853
-0.46641	-0.093098	0.066119
-0.14482	-0.12981	-0.33538
-0.31363	-0.15516	-0.33945
0.25748	-0.11376	-0.098771
-0.36701	-0.071362	0.17463
-0.37843	-0.08051	0.074659
0.57537	-0.10262	0.0091449
-0.45766	-0.069136	0.15715
0.53056	-0.099701	0.0069359
-0.16028	-0.1495	-0.32716
-0.54696	-0.074052	0.092961
0.11524	-0.030841	0.10235
-0.35921	-0.14166	-0.33377
-0.39775	-0.13968	-0.31076
-0.48837	-0.078877	0.042839
0.27497	-0.097822	-0.080186
0.4848	-0.10008	0.0090291
-0.56709	-0.068914	0.10502
0.53329	-0.097487	0.028258
0.32505	-0.070958	0.090024
-0.36878	-0.059981	0.13353
-0.49567	-0.084461	0.01519
0.18347	-0.07271	0.051803
-0.57902	-0.062888	0.14837
-0.24382	-0.14982	-0.34665
0.46093	-0.09312	0.058175
0.49541	-0.092899	0.037184
-0.52566	-0.058797	0.18739
0.14252	-0.12531	-0.155
-0.49475	-0.075992	0.06735
-0.52039	-0.098747	-0.11227
0.16904	-0.10485	-0.15892
0.016013	-0.11391	-0.23161
-0.059442	-0.068774	0.10376
0.4585	-0.093245	0.018293
-0.51886	-0.085365	-0.0035442
-0.36027	-0.061454	0.113
-0.49354	-0.055279	0.17603
-0.34646	-0.074584	0.080835
0.36041	-0.092501	-0.050257
-0.52435	-0.088924	-0.069053
0.0040139	-0.06955	0.08396
0.4205	-0.097991	-0.023942
-0.55282	-0.064993	0.1984
0.0092918	-0.13725	-0.21427
-0.28355	-0.12602	-0.35802
-0.029561	-0.056189	0.10856
0.29176	-0.063901	0.075312
-0.37557	-0.048289	0.20472
0.42369	-0.081991	0.054596
0.4301	-0.081994	0.03448
0.22287	-0.088661	-0.13073
0.086145	-0.04756	0.098943
-0.10168	-0.057632	0.13016
-0.057953	-0.098064	-0.26474
-0.19329	-0.048758	0.1357
-0.42749	-0.12468	-0.28872
-0.35321	-0.042355	0.20084
-0.53418	-0.077951	-0.036255
-0.50042	-0.11769	-0.20568
-0.32035	-0.11858	-0.35869
-0.34745	-0.046296	0.16757
-0.43723	-0.043376	0.1999
-0.48272	-0.046118	0.18147
-0.54415	-0.051223	0.085754
-0.16882	-0.11525	-0.35098
-0.25874	-0.052989	0.083131
0.41816	-0.084744	-0.0017553
-0.54037	-0.065365	-0.078722
0.32653	-0.087215	-0.044896
-0.1947	-0.13173	-0.35254
-0.07174	-0.11575	-0.28843
-0.558	-0.046146	0.12225
0.28627	-0.080146	-0.052257
-0.30372	-0.042316	0.097376
0.25532	-0.067498	0.071343
-0.52366	-0.055171	0.06575
0.37277	-0.070424	0.071022
-0.33354	-0.029857	0.25179
-0.42151	-0.026366	0.23723
-0.3653	-0.032143	0.2361
-0.32634	-0.026003	0.2765
0.13278	-0.10779	0.0773
-0.011314	-0.093522	-0.23369
-0.45153	-0.03547	0.19572
0.030364	-0.12221	-0.2148
-0.52022	-0.047262	0.032187
0.12457	-0.093581	-0.18506
0.3122	-0.07317	-0.027756
0.33088	-0.057356	0.056696
-0.34833	-0.027219	0.26843
0.39907	-0.079673	-0.014895
0.35116	-0.075547	-0.038904
-0.14192	-0.037573	0.13921
0.23956	-0.058244	0.048401
-0.078249	-0.044008	0.11182
-0.38403	-0.026694	0.23024
-0.39311	-0.090479	-0.34513
-0.53082	-0.063372	-0.0030851
0.38343	-0.066628	0.0035884
-0.010982	-0.051217	0.10225
-0.53067	-0.036914	0.066166
-0.32857	-0.0011084	0.30348
-0.45585	-0.10395	-0.27528
-0.5438	-0.042447	0.16349
0.22231	-0.049637	0.029668
0.2309	-0.057877	-0.11593
0.20148	-0.049867	0.037841
-0.32873	-0.031148	0.17575
-0.48286	-0.036778	0.18496
-0.2362	-0.11558	-0.36747
-0.43716	-0.01709	0.23274
0.19518	-0.088072	-0.15579
-0.23351	-0.022121	0.10259
0.36104	-0.059118	0.028841
-0.096902	-0.092083	-0.32549
0.2685	-0.073275	-0.058554
-0.51725	-0.033455	0.16622
-0.37653	-0.011551	0.24725
-0.31532	-0.024668	0.14265
0.26394	-0.053052	0.049391
-0.3649	0.023405	0.31015
0.22181	-0.077558	-0.14172
-0.4834	-0.014762	0.18763
0.036754	-0.08845	-0.23299
-0.039013	-0.097067	-0.2474
-0.44856	-0.010003	0.21108
-0.53974	-0.056219	-0.12404
0.078929	-0.09316	-0.21094
-0.041299	-0.025793	0.11819
0.34207	-0.059485	-0.010437
-0.54012	-0.066094	-0.14404
-0.36683	-0.00010453	0.27899
-0.30613	-0.0033009	0.28707
0.33225	-0.055186	0.0172
-0.34574	0.027038	0.34004
-0.50538	-0.08436	-0.23775
0.044239	-0.033891	0.10812
-0.53662	-0.029597	0.10208
-0.30753	-0.010855	0.23803
-0.10576	-0.010909	0.11157
-0.52903	-0.022717	0.12938
0.25063	-0.066182	-0.079512
-0.30128	-0.017962	0.12367
0.15894	-0.057711	-0.18734
0.29392	-0.048033	0.018802
-0.42307	-0.071224	-0.33067
0.25963	-0.057552	-0.039688
-0.31874	0.016208	0.32688
-0.24395	-0.0088805	0.099245
0.18015	-0.074075	-0.17517
-0.13951	-0.085882	-0.35221
-0.0063646	-0.024059	0.11121
-0.49245	-0.018291	0.1727
0.09153	-0.066943	-0.21136
0.19978	-0.034644	0.056376
-0.5543	-0.039082	-0.014439
-0.29809	-0.013971	0.21229
0.25645	-0.041783	-0.02088
-0.53288	-0.025028	0.039806
-0.39797	0.0051976	0.25342
-0.26847	-0.091865	-0.37401
0.15143	-0.011597	0.10031
0.22204	-0.037618	0.016209
-0.29604	0.01003	0.29533
0.21834	-0.072709	-0.18597
-0.31422	-0.094892	-0.37265
0.24811	-0.075203	-0.18958
0.24462	-0.069625	-0.16713
-0.25932	0.00041001	0.10363
-0.50802	-0.015885	0.16119
-0.29501	0.030969	0.32323
-0.17952	-0.09237	-0.36301
-0.071463	-0.07983	-0.27954
0.018373	-0.078894	-0.23188
-0.5138	-0.051886	-0.24281
0.29649	-0.078474	-0.22762
-0.23704	-0.088884	-0.37492
-0.45763	-0.062332	-0.29556
-0.16505	-0.011014	0.131
0.029886	-0.015878	0.11259
0.25348	-0.071183	-0.23022
-0.27318	0.0077532	0.22963
0.24982	-0.052706	-0.14301
0.24743	-0.037344	-0.013285
0.30805	-0.07656	-0.27864
0.091317	-0.030659	0.10781
0.23489	-0.035346	-0.089832
-0.28656	0.0034402	0.18809
-0.54742	-0.032715	-0.12696
-0.51968	-0.095097	-0.1928
0.32564	-0.074712	-0.27049
0.29025	-0.067764	-0.19981
-0.46245	0.0052851	0.20643
-0.53675	-0.01275	0.089742
-0.30054	0.0056245	0.27016
-0.42103	0.014801	0.24079
0.21405	-0.06314	-0.20183
-0.3549	0.047442	0.3568
-0.48133	0.034314	0.18713
-0.27447	0.0097365	0.11426
0.0068549	-0.042381	-0.24713
0.33307	-0.058039	-0.23834
0.06727	-0.0481	-0.2311
-0.20123	0.0095128	0.10623
0.06943	0.0054696	0.11733
0.27053	-0.04528	-0.16946
-0.32889	0.041813	0.35191
-0.52645	0.0025506	0.12955
-0.27334	-0.061379	-0.38475
-0.54448	-0.029875	0.005239
0.30516	-0.06589	-0.31628
-0.54988	0.018428	0.035792
-0.13458	-0.011191	0.12786
-0.562	-0.02204	-0.030414
0.31722	-0.049905	-0.21562
-0.28738	0.032873	0.28749
-0.276	0.031218	0.26413
0.050068	-0.056356	-0.22806
-0.33406	-0.066846	-0.37615
-0.51439	-0.0031242	0.14443
-0.34417	0.061113	0.35798
-0.015295	0.0067271	0.11154
0.13538	-0.030048	-0.20103
-0.029568	-0.047138	-0.2605
0.21579	-0.0028793	0.035331
-0.14321	0.0089789	0.11446
-0.49831	0.018255	0.17344
-0.094034	-0.039373	-0.33657
0.34104	-0.069544	-0.29927
0.23156	-0.01784	-0.010262
0.22295	-0.010381	-0.034976
-0.27855	0.022222	0.14201
-0.533	-0.0096762	-0.2186
0.35111	-0.052691	-0.27949
0.10621	0.022686	0.1087
-0.5569	-0.004897	-0.099094
-0.44158	0.048886	0.21828
-0.38978	0.02456	0.26767
-0.21436	-0.071754	-0.37762
0.3471	-0.06344	-0.34984
-0.056595	0.0079565	0.11832
-0.55748	0.01672	0.0031297
-0.53606	-0.038658	-0.20173
0.24018	-0.030507	-0.12285
0.23026	-0.017279	-0.097853
-0.2417	0.02987	0.095405
-0.27699	0.020644	0.1743
-0.14508	-0.067208	-0.35827
0.21022	0.014414	0.058662
0.2169	-0.036209	-0.21982
-0.36253	-0.020865	-0.37466
-0.29823	0.051667	0.3274
-0.54503	-0.02622	-0.16208
0.21302	0.0042935	-0.040141
-0.3927	0.050305	0.26695
0.3393	-0.036226	-0.23937
0.19684	0.022196	0.07697
0.35826	-0.03896	-0.3239
-0.21674	0.032435	0.091796
-0.26048	0.046707	0.23515
0.28148	-0.055213	-0.28991
-0.37561	0.061677	0.30098
0.35119	-0.043119	-0.38068
-0.54164	0.01947	0.10103
-0.062785	-0.034764	-0.28914
-0.56869	0.012552	-0.02793
-0.54989	0.0034101	-0.13294
-0.38852	0.056266	0.27729
0.32951	-0.026876	-0.22578
0.21993	0.0063213	0.0014155
-0.10437	0.028279	0.1069
0.27213	-0.028828	-0.17243
0.24379	-0.013213	-0.13859
-0.17819	-0.022125	-0.37489
0.165	-0.029357	-0.19999
-0.28288	0.067913	0.27263
0.14774	0.026605	0.10453
-0.26843	0.039056	0.11015
0.19594	-0.021925	-0.20926
-0.40353	-0.021007	-0.35342
-0.15728	0.03215	0.10732
-0.42579	0.069468	0.23584
-0.35647	0.074176	0.33796
-0.51557	0.055676	0.14542
0.28809	-0.034365	-0.3087
-0.46505	-0.0004707	-0.2964
0.35373	-0.030924	-0.28743
0.32934	-0.042288	-0.36573
-0.11969	-0.025648	-0.3556
-0.27863	0.041445	0.16412
-0.47439	0.071718	0.19562
0.029814	0.018398	0.10926
-0.19778	0.035336	0.098533
-0.50917	-0.017837	-0.25608
0.025068	-0.024771	-0.25319
-0.2492	-0.040265	-0.3852
-0.11822	0.040153	0.10303
0.28839	-0.0094882	-0.1981
-0.53159	0.057726	0.13114
0.25817	-0.031013	-0.26186
-0.26543	0.066253	0.23407
-0.046949	0.06377	0.10193
-0.33176	0.10188	0.33006
0.26087	-0.0084701	-0.17428
0.099614	0.006493	-0.22026
-0.15011	-0.01274	-0.36955
0.060122	-0.021248	-0.23435
0.22178	0.022848	0.033303
-0.5461	0.058445	0.10327
-0.54799	0.013282	-0.1687
-0.55239	0.049896	0.064169
0.21685	0.016225	-0.089159
-0.21037	-0.034675	-0.38339
-0.28533	-0.034656	-0.38767
-0.043619	-0.0044016	-0.27449
0.22068	0.020086	-0.022752
-0.28274	0.052087	0.13428
0.33892	-0.017109	-0.26598
-0.55985	0.037719	-0.061172
-0.44677	-0.011079	-0.31649
-0.50079	0.068992	0.16866
0.23571	0.024238	-0.041354
-0.55149	0.067722	0.076281
0.059072	0.040102	0.10843
-0.26829	-0.0021318	-0.38486
0.15882	0.0049397	-0.19934
-0.39643	0.076827	0.24632
0.22197	-0.014841	-0.22411
0.25073	0.0064512	-0.19364
-0.022331	-0.013638	-0.26376
0.19324	0.0076505	-0.19684
0.28489	0.0021563	-0.20897
-0.014485	0.07278	0.091217
0.21888	-0.00069796	-0.21087
0.13912	0.042317	0.10151
-0.45147	0.078089	0.20977
0.22708	0.0085296	-0.13995
0.058345	0.030925	-0.23254
0.31075	-0.019478	-0.33328
0.21644	0.024728	-0.11894
0.21558	0.032212	0.0054676
-0.2873	0.069153	0.16772
-0.35404	0.11506	0.27032
0.27056	0.035863	-0.029047
-0.5154	0.08995	0.15491
-0.093988	0.0063111	-0.34067
0.013235	0.073906	0.091326
-0.16782	0.070886	0.1209
0.32088	-0.0051505	-0.24255
0.1929	0.039533	0.022069
-0.07751	0.079113	0.083345
0.17734	0.046904	0.0758
0.34025	-0.014459	-0.30871
0.27542	-0.0025924	-0.25846
0.18819	0.044757	0.053201
-0.5586	0.046004	-0.0061239
-0.064088	0.0022751	-0.30601
-0.28461	0.085129	0.21111
0.077341	0.060333	0.097029
-0.54938	0.052815	0.019756
-0.29897	0.069633	0.31026
0.22858	0.040133	-0.058782
0.037787	0.066418	0.092122
0.21647	0.010437	-0.19391
0.23184	0.011095	-0.17416
-0.30058	0.09547	0.24026
0.25649	0.0098545	-0.21529
0.33606	-0.021317	-0.36403
0.30873	0.00317	-0.25458
-0.23488	0.06057	0.078713
0.24303	0.035535	-0.012805
-0.27499	0.072114	0.086622
-0.55246	0.079083	0.12504
-0.34598	0.10741	0.31929
0.2117	0.034196	-0.13883
-0.49399	0.10684	0.16446
0.17338	0.061711	0.038476
0.30811	-0.0050244	-0.29544
0.36032	-0.035849	-0.37554
-0.30997	0.1052	0.28041
0.0044196	0.033333	-0.25078
-0.20222	0.081166	0.11023
-0.41738	0.025933	-0.33618
0.31316	0.048544	-0.0058894
-0.54214	0.051253	-0.14242
0.29363	0.038317	-0.024973
0.13411	0.032321	-0.20434
-0.43484	0.093961	0.23381
-0.32026	0.0032856	-0.3839
0.22667	0.057483	0.01514
-0.53842	0.050971	-0.18237
-0.54237	0.07598	0.045319
-0.29705	0.075409	0.13935
0.27569	0.067799	0.027074
0.17422	0.028824	-0.19172
-0.45624	0.096129	0.19748
-0.41583	0.10513	0.22815
-0.38053	0.1013	0.22239
-0.22374	0.015875	-0.38566
0.23501	0.05194	-0.11171
-0.56298	0.069389	-0.037911
-0.24941	0.088424	0.06219
-0.55257	0.052001	-0.098895
-0.055815	0.096234	0.072632
-0.43433	0.022111	-0.3196
0.33841	0.06196	-0.0083211
-0.33047	0.11336	0.30417
0.020374	0.03973	-0.23945
0.050675	0.082526	0.073353
0.19058	0.048107	-0.17585
-0.51316	0.037219	-0.24567
0.32039	0.060706	0.010785
-0.36589	0.11118	0.22763
-0.29995	0.087215	0.10258
-0.045544	0.029401	-0.2747
-0.43739	0.11021	0.22128
-0.13363	0.084688	0.11909
-0.026657	0.026971	-0.25511
0.15486	0.082278	0.043627
-0.31666	0.091461	0.13958
0.20794	0.025912	-0.16966
-0.55556	0.087773	0.06823
-0.37597	0.024628	-0.36482
-0.096511	0.10563	0.10244
-0.33674	0.1009	0.12984
0.18044	0.072368	0.03096
-0.57692	0.1066	0.14181
0.22208	0.080781	0.030747
-0.33151	0.10964	0.20649
-0.044467	0.056838	-0.25491
-0.29807	0.099817	0.075876
0.35105	0.062047	-0.037907
-0.40025	0.11263	0.2096
-0.0084768	0.092012	0.067134
0.35003	0.064971	0.006065
0.32073	0.068664	-0.020263
-0.14116	0.1174	0.11709
-0.55296	0.076593	-0.010117
-0.52968	0.086151	0.024383
0.32502	0.073722	-0.058268
-0.58917	0.12742	0.15716
-0.34825	0.11533	0.14422
-0.52679	0.056569	-0.21621
-0.54706	0.07589	-0.089078
-0.22727	0.11247	0.096312
-0.55177	0.074953	-0.062743
-0.06115	0.045894	-0.30243
0.25779	0.0764	-0.075909
0.026941	0.098315	0.06156
0.32096	0.086062	0.039614
-0.57788	0.097572	0.10328
-0.34008	0.12063	0.23996
0.37126	0.079683	0.01562
0.39648	0.074116	-0.021673
-0.44788	0.11969	0.18037
0.12912	0.082668	0.068839
-0.33981	0.115	0.18038
-0.51742	0.12203	0.15997
0.13153	0.099323	0.056846
-0.54811	0.10321	0.060402
-0.42867	0.1197	0.19245
0.22801	0.064583	-0.14582
-0.11431	0.070302	-0.34758
-0.35281	0.12199	0.20086
0.3706	0.097867	0.039288
0.25159	0.067641	-0.1115
0.16284	0.09365	0.036933
-0.4835	0.062488	-0.26678
-0.51605	0.090675	-0.19626
-0.56183	0.13849	0.16734
-0.19098	0.11724	0.11445
0.35522	0.069501	-0.076895
-0.16367	0.040579	-0.36663
-0.28391	0.12525	0.057641
-0.48852	0.12069	0.15466
-0.59555	0.13337	0.11264
0.25308	0.10315	0.049649
0.53992	0.079262	-0.011944
-0.52359	0.095496	-0.00063118
0.18571	0.070298	-0.18412
0.28871	0.11246	0.058845
-0.5222	0.10174	0.046382
0.1152	0.079944	-0.19718
-0.52397	0.088871	-0.15781
0.37041	0.08799	-0.10536
0.29536	0.06627	-0.14814
-0.60211	0.13382	0.14432
0.42189	0.093481	-0.0067537
0.26108	0.070113	-0.13203
-0.52548	0.088239	-0.12642
0.30094	0.079906	-0.088442
0.58657	0.081736	-0.045629
0.60631	0.089286	-0.019459
-0.030114	0.074722	-0.23122
0.32145	0.072442	-0.11631
-0.30012	0.058803	-0.37146
0.30293	0.079596	-0.064727
-0.52929	0.11283	-0.043355
0.3275	0.075246	-0.13557
-0.0014763	0.12772	0.021328
0.57107	0.10273	0.027679
0.081836	0.11184	0.059365
0.10045	0.03557	-0.2166
0.27994	0.069639	-0.045671
0.49175	0.094293	-0.022349
-0.35601	0.048003	-0.36352
0.53989	0.084843	-0.054744
-0.51309	0.12657	0.1338
0.14783	0.079198	-0.19922
-0.49799	0.11313	0.030029
0.51572	0.095397	0.013417
0.21797	0.07766	-0.16884
0.43295	0.095523	-0.060886
0.40759	0.10641	0.027566
-0.26007	0.050091	-0.37908
-0.41123	0.074452	-0.32051
-0.081515	0.069788	-0.32037
-0.21844	0.13691	0.10032
0.13358	0.12083	0.040723
0.62005	0.10144	0.012319
-0.32471	0.13947	0.053944
0.021676	0.06665	-0.22863
-0.51956	0.12947	0.073131
0.44519	0.098112	-0.020504
-0.52037	0.11321	-0.01811
-0.49517	0.11872	-0.011226
0.5782	0.098853	-0.081827
0.49941	0.10779	0.029813
0.26784	0.080203	-0.17513
-0.49224	0.13361	0.11971
0.65417	0.112	-0.040899
-0.0045265	0.069812	-0.23534
-0.056024	0.11283	0.063721
0.079999	0.068388	-0.21343
-0.4933	0.12768	0.073517
0.46229	0.098295	-0.018864
0.17856	0.14038	0.026021
-0.35774	0.11958	0.10334
0.35842	0.12445	0.063329
-0.59478	0.15619	0.15408
-0.52154	0.10684	-0.090909
-0.38344	0.14578	0.16324
0.53977	0.098462	-0.078207
-0.3828	0.15244	0.09809
0.32917	0.082302	-0.14711
0.23565	0.087981	-0.18121
-0.5073	0.076133	-0.23484
-0.16284	0.15232	0.10406
-0.17519	0.093217	-0.36298
-0.194	0.079088	-0.3705
-0.14765	0.075538	-0.36099
0.42764	0.11456	0.039084
0.61512	0.11981	0.041515
-0.04089	0.13828	0.027828
-0.49355	0.13609	0.10118
0.49711	0.10538	-0.062264
0.46911	0.10631	-0.061244
-0.5546	0.15265	0.13252
0.39896	0.12052	0.044991
-0.36723	0.14513	0.14993
-0.45868	0.14305	0.12385
-0.56537	0.15873	0.092682
-0.27631	0.15521	0.048991
-0.29836	0.0927	-0.35906
-0.051873	0.091975	-0.24088
0.075962	0.12053	-0.18162
-0.060458	0.085047	-0.28985
0.67552	0.12292	0.017378
0.20257	0.10329	0.035472
-0.47691	0.087525	-0.2595
-0.42166	0.15108	0.13524
-0.057263	0.12966	0.05771
-0.37483	0.14415	0.12499
-0.5111	0.15423	0.10847
-0.0097355	0.096131	-0.21368
0.62195	0.10389	-0.067394
-0.47512	0.13581	0.041815
0.38703	0.13694	0.056924
-0.47223	0.13976	0.09357
0.40834	0.12461	0.060528
0.54979	0.12082	0.040824
0.69373	0.12871	-0.016025
-0.58556	0.15967	0.10439
0.35513	0.11269	-0.15196
-0.089309	0.143	0.083055
0.15375	0.13056	0.030714
-0.12545	0.15999	0.090582
0.070688	0.1346	0.033394
0.45884	0.13171	0.05312
-0.50654	0.12996	-0.040687
0.23144	0.14053	0.044307
-0.19784	0.15444	0.10165
0.50562	0.13518	0.062481
0.32075	0.12709	0.065496
0.54868	0.1398	0.061369
-0.23074	0.086368	-0.37014
0.38336	0.10332	-0.13182
-0.50269	0.11333	-0.15303
-0.25369	0.14602	0.067938
0.43116	0.12685	0.059923
0.040244	0.13393	0.022547
0.77518	0.15149	0.15802
0.80709	0.13789	0.11841
0.65243	0.13258	0.047722
0.45036	0.11827	-0.094966
0.80049	0.14755	0.15807
-0.55993	0.17829	0.11348
-0.49971	0.1061	-0.22264
0.028224	0.11012	-0.19508
0.030163	0.14648	-0.0059049
0.62	0.14421	0.056988
0.82149	0.15806	0.14727
-0.46379	0.14459	-0.0071683
-0.33486	0.12024	0.079137
-0.40752	0.16052	0.10853
-0.060999	0.12297	-0.26168
0.80645	0.16731	0.18592
0.42431	0.14484	0.077751
-0.49679	0.12671	-0.097365
-0.37387	0.11711	-0.31531
0.59858	0.12815	-0.094421
0.39796	0.14984	0.072845
0.65254	0.13372	-0.076373
0.69564	0.13499	0.033395
0.76673	0.15045	0.089305
0.20024	0.11074	-0.18979
-0.53517	0.17446	0.10824
-0.24007	0.1626	0.070547
0.21894	0.11307	-0.19171
-0.075183	0.093669	-0.29691
0.29946	0.15643	0.067798
-0.49713	0.14183	-0.042252
0.35503	0.16495	0.070995
0.49463	0.12853	-0.085747
0.5938	0.14257	0.056603
0.45839	0.15644	0.067361
0.7586	0.16229	0.14368
-0.42901	0.15899	0.092733
-0.47975	0.1346	-0.2189
-0.077201	0.16632	0.044677
0.81327	0.14304	0.093677
-0.48276	0.12629	-0.12366
0.010365	0.15146	-0.029135
-0.33841	0.16281	0.041429
-0.4619	0.11078	-0.25416
0.66614	0.13022	-0.064778
0.0053179	0.13236	-0.16665
0.70438	0.13761	-0.042713
-0.39609	0.164	0.087182
0.081481	0.16394	-0.00015236
0.74978	0.16314	0.10671
0.11189	0.15171	0.019592
0.76563	0.14762	0.049939
0.82448	0.165	0.10506
0.25295	0.15743	0.055102
0.27058	0.1319	-0.189
0.78653	0.17883	0.17824
0.79838	0.14666	0.050124
-0.10817	0.10573	-0.32775
0.72593	0.15199	0.047765
-0.031227	0.16471	-0.027328
0.58264	0.15857	0.070338
0.51302	0.16355	0.076696
-0.47638	0.15607	-0.053306
0.73957	0.15674	0.066627
0.38493	0.17667	0.059456
0.6727	0.15199	0.068302
0.73529	0.14673	0.015743
-0.42341	0.17391	-0.001194
0.42278	0.12283	-0.13124
0.18138	0.13392	-0.19533
0.10396	0.12152	-0.18797
0.03854	0.13327	-0.16888
-0.37718	0.17229	0.06504
-0.035224	0.11638	-0.19018
-0.14322	0.11201	-0.34482
0.82109	0.1563	0.065074
-0.47012	0.14548	-0.19207
0.75716	0.14624	0.0026705
-0.46719	0.15785	-0.084178
-0.58508	0.17986	0.12862
0.60941	0.16268	0.08043
0.80658	0.1524	-0.013913
-0.41115	0.17086	0.045262
0.73908	0.15297	-0.023547
-0.21632	0.12055	-0.35397
-0.60554	0.16331	0.12804
0.70777	0.17574	0.076087
-0.32497	0.10765	-0.34065
0.66442	0.17776	0.090062
-0.11772	0.18162	0.060952
0.8294	0.19092	0.15901
-0.45388	0.15777	-0.10397
0.30717	0.12367	-0.17544
-0.29039	0.11366	-0.34972
0.53788	0.1446	-0.1084
-0.064153	0.15752	0.029087
0.40434	0.13666	-0.1457
0.14999	0.16013	0.015003
-0.23011	0.18212	0.073558
-0.44249	0.13565	-0.24916
0.58181	0.17418	0.088258
-0.46	0.14886	-0.15118
0.17527	0.17433	0.013361
0.4136	0.17281	0.081337
-0.24252	0.18433	0.053712
-0.061153	0.13454	-0.20691
0.4633	0.1534	-0.11622
0.20286	0.13805	-0.19218
0.55791	0.17408	0.07724
-0.35031	0.18343	0.049553
-0.064353	0.17515	0.017647
-0.054406	0.17616	-0.0075367
0.61008	0.18752	0.094187
-0.029553	0.14553	-0.13598
0.81696	0.15852	-0.0092981
-0.058367	0.15181	-0.16207
-0.0035783	0.1613	-0.038386
-0.11562	0.13208	-0.31193
-0.030326	0.15742	-0.089712
-0.21314	0.1916	0.072144
0.298	0.19685	0.05873
0.36269	0.14746	-0.15648
0.5016	0.17011	-0.10554
-0.16579	0.18368	0.079509
0.034528	0.1683	-0.033425
0.72624	0.17174	0.072994
-0.3882	0.19061	0.030957
0.73834	0.18261	0.10832
-0.44732	0.16705	-0.033587
-0.19908	0.13663	-0.34485
0.81136	0.16018	-0.060414
0.71113	0.15252	-0.056956
-0.037046	0.14545	-0.14355
0.58357	0.15512	-0.11004
0.4419	0.15317	-0.13131
0.76682	0.15612	-0.038888
-0.29377	0.19791	0.034456
0.20583	0.1918	0.025482
0.1636	0.1523	-0.19373
-0.39549	0.14275	-0.27983
-0.15247	0.13414	-0.32956
-0.33785	0.12975	-0.32589
0.065913	0.15515	-0.1538
0.089706	0.16151	-0.15293
0.0044811	0.1587	-0.10536
-0.10212	0.13345	-0.29415
-0.44969	0.18175	-0.059732
0.80209	0.20338	0.18451
-0.45968	0.14919	-0.21593
-0.084685	0.14485	-0.2592
0.81897	0.2058	0.18289
0.82151	0.16925	0.0098516
-0.011874	0.16652	-0.057366
0.44891	0.19013	0.066161
0.11447	0.13566	-0.18031
-0.039316	0.1675	-0.054966
0.82333	0.17626	0.071923
0.30851	0.15695	-0.17733
0.03594	0.15298	-0.13656
0.76257	0.20245	0.15727
0.019402	0.16705	-0.065968
0.07315	0.17469	-0.026256
0.78254	0.16982	-0.064173
-0.3565	0.19848	0.04738
0.8252	0.17173	-0.05575
0.65909	0.16764	-0.088202
0.74285	0.17116	-0.04624
0.39904	0.15996	-0.14723
0.53597	0.19548	0.076898
-0.061925	0.17301	-0.11551
0.72447	0.19886	0.092415
-0.25196	0.12922	-0.34856
-0.41253	0.19608	-0.13388
0.66181	0.2034	0.098922
0.39767	0.20544	0.038482
0.57847	0.20223	0.085567
-0.21452	0.21396	0.031753
-0.31284	0.15147	-0.31407
-0.13638	0.2012	0.043848
0.13428	0.18277	-0.006881
-0.41328	0.19453	-0.046688
0.70163	0.20448	0.087946
-0.42763	0.196	-0.083784
-0.44915	0.17699	-0.19872
-0.3083	0.20938	0.036363
-0.25699	0.20475	0.036152
-0.11754	0.20527	0.0084198
0.81792	0.21888	0.024011
0.24049	0.18734	0.044538
0.35535	0.21084	0.05125
0.097284	0.19155	-0.047254
-0.4245	0.1805	-0.14524
-0.23539	0.17219	-0.32
0.16128	0.20856	-0.021468
-0.20765	0.21099	0.051827
-0.065391	0.15731	-0.20991
0.16645	0.18501	-0.18608
0.18431	0.19858	0.0063747
-0.37865	0.15414	-0.27929
0.74717	0.22396	0.14747
-0.2816	0.15565	-0.3254
0.078289	0.17491	-0.12805
-0.075948	0.18358	-0.1585
0.056321	0.18049	-0.098986
-0.16323	0.1719	-0.29436
-0.083958	0.20207	-0.06524
0.82461	0.18126	-0.022084
0.59501	0.18824	-0.11166
0.72447	0.19297	-0.06303
0.8213	0.18408	-0.080916
0.69784	0.19404	-0.073059
0.088392	0.19063	-0.10952
-0.38815	0.20986	-0.0027196
0.2409	0.2143	0.031928
0.35217	0.1742	-0.15672
0.14198	0.20763	-0.035746
0.7728	0.2163	0.17671
0.74861	0.19608	-0.058711
-0.40545	0.18925	-0.20938
-0.065164	0.15081	-0.23869
0.42685	0.17503	-0.13832
0.45262	0.17577	-0.1203
-0.070248	0.19094	-0.084727
-0.075076	0.17733	-0.20883
-0.18465	0.15867	-0.32468
-0.40367	0.20302	-0.14361
0.32812	0.21165	0.053442
0.44018	0.21268	0.045632
-0.091823	0.18209	-0.21393
-0.24236	0.22812	0.02368
0.25891	0.16411	-0.18764
0.56443	0.18242	-0.11521
-0.36527	0.21991	0.014304
-0.41693	0.20194	-0.061339
-0.12857	0.18907	-0.25499
-0.19521	0.22244	0.025264
0.099523	0.20104	-0.090876
0.8194	0.19478	-0.019478
-0.42855	0.19023	-0.1706
0.82838	0.21089	-0.060368
0.62861	0.22782	0.095413
0.13602	0.19014	-0.16761
0.52958	0.19281	-0.10935
0.50244	0.22054	0.066541
0.82536	0.22537	0.18082
-0.28606	0.2333	0.014598
0.56361	0.21913	0.06901
0.6428	0.19881	-0.096208
0.38937	0.18612	-0.14118
-0.17237	0.22689	0.0041956
-0.38886	0.224	-0.065009
0.31456	0.19292	-0.16633
0.1288	0.21563	-0.13111
0.78248	0.2002	-0.080439
-0.4075	0.20432	-0.036043
0.71219	0.23302	0.082814
0.2324	0.17848	-0.18376
-0.086102	0.20234	-0.11341
-0.12652	0.22195	-0.03228
-0.34552	0.22619	0.013586
0.36763	0.19673	-0.13947
0.27422	0.19451	-0.17436
-0.32954	0.16688	-0.29818
-0.37732	0.18524	-0.23354
0.8102	0.23925	0.19851
-0.3509	0.19576	-0.24988
0.24124	0.2106	-0.16843
0.42676	0.2023	-0.12088
0.36142	0.23478	0.024125
-0.37993	0.23407	-0.033055
0.49099	0.20791	-0.093093
0.82024	0.23038	0.069308
-0.41039	0.21864	-0.081193
0.21921	0.23904	-0.0039882
0.59867	0.21761	0.094544
-0.32236	0.23446	-0.0060083
0.19778	0.20164	-0.17111
0.44269	0.22975	0.021552
0.28776	0.22723	0.034352
0.6629	0.23969	0.0825
-0.16067	0.24217	-0.025388
0.47656	0.23175	0.047943
-0.089687	0.20756	-0.15979
-0.20316	0.18576	-0.29882
0.76784	0.23902	0.17626
-0.36958	0.20543	-0.1764
0.19185	0.22669	-0.0062831
0.17699	0.21932	-0.1725
0.81924	0.27056	0.17639
0.63415	0.22585	-0.09077
-0.36433	0.20681	-0.19483
0.82683	0.2528	0.13706
0.4051	0.22516	0.01271
0.44383	0.20134	-0.10906
-0.096174	0.2148	-0.11558
-0.17493	0.24599	-0.0060218
-0.16012	0.2031	-0.26049
0.80657	0.2721	0.17993
0.745	0.21826	-0.059448
0.13278	0.22359	-0.083885
-0.26288	0.20272	-0.28643
0.82089	0.20618	-0.088534
0.56805	0.22938	-0.10361
0.82065	0.24904	-0.034723
0.43204	0.22007	-0.096854
-0.18932	0.25445	0.0099243
-0.12691	0.21227	-0.21196
-0.21645	0.2411	0.020942
-0.35538	0.20606	-0.22072
-0.27911	0.24768	0.01232
-0.23488	0.19711	-0.29561
0.77792	0.26561	0.16356
0.49676	0.2523	0.028608
-0.29928	0.18874	-0.2869
-0.10941	0.20905	-0.18253
0.64269	0.24844	0.071605
0.3332	0.24628	0.013256
0.4009	0.23773	-0.023476
0.82119	0.26171	0.013684
0.44501	0.2356	-0.0053481
0.59074	0.23311	0.057308
-0.35005	0.231	-0.17401
0.52564	0.22788	-0.10066
0.80337	0.2328	-0.081318
0.70478	0.25163	0.071858
0.72203	0.23066	-0.056799
0.16262	0.23681	-0.15813
-0.12839	0.23461	-0.11446
0.47367	0.23061	-0.069597
0.5513	0.26805	0.024949
0.66621	0.2597	0.058761
0.2769	0.25055	0.0066045
-0.38759	0.22619	-0.12555
0.82124	0.23764	-0.068747
0.73428	0.24834	0.10877
-0.1338	0.23973	-0.072816
-0.32986	0.23284	-0.19754
-0.35245	0.23838	-0.049324
-0.31519	0.22083	-0.24127
0.14856	0.2333	-0.062444
0.28955	0.2263	-0.14911
0.33585	0.22808	-0.12841
0.14859	0.2462	-0.088719
-0.35442	0.23941	-0.11885
0.82869	0.28604	0.14516
-0.32992	0.25171	-0.046278
0.74978	0.24352	-0.048405
0.23961	0.25811	-0.020018
0.43057	0.23646	-0.05177
-0.35647	0.23535	-0.14348
-0.19028	0.22169	-0.24905
0.46117	0.24242	-0.037994
-0.2512	0.25132	0.021061
0.73742	0.25773	-0.02551
0.40488	0.2388	-0.069505
0.71811	0.26019	0.064675
-0.13892	0.23033	-0.15363
-0.19434	0.20607	-0.27729
-0.16667	0.22613	-0.20516
0.55696	0.25024	0.04371
0.14747	0.23831	-0.13333
-0.33514	0.2468	-0.077698
0.36504	0.25272	-0.022125
0.36583	0.22397	-0.11432
0.82479	0.26963	0.0625
0.37755	0.24648	-0.043505
-0.3088	0.25441	-0.0074936
-0.16883	0.23638	-0.17566
0.1938	0.25607	-0.047402
-0.25604	0.22854	-0.24612
0.21163	0.23341	-0.14556
-0.32479	0.2446	-0.12528
0.58785	0.25078	-0.088092
0.3016	0.26237	-0.021312
0.61867	0.24911	-0.081493
0.61575	0.26013	0.046997
0.81844	0.29159	0.18151
0.36239	0.24125	-0.089647
-0.33976	0.24651	-0.1462
0.75382	0.27425	0.13585
-0.2809	0.28201	0.023294
0.78367	0.29628	0.16765
0.79539	0.24895	-0.064423
-0.28239	0.23488	-0.22488
0.34006	0.25833	-0.029736
0.74257	0.27103	0.10119
0.48507	0.26332	-0.010918
-0.15967	0.25221	-0.15577
-0.21716	0.26628	0.026951
-0.23001	0.29631	0.047501
-0.3256	0.26491	-0.040097
-0.14108	0.25706	-0.071728
0.34027	0.25762	-0.060841
-0.23528	0.23083	-0.24965
-0.21443	0.23655	-0.22023
-0.2108	0.24166	-0.1956
0.16054	0.25092	-0.12268
0.22079	0.25002	-0.12514
-0.31073	0.24894	-0.14245
-0.30936	0.24468	-0.17896
0.49596	0.25749	-0.062789
-0.26116	0.24306	-0.21076
0.26964	0.24112	-0.13573
0.71103	0.26746	0.037058
-0.29982	0.29303	0.026774
0.76072	0.29307	0.12602
-0.28752	0.24804	-0.17131
0.61346	0.26787	-0.063603
0.23442	0.26819	-0.048612
0.71986	0.25901	-0.020289
-0.16881	0.27624	-0.00065771
0.50972	0.27625	-0.03819
0.19435	0.25751	-0.12597
0.81038	0.26037	-0.044506
-0.32706	0.27258	-0.077033
0.7312	0.26976	0.055765
-0.14213	0.26332	-0.10759
-0.24716	0.24473	-0.19744
-0.15671	0.27592	-0.1407
0.21014	0.26948	-0.072269
0.72373	0.26636	0.015109
0.29407	0.26049	-0.094472
0.5477	0.27791	-0.067666
0.65117	0.27757	-0.016376
-0.2395	0.264	-0.181
-0.20914	0.26544	-0.17665
-0.17906	0.26228	-0.16566
0.60719	0.27476	0.023845
-0.31497	0.26613	-0.11977
0.28791	0.26781	-0.070652
0.25247	0.25422	-0.11717
-0.14371	0.27947	-0.057513
-0.31306	0.29068	0.011324
0.81714	0.2767	0.038702
0.22181	0.2643	-0.098188
0.53044	0.27783	0.0013788
0.75219	0.27714	0.024803
0.19253	0.26628	-0.096906
0.78605	0.2708	-0.016757
0.82865	0.30257	0.10487
0.76736	0.28531	0.064767
0.65861	0.27479	0.013064
0.80733	0.288	0.059044
-0.29556	0.26827	-0.14842
-0.2592	0.31119	0.054386
0.63008	0.28307	-0.021731
0.82479	0.30611	0.15486
-0.26303	0.25249	-0.18434
0.60242	0.28258	-0.035771
0.54804	0.28395	-0.050777
0.79161	0.30384	0.094427
0.76312	0.29284	0.097547
0.57653	0.28641	-0.016345
-0.14704	0.32495	-0.076585
-0.33346	0.31522	-0.045627
0.78327	0.30577	0.12088
0.81778	0.30983	0.12986
-0.27892	0.33347	0.062644
-0.32389	0.31806	-0.093021
-0.15042	0.30816	-0.032531
-0.16647	0.31498	0.0043155
-0.19864	0.33743	0.055882
-0.32876	0.30387	-0.013675
-0.26595	0.30882	-0.1574
-0.19291	0.30783	0.035273
-0.15435	0.31718	-0.11592
-0.30418	0.34124	0.059195
-0.23044	0.31068	-0.16519
-0.25692	0.34025	0.074384
-0.20148	0.32479	-0.15414
-0.17922	0.32439	-0.14346
-0.15839	0.33523	-0.029347
-0.31634	0.34829	0.096555
-0.28776	0.34758	0.10131
-0.32023	0.34938	0.046744
-0.22851	0.35394	0.077231
-0.32563	0.35959	0.11684
-0.33251	0.36555	0.026605
-0.33051	0.35261	0.071421
-0.29141	0.35677	0.11565
-0.35559	0.36582	0.10647
-0.29301	0.32622	-0.13308
-0.2493	0.36628	0.12139
-0.32133	0.36002	-0.063383
-0.18955	0.3672	0.055041
-0.36175	0.37372	0.07053
-0.23226	0.37463	0.11841
-0.34408	0.38189	0.13342
-0.18134	0.36227	0.026432
-0.16496	0.35677	-0.04949
-0.27021	0.39257	0.12691
-0.30252	0.35199	-0.1027
-0.38325	0.41078	0.1779
-0.17226	0.37409	-0.013252
-0.3784	0.38625	0.095998
-0.29734	0.38592	0.12436
-0.33619	0.37742	0.013392
-0.17305	0.36413	-0.082126
-0.37704	0.38422	0.12442
-0.32431	0.38912	0.13059
-0.33592	0.37185	-0.022883
-0.257	0.35639	-0.1278
-0.24315	0.39062	0.12998
-0.20403	0.37129	-0.10507
-0.21022	0.37175	0.07294
-0.23083	0.35446	-0.13111
-0.29045	0.36714	-0.099598
-0.19105	0.38867	0.046114
-0.39125	0.41388	0.17627
-0.22221	0.40605	0.14022
-0.22499	0.42191	0.15603
-0.20448	0.4103	0.12015
-0.1749	0.40273	0.00031253
-0.33154	0.39614	-0.0033602
-0.35742	0.42182	0.17677
-0.19785	0.39726	-0.068621
-0.18138	0.3915	-0.049241
-0.40853	0.42725	0.13041
-0.37299	0.40889	0.046049
-0.19284	0.42214	0.002188
-0.40663	0.44585	0.17684
-0.32165	0.40129	-0.044051
-0.39419	0.41797	0.086648
-0.20817	0.42441	0.14066
-0.3642	0.43731	0.19385
-0.2878	0.39119	-0.079392
-0.19643	0.40082	0.05997
-0.1947	0.42746	0.099091
-0.18192	0.42005	-0.030561
-0.28162	0.44106	0.18532
-0.25907	0.39896	-0.082635
-0.20061	0.43235	0.030142
-0.19403	0.43799	0.067261
-0.2254	0.40451	-0.076839
-0.30948	0.4369	0.18914
-0.29528	0.42164	-0.057535
-0.22778	0.44854	0.17423
-0.31122	0.41611	-0.024027
-0.3943	0.44668	0.19524
-0.34406	0.42449	0.0051273
-0.20475	0.44847	0.13715
-0.4836	0.49641	0.26894
-0.41641	0.46314	0.20959
-0.2489	0.4315	-0.064746
-0.40952	0.45935	0.099527
-0.20956	0.43266	-0.049922
-0.40649	0.46594	0.22783
-0.44317	0.47159	0.25199
-0.37574	0.46771	0.23234
-0.28645	0.42671	-0.03589
-0.45661	0.47654	0.24241
-0.43608	0.50964	0.34697
-0.41767	0.46828	0.15232
-0.41685	0.46548	0.19019
-0.32241	0.42974	-0.0079342
-0.2174	0.43454	-0.025818
-0.2488	0.43715	-0.035484
-0.46367	0.49318	0.22828
-0.28872	0.48832	0.22951
-0.37801	0.4387	0.03963
-0.19785	0.46914	0.105
-0.43358	0.49448	0.29479
-0.29155	0.44665	-0.012772
-0.21594	0.45096	0.015696
-0.37378	0.49644	0.28148
-0.32186	0.47814	0.23119
-0.23086	0.4568	0.004384
-0.40944	0.49716	0.30425
-0.41445	0.48435	0.1147
-0.20381	0.46952	0.052603
-0.26523	0.45364	-0.0082409
-0.42525	0.50212	0.33092
-0.26869	0.4772	0.22381
-0.21356	0.49387	0.12846
-0.36421	0.49681	0.28527
-0.40127	0.48557	0.084957
-0.3066	0.49664	0.25313
-0.39718	0.52208	0.33558
-0.39165	0.51051	0.31944
-0.44977	0.5064	0.29162
-0.38005	0.53536	0.35872
-0.33069	0.50729	0.28386
-0.35362	0.51612	0.32422
-0.36254	0.46782	0.024325
-0.31009	0.51708	0.30388
-0.47532	0.52073	0.24224
-0.44586	0.53326	0.32649
-0.44559	0.51934	0.19837
-0.42079	0.4931	0.13851
-0.20718	0.48754	0.081548
-0.34866	0.51174	0.020357
-0.25237	0.49717	0.2084
-0.32606	0.49208	0.0072141
-0.29647	0.51016	0.25938
-0.34662	0.53043	0.34004
-0.45563	0.53081	0.27876
-0.22424	0.50346	0.15703
-0.42144	0.48591	0.17433
-0.30915	0.53442	0.3384
-0.40767	0.54375	0.32614
-0.25354	0.52891	0.18675
-0.2695	0.48239	0.0060275
-0.39441	0.51969	0.085339
-0.34518	0.54787	0.34259
-0.32904	0.47422	0.004776
-0.31829	0.55173	0.35069
-0.24129	0.50778	0.034357
-0.37056	0.55336	0.34573
-0.41643	0.51807	0.16629
-0.28908	0.54073	0.28849
-0.28373	0.51544	0.22352
-0.28546	0.53076	0.21204
-0.4045	0.52987	0.13221
-0.43879	0.55039	0.29522
-0.23498	0.52221	0.061802
-0.4492	0.54008	0.21629
-0.44527	0.54907	0.23959
-0.29757	0.54856	0.19977
-0.30185	0.55242	0.3319
-0.25976	0.54652	0.16602
-0.40051	0.53568	0.16101
-0.42442	0.54835	0.19916
-0.38563	0.53729	0.076828
-0.24138	0.53344	0.13111
-0.3458	0.56396	0.33043
-0.29922	0.56361	0.23413
-0.42866	0.56224	0.23627
-0.29779	0.57709	0.27792
-0.31938	0.52398	0.01695
-0.32709	0.5815	0.30422
-0.28021	0.55528	0.17239
-0.38508	0.54692	0.16846
-0.2935	0.57008	0.30382
-0.38538	0.5708	0.29074
-0.41923	0.56579	0.26259
-0.31685	0.55561	0.19274
-0.27153	0.55748	0.12872
-0.25888	0.54753	0.055394
-0.38919	0.57262	0.25867
-0.27732	0.52694	0.024136
-0.2642	0.55946	0.092778
-0.35305	0.5561	0.17896
-0.37535	0.56364	0.19995
-0.37261	0.5535	0.087664
-0.3824	0.57196	0.231
-0.32197	0.55268	0.050215
-0.33488	0.57513	0.22361
-0.3737	0.57987	0.26494
-0.33252	0.56972	0.14149
-0.30698	0.56501	0.16437
-0.31999	0.58097	0.24649
-0.34931	0.56619	0.10426
-0.30466	0.55949	0.061274
-0.28469	0.5719	0.099496
-0.30372	0.57358	0.12608
-0.32475	0.57157	0.095044
0.81183	0.31178	0.16029
0.45173	0.10894	0.023492
0.79556	0.23505	0.20264
-0.36405	0.15707	0.063407
-0.53707	0.079057	0.010602
