3	800	821	846
3	780	545	733
3	562	491	677
3	907	890	936
3	890	860	936
3	964	936	1058
3	1166	1194	1201
3	1201	1194	1297
3	1192	1198	1308
3	1279	1201	1297
3	1195	1245	1207
3	1245	1295	1207
3	1841	1848	1849
3	1862	1848	1850
3	1962	1979	1975
3	1975	1992	1993
3	1993	1992	1994
3	9	13	17
3	13	10	20
3	13	20	21
3	29	13	21
3	491	545	677
3	815	818	817
3	817	818	827
3	794	815	817
3	785	794	817
3	817	827	869
3	815	794	876
3	818	815	876
3	799	785	816
3	833	785	817
3	816	785	833
3	799	816	848
3	821	799	848
3	833	817	855
3	817	869	855
3	821	848	863
3	846	821	930
3	677	545	780
3	780	733	764
3	780	841	677
3	189	193	216
3	894	925	919
3	932	919	954
3	919	925	984
3	919	984	997
3	954	919	997
3	1013	954	997
3	1013	997	1038
3	876	794	894
3	932	818	876
3	876	894	919
3	876	919	932
3	816	833	897
3	833	855	897
3	848	816	897
3	855	975	897
3	848	897	933
3	848	933	863
3	933	897	975
3	863	933	974
3	930	863	974
3	933	975	992
3	933	992	1019
3	974	933	1019
3	821	863	930
3	860	846	930
3	860	930	936
3	936	930	1028
3	930	974	1028
3	997	1027	1038
3	1027	1079	1038
3	1013	1038	1117
3	1038	1079	1095
3	1038	1103	1117
3	1038	1095	1103
3	1103	1095	1166
3	1117	1103	1166
3	1095	1157	1166
3	1117	1166	1189
3	1166	1157	1194
3	1189	1166	1201
3	1150	1080	1189
3	1150	1189	1201
3	1135	1150	1201
3	974	1019	1073
3	1019	992	1064
3	1073	1019	1125
3	1019	1064	1125
3	1064	1005	1135
3	1135	1005	1150
3	1125	1064	1134
3	1134	1064	1135
3	1125	1134	1153
3	1134	1135	1170
3	1134	1170	1153
3	1153	1170	1198
3	1198	1170	1279
3	1170	1135	1279
3	1135	1201	1279
3	1028	974	1073
3	1058	936	1113
3	936	1028	1113
3	1073	1125	1133
3	1028	1133	1113
3	1133	1125	1153
3	1113	1133	1212
3	1133	1153	1192
3	1133	1192	1212
3	1153	1198	1192
3	1082	1195	1207
3	1178	1082	1207
3	1224	1178	1277
3	1178	1207	1277
3	900	921	967
3	1424	1224	1277
3	1277	1207	1418
3	1424	1277	1418
3	1849	1848	1862
3	1834	1829	1868
3	1849	1862	1875
3	1829	1849	1868
3	1831	1826	1853
3	1853	1826	1838
3	1838	1834	1868
3	1838	1868	1873
3	1853	1838	1873
3	1863	1853	1873
3	1837	1831	1847
3	1837	1847	1856
3	1856	1847	1859
3	968	991	1053
3	1831	1853	1863
3	1859	1847	1877
3	1847	1831	1877
3	1831	1863	1877
3	1868	1849	1911
3	1911	1849	1875
3	1875	1862	1879
3	1911	1875	1930
3	1875	1879	1930
3	1930	1879	1935
3	1935	1879	1912
3	1930	1935	1939
3	1856	1859	1891
3	1883	1856	1891
3	1859	1892	1891
3	1859	1877	1892
3	1891	1907	1883
3	1892	1936	1891
3	1907	1891	1927
3	1927	1891	1936
3	1927	1936	1947
3	1936	1926	1947
3	1941	1907	1927
3	1935	1912	1962
3	1939	1935	1958
3	1958	1935	1962
3	1939	1958	1956
3	1958	1969	1956
3	1958	1962	1975
3	1975	1969	1958
3	1969	1975	1993
3	1956	1969	1974
3	1970	1980	1987
3	1980	1974	1988
3	1974	1969	1988
3	1980	1988	1987
3	1970	1987	1990
3	1988	1969	1993
3	1987	1988	1993
3	1990	1987	1994
3	1987	1993	1994
3	1951	1927	1947
3	1947	1926	1959
3	1941	1927	1951
3	1951	1947	1959
3	1959	1926	1960
3	1941	1951	1961
3	1961	1951	1982
3	1951	1959	1982
3	1982	1959	1970
3	1959	1980	1970
3	1982	1970	1990
3	827	839	872
3	818	839	827
3	839	818	870
3	827	872	858
3	827	858	869
3	872	839	885
3	908	901	953
3	953	954	1013
3	953	1013	1098
3	908	953	1098
3	839	901	885
3	870	818	932
3	390	360	447
3	633	598	664
3	536	598	633
3	497	598	536
3	497	485	598
3	420	485	497
3	626	536	633
3	575	536	626
3	536	575	456
3	457	536	456
3	457	497	536
3	457	420	497
3	591	575	662
3	456	575	591
3	436	456	591
3	436	383	456
3	590	467	591
3	463	590	596
3	467	436	591
3	463	467	590
3	467	380	436
3	380	383	436
3	384	467	463
3	404	402	446
3	358	402	404
3	358	330	402
3	372	358	404
3	330	328	402
3	330	245	328
3	353	330	358
3	353	358	372
3	274	330	353
3	346	274	353
3	248	245	330
3	310	274	346
3	274	248	330
3	253	274	310
3	229	248	274
3	229	274	253
3	254	310	326
3	254	253	310
3	288	254	326
3	200	254	288
3	280	326	365
3	317	280	365
3	317	269	280
3	288	326	280
3	280	214	288
3	214	200	288
3	409	395	401
3	409	393	395
3	393	365	395
3	317	365	393
3	397	335	400
3	331	298	397
3	298	335	397
3	335	364	400
3	335	295	364
3	315	298	331
3	298	295	335
3	298	281	295
3	281	278	295
3	281	298	315
3	275	281	315
3	403	314	391
3	315	331	391
3	314	315	391
3	314	403	352
3	314	283	315
3	316	283	314
3	283	275	315
3	354	360	390
3	360	352	403
3	354	334	360
3	334	352	360
3	420	390	485
3	323	390	420
3	318	354	390
3	323	318	390
3	345	354	318
3	318	311	345
3	386	420	457
3	292	386	457
3	386	323	420
3	285	323	386
3	292	285	386
3	285	265	323
3	265	318	323
3	285	242	265
3	456	292	457
3	383	292	456
3	324	292	383
3	255	292	324
3	292	255	285
3	258	255	324
3	255	242	285
3	336	380	467
3	380	324	383
3	336	290	380
3	290	324	380
3	256	290	336
3	290	258	324
3	256	258	290
3	236	255	258
3	238	236	258
3	238	258	256
3	384	336	467
3	260	384	376
3	271	297	376
3	260	336	384
3	297	260	376
3	268	297	271
3	260	256	336
3	268	263	297
3	244	247	263
3	244	263	268
3	244	268	271
3	226	244	271
3	371	376	415
3	306	371	421
3	271	376	371
3	306	296	371
3	296	271	371
3	266	296	306
3	296	226	271
3	226	296	266
3	216	248	229
3	248	216	245
3	216	193	245
3	179	189	216
3	195	253	254
3	200	195	254
3	179	216	229
3	195	229	253
3	179	229	195
3	176	195	200
3	192	176	200
3	183	176	192
3	196	192	214
3	192	200	214
3	226	224	244
3	222	226	266
3	226	222	224
3	161	177	179
3	164	161	179
3	176	179	195
3	176	162	179
3	162	176	183
3	179	162	164
3	168	162	183
3	1708	1722	1740
3	1708	1677	1722
3	1732	1708	1733
3	1689	1732	1733
3	1697	1689	1733
3	1732	1639	1708
3	1438	1487	1478
3	1604	1647	1677
3	1604	1602	1647
3	1601	1604	1652
3	1537	1602	1604
3	1478	1557	1602
3	1537	1478	1602
3	1537	1604	1601
3	1639	1652	1708
3	1652	1677	1708
3	1652	1604	1677
3	1696	1732	1689
3	1689	1635	1696
3	1649	1732	1696
3	1732	1649	1639
3	1635	1622	1696
3	1645	1635	1689
3	1573	1635	1645
3	1567	1573	1645
3	1573	1543	1635
3	1567	1488	1573
3	1562	1558	1567
3	1488	1567	1558
3	1534	1558	1562
3	1353	1488	1558
3	1615	1535	1626
3	1535	1408	1477
3	1493	1535	1477
3	1446	1535	1615
3	1446	1408	1535
3	1569	1595	1600
3	1605	1595	1615
3	1569	1446	1595
3	1595	1446	1615
3	1393	1446	1569
3	1590	1496	1600
3	1496	1569	1600
3	1553	1496	1590
3	1460	1496	1553
3	1496	1393	1569
3	1382	1345	1376
3	1307	1345	1382
3	1307	1284	1345
3	1205	1284	1307
3	1438	1376	1487
3	1382	1376	1438
3	1382	1438	1478
3	1253	1307	1382
3	1444	1558	1534
3	1444	1353	1558
3	1412	1444	1454
3	1412	1302	1444
3	1302	1353	1444
3	1412	1231	1302
3	1167	1302	1231
3	1346	1312	1384
3	1384	1312	1412
3	1303	1259	1346
3	1259	1312	1346
3	1269	1231	1312
3	1259	1269	1312
3	1220	1303	1409
3	1271	1259	1303
3	1271	1303	1220
3	1246	1493	1477
3	1446	1363	1408
3	1408	1246	1477
3	1246	1409	1493
3	1246	1220	1409
3	1363	1246	1408
3	1217	1246	1363
3	1366	1446	1393
3	1366	1363	1446
3	1266	1366	1393
3	1283	1363	1366
3	1283	1249	1363
3	1266	1283	1366
3	1249	1217	1363
3	1266	1249	1283
3	1431	1393	1496
3	1460	1431	1496
3	1431	1266	1393
3	1321	1266	1431
3	1334	1282	1321
3	1321	1282	1266
3	1223	1266	1282
3	1321	1431	1460
3	1205	1148	1284
3	1148	1180	1284
3	1023	1148	1205
3	1031	1148	1023
3	1031	970	1148
3	1148	970	1180
3	1145	1269	1259
3	1118	1231	1269
3	1145	1118	1269
3	1220	1240	1271
3	1223	1249	1266
3	1249	1199	1217
3	1199	1147	1217
3	395	365	401
3	326	362	365
3	391	331	448
3	1622	1649	1696
3	1543	1622	1635
3	1488	1484	1573
3	961	1002	1052
3	910	965	1002
3	961	910	1002
3	961	862	910
3	862	791	910
3	820	862	961
3	791	808	910
3	1032	938	1067
3	938	961	1067
3	940	938	1032
3	955	938	940
3	955	911	938
3	861	911	955
3	911	820	938
3	938	820	961
3	861	820	911
3	891	940	1044
3	861	955	940
3	1037	987	1065
3	998	918	1037
3	934	987	1037
3	918	934	1037
3	918	902	934
3	902	918	913
3	993	971	1024
3	952	993	1006
3	939	971	993
3	952	939	993
3	928	966	971
3	928	971	939
3	929	913	952
3	948	918	998
3	922	918	948
3	913	939	952
3	913	928	939
3	913	922	928
3	913	918	922
3	750	793	834
3	708	689	793
3	750	708	793
3	685	708	750
3	634	689	708
3	634	611	689
3	634	708	685
3	749	685	750
3	589	685	749
3	699	791	862
3	791	673	808
3	673	730	808
3	673	791	699
3	730	653	808
3	700	653	730
3	673	700	730
3	594	653	700
3	769	820	861
3	822	769	861
3	820	699	862
3	769	699	820
3	781	699	769
3	822	781	769
3	634	451	611
3	589	634	685
3	495	589	656
3	589	524	634
3	495	518	589
3	524	451	634
3	518	524	589
3	524	407	451
3	518	407	524
3	441	407	518
3	555	495	656
3	1241	1099	1185
3	555	469	495
3	523	469	555
3	495	441	518
3	412	469	523
3	387	441	495
3	412	387	469
3	469	387	495
3	585	473	595
3	532	473	585
3	473	555	595
3	473	523	555
3	435	473	532
3	473	412	523
3	435	422	473
3	422	412	473
3	556	653	594
3	556	585	675
3	532	556	594
3	556	532	585
3	489	460	594
3	460	532	594
3	460	435	532
3	460	430	435
3	430	413	435
3	606	489	700
3	489	594	700
3	413	422	435
3	394	378	412
3	422	394	412
3	1243	1301	1233
3	1333	1301	1423
3	1252	1301	1333
3	1252	1233	1301
3	1423	1468	1286
3	1287	1423	1286
3	1287	1333	1423
3	1252	1333	1287
3	1286	1210	1287
3	1288	1286	1413
3	1200	1288	1413
3	1210	1286	1288
3	1200	1210	1288
3	1160	1017	1120
3	1126	1243	1233
3	1126	1160	1243
3	1126	988	1160
3	1160	988	1017
3	1051	988	1126
3	1252	1126	1233
3	1136	1062	1252
3	1126	1252	1062
3	1062	1051	1126
3	1033	1062	1136
3	1136	1252	1287
3	1210	1136	1287
3	1011	1136	1210
3	1043	1011	1210
3	1011	1050	1136
3	1050	1033	1136
3	1083	1200	1254
3	1200	1043	1210
3	1083	1026	1200
3	1026	1043	1200
3	965	1026	1083
3	1094	965	1083
3	1106	1090	1115
3	1090	1105	1115
3	1105	1076	1115
3	1090	1116	1105
3	995	1116	1090
3	1025	1022	1076
3	1055	1024	1090
3	988	834	1017
3	988	956	834
3	956	749	834
3	903	749	956
3	1033	1051	1062
3	1051	956	988
3	898	946	1033
3	946	956	1051
3	1033	946	1051
3	946	903	956
3	946	898	903
3	847	898	914
3	976	1050	1011
3	976	1033	1050
3	976	898	1033
3	909	976	1011
3	914	898	976
3	909	914	976
3	847	914	909
3	985	1043	1026
3	909	1011	1043
3	985	909	1043
3	965	852	1026
3	888	985	1026
3	910	852	965
3	852	888	1026
3	888	802	909
3	888	909	985
3	910	808	852
3	998	1037	1022
3	1024	995	1090
3	948	1022	1025
3	1024	971	995
3	977	1116	995
3	948	998	1022
3	971	966	995
3	966	977	995
3	922	948	977
3	966	928	977
3	928	922	977
3	797	749	903
3	749	750	834
3	656	749	797
3	739	656	797
3	656	589	749
3	782	903	898
3	782	797	903
3	847	782	898
3	761	782	847
3	782	739	797
3	761	722	782
3	722	739	782
3	631	722	761
3	722	656	739
3	631	647	722
3	807	847	909
3	802	807	909
3	807	761	847
3	802	671	807
3	738	746	802
3	746	671	802
3	671	761	807
3	671	631	761
3	746	675	671
3	738	888	852
3	738	802	888
3	808	653	852
3	653	738	852
3	738	675	746
3	653	675	738
3	653	556	675
3	647	656	722
3	647	555	656
3	595	555	647
3	585	671	675
3	585	631	671
3	631	595	647
3	585	595	631
3	1000	1105	1116
3	1105	1025	1076
3	1000	1025	1105
3	1312	1231	1412
3	977	1025	1000
3	977	948	1025
3	977	1000	1116
3	1582	1507	1585
3	1492	1507	1582
3	1492	1400	1507
3	1698	1659	1714
3	1613	1654	1659
3	1585	1659	1698
3	1585	1613	1659
3	1507	1514	1585
3	1514	1613	1585
3	1507	1447	1514
3	1447	1439	1514
3	1654	1669	1714
3	1613	1579	1654
3	1618	1669	1654
3	1579	1618	1654
3	1618	1594	1663
3	1512	1594	1618
3	1512	1520	1594
3	1512	1427	1520
3	1520	1509	1594
3	1425	1509	1520
3	1425	1464	1509
3	1610	1526	1657
3	1391	1495	1610
3	1495	1526	1610
3	1356	1327	1369
3	1327	1263	1369
3	1235	1327	1356
3	1262	1263	1327
3	1387	1554	1529
3	1597	1544	1674
3	1521	1572	1611
3	1780	1762	1784
3	1780	1784	1791
3	1747	1686	1712
3	1707	1686	1747
3	1872	1844	1869
3	78	67	99
3	58	66	91
3	97	117	115
3	148	141	166
3	167	148	173
3	174	148	166
3	148	174	173
3	159	150	170
3	1441	1476	1536
3	1380	1387	1463
3	1463	1387	1500
3	1428	1377	1449
3	1703	1610	1657
3	1663	1594	1694
3	1669	1618	1663
3	1659	1654	1714
3	1582	1585	1651
3	1651	1585	1668
3	1668	1585	1698
3	1620	1582	1651
3	1513	1442	1566
3	1442	1492	1566
3	1442	1513	1403
3	1492	1582	1620
3	1566	1492	1620
3	1513	1566	1616
3	1513	1616	1631
3	1566	1620	1616
3	1631	1616	1658
3	1656	1631	1658
3	1616	1620	1651
3	1370	1403	1528
3	1459	1370	1565
3	1370	1528	1565
3	1528	1403	1513
3	1528	1513	1607
3	1528	1607	1565
3	1565	1607	1655
3	1607	1513	1631
3	1655	1607	1701
3	1631	1656	1701
3	1607	1631	1701
3	1655	1701	1723
3	1392	1459	1527
3	1527	1459	1552
3	1459	1617	1552
3	1459	1565	1617
3	1617	1565	1655
3	1552	1617	1612
3	1670	1617	1655
3	1612	1617	1670
3	1476	1527	1552
3	1476	1552	1625
3	1536	1476	1625
3	1625	1552	1612
3	1612	1670	1686
3	1625	1612	1707
3	1612	1686	1707
3	1387	1389	1518
3	1436	1441	1518
3	1518	1441	1532
3	1387	1518	1554
3	1518	1532	1554
3	1532	1441	1536
3	1532	1536	1625
3	1525	1449	1450
3	1428	1449	1525
3	1450	1544	1597
3	1525	1450	1597
3	1517	1525	1588
3	1525	1597	1619
3	1588	1525	1619
3	1588	1619	1634
3	1588	1634	1644
3	1597	1674	1619
3	1619	1674	1730
3	1614	1584	1705
3	1676	1614	1684
3	1684	1614	1705
3	1584	1648	1705
3	1676	1684	1700
3	1406	1551	1593
3	1519	1589	1572
3	1589	1593	1608
3	1593	1551	1608
3	1551	1571	1608
3	1611	1572	1589
3	1571	1614	1608
3	1608	1614	1676
3	1589	1608	1676
3	1467	1406	1593
3	1467	1593	1519
3	1485	1467	1572
3	1467	1519	1572
3	1521	1485	1572
3	1703	1657	1772
3	1772	1777	1779
3	1772	1779	1781
3	1778	1772	1781
3	1703	1772	1778
3	1781	1779	1789
3	1789	1779	1790
3	1694	1724	1790
3	1742	1694	1754
3	1694	1790	1754
3	1742	1754	1759
3	1759	1754	1775
3	1775	1754	1779
3	1754	1790	1779
3	1777	1775	1779
3	1669	1663	1694
3	1714	1669	1766
3	1694	1742	1669
3	1742	1759	1762
3	1669	1742	1780
3	1742	1762	1780
3	1766	1669	1780
3	1698	1714	1668
3	1668	1714	1766
3	1668	1766	1774
3	1774	1766	1791
3	1766	1780	1791
3	1651	1668	1774
3	1725	1651	1774
3	1725	1616	1651
3	1658	1616	1725
3	1655	1723	1712
3	1655	1712	1670
3	1686	1670	1712
3	1619	1730	1770
3	1634	1619	1749
3	1644	1634	1749
3	1619	1770	1749
3	1749	1770	1798
3	1749	1798	1799
3	1798	1770	1792
3	1799	1798	1810
3	1684	1705	1729
3	1700	1684	1753
3	1684	1729	1753
3	1729	1705	1771
3	1801	1729	1771
3	1753	1729	1793
3	1793	1729	1801
3	1753	1793	1797
3	1810	1798	1792
3	1810	1792	1828
3	1832	1810	1828
3	1828	1792	1836
3	1828	1836	1855
3	1832	1828	1855
3	1855	1836	1854
3	1832	1867	1851
3	1832	1855	1867
3	1855	1854	1867
3	1797	1793	1822
3	1793	1839	1822
3	1845	1830	1822
3	1822	1839	1860
3	1839	1852	1860
3	1845	1822	1864
3	1822	1860	1864
3	1864	1860	1874
3	1869	1845	1864
3	1860	1876	1874
3	1854	1872	1882
3	1872	1869	1882
3	1884	1854	1882
3	1867	1854	1884
3	1869	1864	1882
3	1858	1867	1894
3	1867	1884	1894
3	1884	1895	1894
3	1882	1888	1895
3	1895	1884	1882
3	1874	1888	1882
3	1874	1876	1888
3	1864	1874	1882
3	1895	1888	1909
3	3	18	16
3	18	12	25
3	18	25	27
3	27	25	34
3	16	18	30
3	30	18	40
3	18	27	40
3	27	34	43
3	43	34	41
3	40	27	43
3	3	7	11
3	3	11	12
3	3	12	18
3	12	11	23
3	12	23	32
3	32	23	39
3	11	7	5
3	5	24	22
3	11	5	22
3	23	11	22
3	24	36	22
3	23	22	58
3	41	56	43
3	56	41	51
3	52	43	56
3	51	67	56
3	52	56	71
3	56	67	78
3	71	56	78
3	84	52	71
3	71	78	102
3	30	40	50
3	40	43	52
3	40	52	61
3	79	86	85
3	23	58	39
3	22	36	58
3	58	36	66
3	91	66	64
3	91	64	90
3	91	90	97
3	74	77	95
3	90	64	74
3	24	44	36
3	66	36	64
3	36	44	64
3	64	44	74
3	74	44	77
3	77	82	95
3	84	71	110
3	102	78	99
3	71	102	110
3	89	84	110
3	89	110	118
3	102	99	122
3	104	89	118
3	104	118	126
3	110	102	143
3	102	122	143
3	126	118	134
3	118	110	134
3	110	143	134
3	143	122	130
3	86	104	105
3	85	86	105
3	105	104	116
3	127	116	138
3	116	104	137
3	137	104	126
3	116	137	138
3	83	85	107
3	105	116	127
3	85	105	127
3	107	85	127
3	121	107	127
3	113	107	121
3	113	121	124
3	124	117	113
3	121	127	139
3	124	121	139
3	74	95	90
3	80	83	100
3	95	80	100
3	97	90	101
3	95	100	101
3	90	95	101
3	83	107	100
3	101	100	113
3	100	107	113
3	97	101	117
3	101	113	117
3	143	130	145
3	134	143	147
3	130	141	148
3	145	130	148
3	147	143	145
3	145	148	167
3	145	167	147
3	134	147	150
3	150	147	167
3	127	138	153
3	137	126	134
3	137	134	150
3	153	138	159
3	159	138	165
3	138	137	165
3	137	150	165
3	165	150	159
3	150	167	170
3	139	127	153
3	124	139	149
3	149	139	153
3	159	149	153
3	1235	1262	1327
3	1262	1216	1263
3	1401	1467	1485
3	1401	1369	1467
3	1350	1406	1467
3	1369	1350	1467
3	1263	1350	1369
3	1398	1450	1449
3	1434	1398	1449
3	1377	1434	1449
3	1291	1398	1434
3	1309	1291	1434
3	1398	1380	1455
3	1237	1380	1398
3	1380	1237	1347
3	1291	1237	1398
3	1237	1338	1347
3	1237	1186	1338
3	1291	1171	1237
3	1380	1347	1387
3	1347	1325	1387
3	1338	1325	1347
3	1387	1325	1389
3	1338	1239	1325
3	1186	1239	1338
3	1389	1436	1518
3	1436	1274	1441
3	1389	1323	1436
3	1323	1274	1436
3	1325	1256	1389
3	1256	1323	1389
3	1239	1256	1325
3	1256	1204	1323
3	1239	1196	1256
3	1476	1392	1527
3	1441	1274	1476
3	1328	1392	1476
3	1274	1328	1476
3	1328	1214	1392
3	1306	1328	1274
3	1306	1214	1328
3	1306	1274	1323
3	1392	1368	1459
3	1218	1368	1392
3	1218	1331	1368
3	1214	1218	1392
3	1331	1187	1276
3	1368	1370	1459
3	1403	1359	1442
3	1331	1370	1368
3	1370	1315	1403
3	1315	1359	1403
3	1315	1296	1359
3	1331	1276	1370
3	1276	1315	1370
3	1315	1202	1296
3	1202	1251	1296
3	1276	1187	1202
3	1276	1202	1315
3	1373	1492	1442
3	1359	1355	1442
3	1355	1373	1442
3	1337	1326	1373
3	1355	1337	1373
3	1359	1317	1355
3	1317	1337	1355
3	1289	1326	1337
3	1289	1996	1326
3	1296	1289	1317
3	1317	1289	1337
3	1251	1289	1296
3	1251	1996	1289
3	1373	1400	1492
3	1400	1447	1507
3	1330	1399	1447
3	1330	1332	1399
3	1330	1400	1373
3	1400	1330	1447
3	1326	1330	1373
3	1330	1318	1332
3	1265	1318	1330
3	1326	1265	1330
3	1996	1265	1326
3	1265	1248	1318
3	1248	1238	1318
3	1419	1451	1439
3	1399	1419	1439
3	1447	1399	1439
3	1399	1372	1419
3	1372	1348	1419
3	1332	1372	1399
3	1290	1348	1372
3	1318	1372	1332
3	1318	1238	1372
3	1238	1290	1372
3	1427	1425	1520
3	1451	1419	1427
3	1404	1425	1427
3	1419	1404	1427
3	1348	1404	1419
3	1361	1397	1404
3	1348	1341	1404
3	1341	1361	1404
3	1348	1290	1341
3	1341	1305	1361
3	1290	1305	1341
3	1464	1402	1466
3	1425	1397	1464
3	1402	1388	1466
3	1402	1362	1388
3	1397	1402	1464
3	1404	1397	1425
3	1405	1402	1397
3	1390	1362	1402
3	1390	1402	1405
3	1362	1390	1395
3	1391	1414	1495
3	1378	1395	1414
3	1378	1414	1391
3	1378	1362	1395
3	1378	1340	1362
3	1235	1138	1262
3	1138	1216	1262
3	1183	1138	1235
3	1175	1216	1138
3	1175	1999	1216
3	1056	1138	1183
3	1138	1093	1175
3	1003	1093	1138
3	1003	1138	1056
3	979	1097	1093
3	1156	1204	1256
3	1196	1156	1256
3	1239	1193	1196
3	1156	1163	1204
3	1114	1163	1156
3	1193	1156	1196
3	1193	1089	1156
3	1092	1114	1156
3	1089	1092	1156
3	1204	1306	1323
3	1165	1214	1306
3	1204	1163	1306
3	1163	1165	1306
3	1163	1078	1165
3	1127	1131	1165
3	1078	1127	1165
3	1114	1078	1163
3	1114	1087	1078
3	1078	1108	1127
3	1092	1087	1114
3	1045	1087	1092
3	1045	1092	1089
3	994	1045	1089
3	1218	1187	1331
3	1131	1187	1218
3	1214	1131	1218
3	1165	1131	1214
3	1131	1149	1187
3	1127	1108	1131
3	1202	1190	1251
3	1187	1172	1202
3	1187	1149	1172
3	1003	979	1093
3	1003	951	979
3	951	893	979
3	979	947	949
3	947	896	949
3	893	947	979
3	823	896	947
3	893	835	947
3	835	823	947
3	899	716	892
3	994	986	1045
3	1045	962	1007
3	986	962	1045
3	892	962	986
3	892	986	994
3	899	892	994
3	892	900	962
3	844	900	892
3	842	831	857
3	1296	1317	1359
3	716	844	892
3	857	826	882
3	795	835	893
3	805	795	893
3	835	758	823
3	795	772	835
3	758	751	823
3	772	758	835
3	688	772	795
3	678	688	795
3	688	758	772
3	715	751	758
3	688	681	758
3	681	715	758
3	688	652	681
3	652	612	681
3	612	715	681
3	612	698	715
3	615	635	688
3	635	652	688
3	654	732	778
3	667	654	778
3	735	667	778
3	676	667	735
3	572	734	732
3	732	654	572
3	819	759	844
3	819	844	716
3	1589	1519	1593
3	819	639	759
3	734	572	789
3	572	748	789
3	819	716	748
3	572	819	748
3	639	627	684
3	819	539	639
3	759	831	842
3	844	759	842
3	731	831	759
3	731	812	831
3	731	661	812
3	639	684	759
3	684	731	759
3	684	661	731
3	684	627	661
3	784	826	857
3	831	812	857
3	652	605	612
3	553	630	698
3	576	654	667
3	563	627	639
3	627	624	661
3	1495	1490	1526
3	1183	1235	1278
3	1417	1401	1485
3	1290	1257	1305
3	1390	1405	1395
3	1361	1405	1397
3	1045	1007	1078
3	1131	1121	1149
3	1108	1121	1131
3	1172	1190	1202
3	805	893	951
3	962	967	1007
3	844	842	900
3	826	871	882
3	826	851	871
3	1173	1241	1234
3	1273	1250	1294
3	1273	1294	1293
3	1242	1273	1293
3	1261	1250	1273
3	1251	1225	1996
3	1225	1273	1996
3	1225	1261	1273
3	1273	1265	1996
3	1273	1242	1265
3	1242	1248	1265
3	1244	1242	1293
3	1215	1248	1242
3	1238	1257	1290
3	1361	1305	1319
3	1319	1268	1385
3	1305	1230	1319
3	1319	1230	1268
3	1257	1230	1305
3	1420	1416	1474
3	1405	1422	1474
3	1416	1405	1474
3	1395	1405	1416
3	1420	1395	1416
3	1319	1422	1405
3	1422	1319	1385
3	1405	1361	1319
3	1414	1490	1495
3	1414	1453	1490
3	1414	1420	1453
3	1395	1420	1414
3	1181	1183	1278
3	1227	1181	1278
3	1122	1181	1227
3	1140	1181	1122
3	1181	1140	1183
3	1140	1056	1183
3	1004	1140	1122
3	1004	1056	1140
3	1004	973	1056
3	1059	991	1099
3	1241	1059	1099
3	991	1049	1099
3	1078	1053	1108
3	1059	1081	1108
3	1007	1053	1078
3	1053	1059	1108
3	1053	991	1059
3	1234	1177	1173
3	371	415	421
3	1123	1241	1173
3	1149	1121	1143
3	1123	1059	1241
3	1143	1121	1173
3	1121	1123	1173
3	1108	1123	1121
3	1081	1123	1108
3	1081	1059	1123
3	1190	1191	1225
3	1190	1172	1191
3	1169	1143	1173
3	1177	1169	1173
3	1169	1172	1143
3	1191	1169	1209
3	1172	1169	1191
3	1149	1143	1172
3	1191	1250	1261
3	1190	1225	1251
3	1225	1191	1261
3	1215	1238	1248
3	1215	1242	1244
3	1230	1229	1268
3	1238	1230	1257
3	1215	1230	1238
3	1230	1215	1229
3	1003	1056	973
3	926	973	1004
3	951	1003	973
3	926	951	973
3	926	805	951
3	864	805	926
3	1007	968	1053
3	967	968	1007
3	991	968	924
3	962	900	967
3	921	968	967
3	316	314	352
3	895	924	968
3	921	895	968
3	895	884	924
3	842	921	900
3	842	882	921
3	842	857	882
3	882	895	921
3	1028	1073	1133
3	882	810	895
3	871	867	825
3	767	805	864
3	777	795	805
3	767	777	805
3	767	723	777
3	777	678	795
3	723	678	777
3	650	678	723
3	678	615	688
3	650	615	678
3	825	810	882
3	871	825	882
3	806	810	825
3	851	867	871
3	851	836	867
3	806	825	829
3	836	829	867
3	829	825	867
3	828	829	836
3	787	836	851
3	804	828	836
3	786	787	851
3	787	804	836
3	787	771	804
3	707	776	804
3	779	707	804
3	771	779	804
3	719	779	771
3	762	771	787
3	763	753	771
3	771	762	763
3	753	719	771
3	719	707	779
3	753	763	755
3	745	753	755
3	690	755	763
3	686	753	745
3	725	745	743
3	686	719	753
3	725	686	745
3	755	743	745
3	709	743	755
3	743	703	725
3	709	711	743
3	696	743	711
3	696	703	743
3	711	665	696
3	596	703	696
3	665	651	696
3	651	625	696
3	625	596	696
3	592	615	650
3	592	650	629
3	615	560	635
3	560	615	592
3	560	529	635
3	493	560	592
3	493	452	560
3	514	493	592
3	452	529	560
3	529	452	505
3	452	431	505
3	452	426	431
3	385	452	493
3	470	385	493
3	402	385	470
3	385	426	452
3	416	537	453
3	399	416	453
3	416	432	537
3	576	538	547
3	508	538	576
3	546	537	564
3	537	508	564
3	508	576	564
3	543	453	537
3	432	508	537
3	538	484	547
3	462	484	538
3	512	462	538
3	508	512	538
3	506	512	508
3	525	506	533
3	512	506	525
3	507	462	512
3	462	440	484
3	440	462	507
3	484	440	492
3	428	440	507
3	440	411	492
3	586	625	651
3	566	596	625
3	587	566	625
3	478	596	566
3	478	463	596
3	516	549	587
3	549	566	587
3	544	496	549
3	549	478	566
3	496	478	549
3	477	496	544
3	384	463	478
3	444	496	477
3	444	478	496
3	444	384	478
3	528	530	544
3	530	477	544
3	528	425	530
3	483	425	528
3	425	421	530
3	421	477	530
3	415	444	477
3	421	415	477
3	483	377	425
3	426	381	431
3	328	426	385
3	328	385	402
3	426	328	381
3	328	282	381
3	245	282	328
3	282	213	252
3	399	370	416
3	376	384	444
3	1268	1229	1313
3	1385	1470	1422
3	1420	1474	1469
3	1221	1122	1227
3	1099	1049	1137
3	1191	1209	1250
3	1169	1177	1209
3	1229	1215	1244
3	642	629	650
3	776	806	829
3	828	776	829
3	804	776	828
3	480	470	493
3	432	506	508
3	506	509	533
3	506	432	509
3	507	512	525
3	415	376	444
3	1535	1493	1580
3	1605	1615	1709
3	1680	1590	1679
3	1599	1680	1702
3	1693	1643	1716
3	1643	1702	1716
3	1599	1590	1680
3	1702	1587	1599
3	1606	1587	1702
3	1599	1553	1590
3	1559	1587	1606
3	1587	1553	1599
3	1559	1506	1587
3	1473	1435	1506
3	1632	1643	1667
3	1609	1632	1667
3	1606	1702	1643
3	1632	1606	1643
3	1609	1560	1632
3	1560	1606	1632
3	1461	1560	1609
3	1560	1559	1606
3	1445	1560	1461
3	1473	1559	1560
3	1473	1506	1559
3	1445	1473	1560
3	1609	1667	1661
3	1641	1570	1661
3	1570	1581	1661
3	1581	1609	1661
3	1581	1461	1609
3	1570	1433	1581
3	1433	1461	1581
3	855	869	975
3	1064	992	1005
3	1877	1881	1892
3	1936	1896	1926
3	1980	1959	1981
3	953	932	954
3	901	932	953
3	944	908	989
3	989	908	1098
3	901	839	870
3	885	901	908
3	901	870	932
3	858	872	935
3	858	935	999
3	999	935	1020
3	975	869	858
3	975	858	1005
3	1005	858	999
3	992	975	1005
3	1098	1013	1117
3	989	1098	1040
3	999	1080	1005
3	999	1020	1111
3	1005	1080	1150
3	1040	1098	1117
3	1111	1040	1144
3	1144	1040	1117
3	999	1111	1080
3	1111	1144	1080
3	1144	1117	1189
3	1080	1144	1189
3	1868	1911	1897
3	1897	1911	1949
3	1932	1915	1949
3	1949	1911	1930
3	1915	1897	1949
3	1948	1932	1949
3	1949	1930	1950
3	1887	1863	1904
3	1863	1873	1904
3	1873	1868	1904
3	1868	1897	1904
3	1903	1887	1904
3	1903	1904	1913
3	1913	1904	1915
3	1913	1915	1920
3	1904	1897	1915
3	1877	1863	1881
3	1881	1863	1887
3	1885	1881	1887
3	1885	1886	1881
3	1881	1886	1889
3	1881	1889	1892
3	1885	1887	1886
3	1892	1889	1936
3	1889	1896	1936
3	1886	1880	1889
3	1889	1880	1896
3	1896	1880	1924
3	1896	1924	1926
3	1948	1949	1950
3	1950	1930	1939
3	1950	1939	1956
3	1950	1956	1964
3	1966	1950	1964
3	1964	1956	1974
3	1964	1974	1989
3	1980	1981	1985
3	1974	1980	1985
3	1964	1989	1966
3	1989	1974	1985
3	1985	1981	1983
3	1983	1986	1989
3	1985	1983	1989
3	1926	1954	1960
3	1954	1955	1965
3	1960	1954	1965
3	1960	1965	1983
3	1965	1973	1983
3	1959	1960	1981
3	1960	1983	1981
3	1983	1977	1986
3	1926	1924	1954
3	1954	1924	1955
3	872	885	944
3	885	908	944
3	935	872	944
3	944	958	935
3	958	944	989
3	1020	935	958
3	989	1040	958
3	1020	958	1111
3	958	1040	1111
3	1923	1932	1948
3	1937	1923	1948
3	1903	1913	1917
3	1913	1920	1921
3	1917	1913	1921
3	1920	1915	1923
3	1917	1921	1919
3	1915	1932	1923
3	1921	1920	1923
3	1933	1923	1937
3	1921	1923	1933
3	1919	1921	1933
3	1886	1887	1906
3	1900	1886	1906
3	1880	1900	1918
3	1906	1887	1903
3	1906	1910	1900
3	1900	1910	1890
3	1906	1903	1917
3	1910	1906	1917
3	1900	1890	1918
3	1890	1910	1917
3	1890	1917	1916
3	1918	1890	1934
3	1916	1917	1919
3	1934	1890	1925
3	1916	1938	1890
3	1900	1880	1886
3	1924	1880	1934
3	1880	1918	1934
3	1937	1948	1957
3	1957	1948	1971
3	1948	1950	1971
3	1971	1950	1966
3	1963	1968	1946
3	1946	1968	1972
3	1972	1968	1986
3	1971	1966	1968
3	1986	1968	1989
3	1989	1968	1966
3	1934	1925	1952
3	1938	1919	1946
3	1925	1938	1952
3	1955	1934	1952
3	1938	1946	1952
3	1955	1952	1965
3	1965	1952	1973
3	1952	1972	1973
3	1952	1946	1972
3	1973	1972	1977
3	1973	1977	1983
3	1977	1972	1986
3	1924	1934	1955
3	1937	1957	1944
3	1933	1937	1944
3	1933	1942	1919
3	1946	1919	1942
3	1938	1916	1919
3	1925	1890	1938
3	1942	1933	1944
3	1946	1942	1963
3	1942	1944	1963
3	1944	1957	1971
3	1963	1944	1968
3	1944	1971	1968
3	1472	1433	1570
3	1628	1546	1641
3	1586	1546	1628
3	1546	1570	1641
3	1504	1546	1586
3	1546	1472	1570
3	1504	1472	1546
3	1664	1549	1628
3	1549	1586	1628
3	1549	1504	1586
3	1547	1470	1549
3	1470	1504	1549
3	1662	1637	1685
3	1637	1547	1664
3	1592	1637	1662
3	1547	1549	1664
3	1637	1556	1547
3	1592	1556	1637
3	1501	1556	1592
3	1501	1505	1556
3	1505	1547	1556
3	1501	1474	1505
3	1505	1470	1547
3	1422	1470	1505
3	1640	1662	1672
3	1640	1592	1662
3	1548	1640	1672
3	1578	1548	1672
3	1548	1592	1640
3	1578	1503	1548
3	1545	1503	1578
3	1548	1501	1592
3	1469	1501	1548
3	1469	1548	1503
3	1420	1503	1453
3	1420	1469	1503
3	1376	1335	1415
3	1206	1376	1345
3	1206	1335	1376
3	1206	1221	1335
3	1376	1415	1487
3	1335	1379	1415
3	1415	1379	1440
3	1471	1412	1454
3	1452	1457	1483
3	1457	1452	1471
3	1452	1483	1497
3	1384	1452	1497
3	1410	1384	1497
3	1384	1471	1452
3	1410	1346	1384
3	1384	1412	1471
3	1481	1410	1497
3	1409	1481	1482
3	1303	1410	1481
3	1409	1303	1481
3	1236	1282	1334
3	1222	1236	1334
3	1473	1407	1435
3	1371	1445	1461
3	1445	1407	1473
3	1371	1342	1445
3	1342	1407	1445
3	1342	1334	1407
3	1371	1294	1342
3	1293	1294	1371
3	1342	1222	1334
3	1294	1250	1342
3	1264	1433	1472
3	1433	1371	1461
3	1293	1371	1433
3	1264	1280	1433
3	1280	1293	1433
3	1244	1293	1280
3	1244	1280	1264
3	1360	1358	1504
3	1358	1472	1504
3	1358	1264	1472
3	1313	1358	1360
3	1313	1264	1358
3	1229	1244	1264
3	1229	1264	1313
3	1383	1504	1470
3	1383	1360	1504
3	1385	1383	1470
3	1385	1268	1383
3	1268	1360	1383
3	1268	1313	1360
3	1469	1474	1501
3	1180	1206	1284
3	1206	1128	1221
3	1128	1122	1221
3	1128	1206	1180
3	1128	1047	1122
3	1047	1128	1180
3	1047	1004	1122
3	970	1047	1180
3	1203	1199	1226
3	1203	1226	1185
3	1203	1137	1199
3	1185	1137	1203
3	1137	1112	1199
3	1099	1137	1185
3	1077	1112	1137
3	1049	1077	1137
3	1077	1074	1112
3	1049	982	1077
3	1077	982	1074
3	1241	1228	1234
3	1228	1241	1185
3	1226	1223	1232
3	1226	1232	1228
3	1226	1228	1185
3	1232	1223	1236
3	1209	1232	1236
3	1177	1234	1228
3	1232	1177	1228
3	1177	1232	1209
3	1209	1236	1222
3	1209	1222	1342
3	1250	1209	1342
3	990	1047	970
3	1047	990	1004
3	980	990	970
3	990	926	1004
3	990	868	926
3	868	990	980
3	927	868	980
3	868	864	926
3	982	1010	1074
3	924	982	1049
3	991	924	1049
3	982	981	1010
3	843	981	982
3	843	920	981
3	884	879	924
3	924	843	982
3	879	843	924
3	927	720	868
3	767	864	868
3	720	767	868
3	796	720	927
3	728	720	796
3	720	723	767
3	720	655	723
3	655	720	728
3	702	655	728
3	655	642	723
3	702	621	655
3	642	650	723
3	879	740	843
3	853	879	884
3	853	752	879
3	752	740	879
3	740	788	843
3	810	752	853
3	701	752	810
3	806	701	810
3	776	701	806
3	694	752	701
3	752	663	740
3	694	663	752
3	581	694	701
3	581	636	694
3	707	701	776
3	657	701	707
3	580	581	701
3	657	580	701
3	686	664	719
3	664	707	719
3	657	707	664
3	626	686	725
3	703	662	725
3	662	626	725
3	596	662	703
3	662	575	626
3	621	642	655
3	514	592	629
3	621	540	642
3	540	629	642
3	540	514	629
3	502	514	540
3	446	502	540
3	514	480	493
3	502	480	514
3	446	480	502
3	402	470	480
3	446	402	480
3	416	445	487
3	432	416	487
3	393	445	416
3	393	409	445
3	533	604	619
3	487	570	569
3	533	487	569
3	487	445	593
3	487	593	570
3	509	487	533
3	432	487	509
3	573	577	640
3	577	533	619
3	573	474	577
3	525	533	577
3	474	507	525
3	474	525	577
3	434	474	573
3	535	434	573
3	490	434	535
3	364	474	434
3	364	507	474
3	364	428	507
3	400	364	434
3	400	434	490
3	397	400	490
3	581	481	636
3	479	481	488
3	403	479	488
3	598	580	657
3	580	447	581
3	485	580	598
3	581	447	481
3	447	488	481
3	485	447	580
3	390	447	485
3	447	403	488
3	360	403	447
3	598	657	664
3	626	633	686
3	633	664	686
3	590	591	662
3	596	590	662
3	403	391	479
3	1535	1580	1626
3	1600	1595	1605
3	1590	1600	1679
3	1506	1553	1587
3	1506	1460	1553
3	1435	1460	1506
3	1284	1206	1345
3	1303	1346	1410
3	1435	1321	1460
3	1407	1334	1435
3	1334	1321	1435
3	1226	1199	1249
3	1223	1226	1249
3	1236	1223	1282
3	788	859	843
3	740	663	788
3	694	636	663
3	533	569	604
3	468	397	490
3	391	448	479
3	356	320	399
3	320	317	370
3	356	299	320
3	299	269	320
3	269	317	320
3	211	280	269
3	299	211	269
3	211	214	280
3	186	211	299
3	320	370	399
3	370	317	393
3	428	411	440
3	347	411	428
3	405	411	347
3	364	347	428
3	347	366	405
3	347	305	366
3	295	305	347
3	305	293	312
3	295	293	305
3	278	293	295
3	278	276	293
3	276	286	293
3	275	276	278
3	275	278	281
3	332	284	313
3	284	316	313
3	284	332	294
3	284	283	316
3	275	283	284
3	276	284	286
3	276	275	284
3	351	369	388
3	332	351	388
3	345	334	354
3	334	345	351
3	332	334	351
3	332	313	334
3	313	316	334
3	333	396	369
3	289	333	369
3	351	289	369
3	345	311	351
3	351	311	289
3	333	289	344
3	318	243	311
3	289	243	344
3	243	289	311
3	265	243	318
3	243	249	344
3	240	260	263
3	247	240	263
3	232	240	247
3	425	377	421
3	377	306	421
3	327	306	377
3	266	306	327
3	235	266	327
3	245	213	282
3	213	197	252
3	193	213	245
3	188	213	193
3	188	181	213
3	213	181	197
3	181	178	197
3	177	188	193
3	169	181	188
3	177	169	188
3	168	183	187
3	184	211	186
3	211	196	214
3	184	196	211
3	196	187	192
3	184	187	196
3	186	172	184
3	184	168	187
3	172	168	184
3	231	243	265
3	230	249	243
3	219	231	242
3	230	243	231
3	230	237	249
3	228	230	231
3	230	228	237
3	219	228	231
3	236	242	255
3	236	219	242
3	219	225	228
3	220	219	236
3	219	220	225
3	240	238	256
3	218	238	240
3	221	218	240
3	218	220	236
3	218	236	238
3	220	218	225
3	225	221	234
3	218	221	225
3	234	221	232
3	221	240	232
3	244	232	247
3	224	232	244
3	224	223	232
3	224	227	223
3	223	234	232
3	235	227	266
3	212	227	235
3	224	222	227
3	227	212	223
3	158	178	181
3	161	169	177
3	169	158	181
3	156	158	169
3	161	156	169
3	158	154	160
3	154	158	156
3	136	156	161
3	136	161	164
3	146	136	164
3	146	133	136
3	142	154	156
3	136	142	156
3	151	146	162
3	132	151	162
3	162	146	164
3	140	132	155
3	128	146	151
3	132	128	151
3	125	133	146
3	128	125	146
3	132	162	168
3	152	155	172
3	155	132	168
3	155	168	172
3	111	119	112
3	94	119	111
3	103	94	111
3	136	111	142
3	123	136	133
3	111	112	142
3	125	123	133
3	108	111	136
3	123	108	136
3	87	123	125
3	108	103	111
3	87	108	123
3	81	103	108
3	88	108	87
3	88	81	108
3	132	120	128
3	120	109	128
3	109	125	128
3	120	106	109
3	109	87	125
3	106	93	109
3	93	87	109
3	94	96	119
3	59	103	81
3	59	94	103
3	94	76	96
3	59	62	94
3	62	76	94
3	59	46	62
3	75	88	87
3	75	53	88
3	53	59	81
3	53	81	88
3	53	46	59
3	37	53	75
3	49	37	75
3	53	37	46
3	73	93	106
3	75	87	93
3	49	75	93
3	73	49	93
3	1675	1660	1717
3	1688	1717	1660
3	1786	1782	1802
3	1745	1737	1782
3	1745	1782	1786
3	1756	1740	1786
3	1740	1745	1786
3	1740	1738	1745
3	1740	1675	1738
3	1738	1737	1745
3	1675	1717	1738
3	1722	1675	1740
3	1808	1763	1806
3	1765	1808	1809
3	1806	1763	1802
3	1763	1786	1802
3	1764	1763	1808
3	1765	1764	1808
3	1764	1734	1763
3	1763	1756	1786
3	1706	1734	1764
3	1706	1764	1765
3	1734	1756	1763
3	1733	1756	1734
3	1697	1734	1706
3	1697	1733	1734
3	1757	1765	1809
3	1757	1726	1765
3	1726	1706	1765
3	1666	1695	1726
3	1751	1735	1776
3	1665	1699	1735
3	1751	1665	1735
3	1735	1699	1681
3	1626	1665	1751
3	1709	1626	1751
3	1591	1681	1699
3	1773	1736	1751
3	1769	1736	1773
3	1736	1709	1751
3	1741	1736	1769
3	1741	1769	1760
3	1709	1736	1741
3	1680	1741	1760
3	1680	1679	1741
3	1716	1702	1680
3	1711	1641	1761
3	1641	1661	1761
3	1713	1711	1761
3	1628	1711	1713
3	1662	1685	1721
3	1672	1721	1752
3	1672	1662	1721
3	1642	1578	1672
3	1557	1522	1577
3	1577	1530	1564
3	1415	1530	1577
3	1522	1415	1577
3	1415	1440	1530
3	1487	1415	1522
3	1629	1660	1675
3	1624	1688	1660
3	1629	1624	1660
3	1647	1629	1675
3	1557	1629	1647
3	1602	1557	1647
3	1624	1577	1564
3	1577	1624	1629
3	1557	1577	1629
3	1677	1647	1722
3	1647	1675	1722
3	1695	1706	1726
3	1695	1697	1706
3	1666	1621	1695
3	1653	1645	1697
3	1653	1697	1695
3	1621	1653	1695
3	1567	1645	1653
3	1633	1621	1666
3	1621	1562	1653
3	1562	1567	1653
3	1596	1621	1633
3	1541	1562	1621
3	1596	1541	1621
3	1508	1541	1596
3	1534	1562	1541
3	1541	1444	1534
3	1454	1541	1508
3	1454	1444	1541
3	1591	1540	1550
3	1482	1540	1591
3	1540	1542	1550
3	1482	1481	1540
3	1493	1482	1580
3	1540	1497	1542
3	1481	1497	1540
3	1665	1591	1699
3	1550	1575	1591
3	1580	1591	1665
3	1626	1580	1665
3	1580	1482	1591
3	1679	1605	1741
3	1615	1626	1709
3	1605	1709	1741
3	1600	1605	1679
3	1628	1641	1711
3	1471	1454	1508
3	370	393	416
3	295	347	364
3	334	316	352
3	242	231	265
3	263	260	297
3	240	256	260
3	189	177	193
3	179	177	189
3	187	183	192
3	227	222	266
3	1756	1708	1740
3	1708	1756	1733
3	1557	1478	1522
3	1478	1487	1522
3	1645	1689	1697
3	1493	1409	1482
3	228	241	279
3	228	225	241
3	234	215	246
3	223	215	234
3	212	215	223
3	215	206	233
3	209	202	215
3	210	212	235
3	209	215	212
3	210	209	212
3	203	209	210
3	149	159	163
3	144	149	163
3	154	129	160
3	129	144	160
3	142	129	154
3	144	124	149
3	135	124	144
3	175	170	180
3	171	170	175
3	158	171	178
3	163	170	171
3	159	170	163
3	160	163	171
3	203	202	209
3	203	210	217
3	319	343	374
3	579	584	601
3	423	300	465
3	300	361	465
3	542	582	659
3	472	543	557
3	379	410	449
3	500	338	558
3	715	698	737
3	715	737	751
3	1072	1089	1193
3	1237	1171	1186
3	201	202	203
3	202	201	206
3	206	201	205
3	201	203	217
3	201	217	321
3	201	321	277
3	202	206	215
3	206	205	259
3	174	166	194
3	185	174	194
3	321	217	308
3	205	277	261
3	205	261	302
3	217	291	308
3	321	308	357
3	308	291	458
3	262	206	259
3	233	206	262
3	233	262	267
3	259	205	302
3	262	259	302
3	267	262	339
3	262	302	337
3	302	325	337
3	262	337	339
3	339	361	300
3	339	337	361
3	337	325	418
3	373	319	374
3	374	343	408
3	373	374	408
3	329	319	373
3	329	373	437
3	424	329	437
3	337	418	466
3	357	308	531
3	308	458	531
3	357	531	475
3	466	418	515
3	515	418	527
3	531	458	510
3	475	531	461
3	515	527	601
3	579	531	510
3	531	599	461
3	567	534	601
3	531	579	599
3	461	599	527
3	601	527	599
3	584	567	601
3	601	599	579
3	361	337	466
3	361	466	465
3	465	466	515
3	465	515	534
3	534	515	601
3	408	476	542
3	542	476	571
3	373	408	494
3	437	373	494
3	494	408	542
3	437	494	542
3	542	571	582
3	503	521	588
3	521	583	588
3	503	588	624
3	617	472	637
3	472	557	637
3	637	557	668
3	617	637	658
3	668	557	676
3	501	410	482
3	482	472	617
3	501	482	568
3	568	482	617
3	338	379	449
3	338	449	600
3	449	410	501
3	449	501	561
3	600	449	561
3	561	501	568
3	666	561	568
3	471	500	552
3	558	338	600
3	552	500	558
3	558	600	613
3	552	558	623
3	499	471	552
3	520	499	630
3	499	552	607
3	630	499	643
3	499	607	643
3	552	623	648
3	607	552	648
3	607	644	643
3	644	607	718
3	607	648	670
3	734	789	732
3	732	789	874
3	735	783	770
3	783	735	778
3	783	778	837
3	837	778	732
3	783	866	832
3	770	783	832
3	837	732	874
3	783	837	889
3	637	668	706
3	668	676	735
3	637	706	658
3	668	770	706
3	668	735	770
3	658	706	790
3	658	790	830
3	658	830	717
3	706	770	832
3	790	706	832
3	790	832	877
3	568	617	658
3	666	568	792
3	717	568	658
3	568	717	792
3	561	666	600
3	613	600	666
3	613	666	714
3	613	714	727
3	727	714	803
3	714	666	850
3	850	666	792
3	714	850	803
3	727	803	886
3	558	613	727
3	558	727	729
3	558	729	623
3	775	623	729
3	729	727	886
3	773	775	880
3	729	811	775
3	775	811	880
3	729	886	906
3	607	670	718
3	644	718	691
3	643	644	697
3	670	648	742
3	648	623	742
3	691	718	757
3	742	623	775
3	718	670	757
3	670	773	757
3	670	742	773
3	742	775	773
3	630	737	698
3	630	643	737
3	704	609	693
3	643	697	704
3	643	704	737
3	737	704	766
3	737	766	751
3	704	693	766
3	646	747	693
3	747	646	754
3	747	754	801
3	693	747	766
3	766	747	813
3	813	747	801
3	751	766	813
3	813	801	838
3	751	813	823
3	823	813	896
3	838	801	875
3	789	748	923
3	716	899	748
3	923	748	942
3	942	748	972
3	748	899	972
3	972	899	1014
3	899	994	1014
3	972	1014	1072
3	874	789	923
3	874	923	942
3	917	874	942
3	917	942	1029
3	1029	942	1061
3	837	874	917
3	783	889	866
3	837	917	889
3	866	889	959
3	889	917	959
3	959	917	1029
3	866	959	978
3	978	959	1039
3	959	1029	1070
3	1039	959	1070
3	830	790	950
3	790	877	950
3	832	866	978
3	950	877	963
3	877	832	978
3	877	978	1008
3	963	877	1008
3	1008	978	1039
3	941	792	916
3	916	830	950
3	916	950	963
3	941	916	963
3	963	1008	1018
3	941	963	1030
3	941	1030	996
3	1018	1008	1034
3	1030	963	1018
3	850	792	941
3	803	850	886
3	996	850	941
3	886	850	996
3	906	886	983
3	906	983	1015
3	886	996	983
3	937	906	1015
3	729	906	811
3	880	811	937
3	937	811	906
3	896	813	838
3	838	875	931
3	838	931	949
3	896	838	949
3	931	1001	949
3	949	1001	1048
3	1014	994	1089
3	1072	1014	1089
3	972	1072	1096
3	942	972	1096
3	1072	1193	1096
3	942	1096	1061
3	1029	1061	1100
3	1029	1100	1084
3	1100	1061	1096
3	1100	1096	1146
3	1146	1096	1193
3	1100	1146	1084
3	1171	1084	1146
3	1070	1029	1084
3	1039	1070	1171
3	1084	1171	1070
3	1141	1039	1171
3	1171	1146	1186
3	1008	1039	1088
3	1034	1008	1088
3	144	163	160
3	158	160	171
3	170	173	180
3	170	167	173
3	157	172	182
3	157	152	172
3	166	157	182
3	141	157	166
3	131	157	141
3	140	152	157
3	114	140	131
3	131	140	157
3	92	97	115
3	92	91	97
3	129	135	144
3	117	124	135
3	129	115	135
3	115	117	135
3	92	115	129
3	112	92	129
3	112	96	92
3	96	112	119
3	120	132	114
3	114	106	120
3	99	98	114
3	98	106	114
3	98	73	106
3	130	131	141
3	130	99	131
3	122	99	130
3	99	114	131
3	76	92	96
3	72	91	92
3	76	72	92
3	58	91	72
3	39	58	72
3	76	39	72
3	62	45	76
3	32	39	76
3	46	45	62
3	45	32	76
3	46	35	45
3	33	49	51
3	41	33	51
3	70	98	99
3	70	73	98
3	67	70	99
3	70	49	73
3	67	49	70
3	51	49	67
3	35	12	45
3	12	32	45
3	33	37	49
3	46	28	35
3	37	28	46
3	34	33	41
3	28	25	35
3	25	12	35
3	33	28	37
3	25	28	33
3	34	25	33
3	1840	1845	1869
3	1820	1830	1845
3	1840	1820	1845
3	1802	1820	1840
3	1820	1797	1830
3	1797	1822	1830
3	1782	1797	1820
3	1844	1840	1869
3	1854	1842	1872
3	1842	1844	1872
3	1809	1808	1842
3	1842	1808	1844
3	1806	1840	1844
3	1808	1806	1844
3	1854	1809	1842
3	1836	1809	1854
3	1836	1804	1809
3	1792	1804	1836
3	1682	1710	1717
3	1717	1688	1682
3	1802	1782	1820
3	1767	1797	1782
3	1767	1753	1797
3	1737	1767	1782
3	1700	1753	1767
3	1710	1700	1767
3	1717	1710	1737
3	1737	1710	1767
3	1710	1682	1700
3	1792	1755	1804
3	1755	1757	1804
3	1770	1730	1792
3	1730	1755	1792
3	1666	1757	1755
3	1674	1755	1730
3	1674	1666	1755
3	1681	1758	1776
3	1681	1707	1758
3	1758	1773	1776
3	1768	1773	1758
3	1747	1768	1758
3	1768	1769	1773
3	1758	1707	1747
3	1760	1769	1768
3	1712	1768	1747
3	1723	1760	1768
3	1712	1723	1768
3	1731	1716	1760
3	1723	1731	1760
3	1723	1701	1731
3	1704	1731	1701
3	1704	1693	1731
3	1693	1716	1731
3	1690	1750	1667
3	1690	1725	1750
3	1690	1658	1725
3	1761	1750	1788
3	1788	1774	1791
3	1750	1774	1788
3	1739	1750	1761
3	1725	1774	1750
3	1739	1667	1750
3	1787	1788	1791
3	1784	1787	1791
3	1787	1746	1761
3	1787	1761	1788
3	1746	1787	1784
3	1746	1713	1761
3	1762	1746	1784
3	1759	1748	1762
3	1748	1746	1762
3	1664	1746	1748
3	1692	1775	1777
3	1721	1692	1777
3	1692	1759	1775
3	1692	1748	1759
3	1685	1692	1721
3	1692	1664	1748
3	1772	1752	1777
3	1752	1721	1777
3	1657	1752	1772
3	1657	1642	1752
3	1642	1672	1752
3	1526	1642	1657
3	1564	1530	1511
3	1511	1521	1611
3	1511	1430	1521
3	1430	1485	1521
3	1430	1417	1485
3	1589	1700	1682
3	1589	1676	1700
3	1611	1589	1682
3	1671	1611	1682
3	1671	1682	1688
3	1564	1671	1688
3	1624	1564	1688
3	1564	1511	1671
3	1511	1611	1671
3	1544	1633	1674
3	1633	1666	1674
3	1544	1596	1633
3	1561	1596	1544
3	1561	1508	1596
3	1494	1561	1544
3	1494	1508	1561
3	1450	1494	1544
3	1471	1508	1494
3	1497	1499	1542
3	1499	1455	1463
3	1483	1499	1497
3	1550	1542	1575
3	1542	1529	1575
3	1463	1529	1542
3	1463	1500	1529
3	1499	1463	1542
3	1678	1625	1707
3	1638	1678	1681
3	1681	1678	1707
3	1638	1681	1591
3	1554	1678	1638
3	1532	1625	1678
3	1554	1532	1678
3	1529	1554	1638
3	1575	1529	1638
3	1500	1387	1529
3	1701	1656	1704
3	1687	1693	1704
3	1687	1704	1656
3	1667	1687	1690
3	1687	1643	1693
3	1687	1658	1690
3	1656	1658	1687
3	1576	1578	1642
3	1576	1642	1526
3	1576	1545	1578
3	1545	1576	1526
3	1490	1545	1526
3	1335	1227	1379
3	1227	1356	1379
3	1221	1227	1335
3	1278	1235	1356
3	1227	1278	1356
3	1430	1511	1530
3	1440	1430	1530
3	1379	1430	1440
3	1379	1417	1430
3	1379	1401	1417
3	1356	1369	1379
3	1379	1369	1401
3	1457	1471	1494
3	1483	1457	1491
3	1398	1494	1450
3	1398	1491	1494
3	1457	1494	1491
3	1491	1455	1499
3	1483	1491	1499
3	1398	1455	1491
3	1380	1463	1455
3	1453	1545	1490
3	142	112	129
3	114	132	140
3	140	155	152
3	1806	1802	1840
3	1717	1737	1738
3	1804	1757	1809
3	1757	1666	1726
3	1735	1681	1776
3	1776	1773	1751
3	1716	1680	1760
3	1661	1667	1739
3	1661	1739	1761
3	1664	1713	1746
3	1628	1713	1664
3	1575	1638	1591
3	1667	1643	1687
3	1664	1692	1685
3	1637	1664	1685
3	1474	1422	1505
3	1545	1453	1503
3	1155	1167	1231
3	1118	1155	1231
3	1075	1259	1271
3	1075	1145	1259
3	1240	1075	1271
3	1042	1075	1240
3	1042	1044	1075
3	1124	1042	1240
3	1220	1124	1240
3	1217	1132	1246
3	1124	1220	1246
3	1147	1132	1217
3	1132	1124	1246
3	1158	1132	1147
3	1063	1124	1132
3	1068	1063	1132
3	1158	1068	1132
3	1063	1042	1124
3	960	1042	1063
3	1112	1147	1199
3	1158	1147	1112
3	1074	1158	1112
3	1101	1068	1158
3	1102	1101	1158
3	1074	1102	1158
3	1101	1102	1104
3	1066	1104	1102
3	1071	1101	1104
3	1071	1068	1101
3	1041	1066	1102
3	1074	1041	1102
3	1066	1069	1104
3	1016	1068	1071
3	1010	1041	1074
3	1065	1016	1071
3	1066	1035	1069
3	1041	1035	1066
3	912	970	1031
3	915	873	1031
3	873	912	1031
3	970	912	980
3	912	927	980
3	873	927	912
3	1042	960	1044
3	960	891	1044
3	824	865	891
3	1012	960	1063
3	1016	1063	1068
3	1016	1012	1063
3	881	1012	1016
3	881	960	1012
3	934	881	1016
3	881	891	960
3	887	881	934
3	902	849	887
3	1065	987	1016
3	1009	1035	1041
3	1010	1009	1041
3	987	934	1016
3	981	1009	1010
3	981	920	1009
3	920	943	1009
3	905	943	920
3	902	887	934
3	904	913	905
3	859	905	920
3	902	904	905
3	859	902	905
3	859	849	902
3	1009	1006	1035
3	952	1006	1009
3	943	952	1009
3	943	929	952
3	905	929	943
3	840	687	873
3	687	796	873
3	796	927	873
3	687	728	796
3	793	687	840
3	687	702	728
3	689	649	687
3	649	702	687
3	673	699	574
3	822	660	781
3	680	660	822
3	660	620	781
3	620	699	781
3	620	574	699
3	865	822	891
3	824	680	865
3	680	822	865
3	683	680	824
3	619	660	680
3	640	680	683
3	640	619	680
3	768	881	887
3	849	768	887
3	881	824	891
3	768	824	881
3	705	768	849
3	768	765	824
3	765	683	824
3	695	768	705
3	695	765	768
3	695	683	765
3	788	849	859
3	788	663	849
3	663	705	849
3	610	705	663
3	614	695	705
3	610	614	705
3	611	649	689
3	611	702	649
3	611	621	702
3	451	454	611
3	454	621	611
3	454	540	621
3	454	446	540
3	451	372	454
3	404	446	454
3	372	404	454
3	407	372	451
3	429	460	489
3	429	430	460
3	574	606	673
3	574	450	606
3	445	574	593
3	445	450	574
3	450	489	606
3	450	429	489
3	429	450	409
3	445	409	450
3	401	429	409
3	604	660	619
3	620	570	574
3	604	620	660
3	570	593	574
3	620	569	570
3	604	569	620
3	577	619	640
3	573	640	683
3	614	490	695
3	573	683	695
3	535	573	695
3	490	535	695
3	610	468	614
3	468	490	614
3	550	468	610
3	448	468	550
3	331	468	448
3	610	663	636
3	481	551	636
3	636	550	610
3	551	550	636
3	481	479	551
3	448	550	551
3	479	448	551
3	387	407	441
3	387	367	407
3	367	372	407
3	346	367	387
3	355	346	387
3	353	372	367
3	346	353	367
3	378	387	412
3	378	355	387
3	394	355	378
3	362	355	394
3	310	362	326
3	310	346	355
3	310	355	362
3	429	401	430
3	401	398	430
3	398	413	430
3	394	413	398
3	362	394	398
3	401	365	398
3	365	362	398
3	331	397	468
3	1516	1537	1601
3	1480	1537	1516
3	1480	1478	1537
3	1531	1652	1639
3	1531	1539	1652
3	1516	1601	1652
3	1539	1516	1652
3	1539	1432	1516
3	1531	1510	1539
3	1510	1432	1539
3	1622	1531	1649
3	1649	1531	1639
3	1543	1563	1622
3	1563	1531	1622
3	1468	1531	1563
3	1423	1510	1531
3	1468	1423	1531
3	1479	1468	1563
3	1484	1543	1573
3	1479	1563	1543
3	1456	1479	1543
3	1484	1456	1543
3	1382	1478	1357
3	1253	1382	1357
3	1120	1307	1253
3	1357	1478	1480
3	1426	1480	1516
3	1426	1357	1480
3	1243	1357	1426
3	1243	1253	1357
3	1243	1160	1253
3	1432	1426	1516
3	1432	1301	1426
3	1479	1286	1468
3	1396	1413	1479
3	1396	1456	1484
3	1456	1396	1479
3	1254	1396	1367
3	1254	1200	1396
3	1367	1484	1488
3	1367	1488	1353
3	1367	1396	1484
3	1353	1304	1367
3	1302	1304	1353
3	1304	1254	1367
3	1302	1167	1304
3	1184	1254	1304
3	1167	1184	1304
3	1120	1253	1160
3	1120	1205	1307
3	1023	1205	1120
3	1142	1023	1120
3	1057	1023	1142
3	1120	1057	1142
3	1017	1057	1120
3	1152	1184	1167
3	1184	1083	1254
3	1152	1052	1184
3	1094	1083	1184
3	1052	1094	1184
3	1155	1152	1167
3	1052	1152	1155
3	1067	1052	1155
3	1052	965	1094
3	1075	1044	1145
3	1118	1067	1155
3	1032	1118	1145
3	1032	1067	1118
3	1044	1032	1145
3	1069	1106	1104
3	1091	1071	1104
3	1091	1065	1071
3	1037	1065	1091
3	1022	1037	1091
3	1106	1091	1104
3	1091	1106	1115
3	1076	1022	1091
3	1076	1091	1115
3	1069	1035	1106
3	1035	1086	1106
3	1055	1106	1086
3	1055	1090	1106
3	1035	1006	1086
3	1006	1055	1086
3	1017	883	1057
3	915	1023	1057
3	883	915	1057
3	915	1031	1023
3	840	873	915
3	883	840	915
3	1002	965	1052
3	961	1052	1067
3	1044	940	1032
3	891	861	940
3	891	822	861
3	904	902	913
3	905	913	929
3	993	1024	1055
3	1006	993	1055
3	883	793	840
3	834	793	883
3	689	687	793
3	606	700	673
3	413	394	422
3	1423	1432	1510
3	1301	1243	1426
3	1423	1301	1432
3	1413	1286	1479
3	1396	1200	1413
3	883	1017	834
3	784	756	826
3	812	784	857
3	713	756	784
3	661	784	812
3	661	713	784
3	661	624	713
3	624	588	713
3	826	814	851
3	826	756	814
3	814	786	851
3	736	786	814
3	712	736	814
3	756	712	814
3	712	616	736
3	713	712	756
3	588	712	713
3	616	632	736
3	588	583	712
3	583	616	712
3	786	762	787
3	721	786	736
3	736	632	721
3	786	674	762
3	674	786	721
3	721	669	674
3	632	669	721
3	1054	1015	1151
3	1159	1060	1188
3	1275	1998	1281
3	1197	1320	1299
3	1486	1555	1498
3	1796	1783	1807
3	1807	1783	1814
3	1813	1817	1824
3	20	19	21
3	10	8	20
3	809	841	878
3	875	809	878
3	841	854	878
3	854	846	907
3	984	925	969
3	925	880	969
3	969	880	937
3	894	845	925
3	925	856	880
3	846	890	907
3	846	860	890
3	907	936	964
3	957	907	964
3	957	964	1021
3	878	854	907
3	875	878	945
3	931	875	945
3	878	907	957
3	945	878	957
3	931	945	1001
3	945	957	1036
3	957	1021	1036
3	1001	945	1036
3	1001	1046	1060
3	1001	1036	1046
3	1174	1085	1154
3	1119	1085	1208
3	1085	1174	1208
3	1255	1208	1329
3	1027	1054	1079
3	969	1015	1054
3	1079	1054	1130
3	1130	1054	1151
3	1079	1130	1157
3	1095	1079	1157
3	1130	1151	1157
3	1157	1179	1194
3	1179	1157	1162
3	1162	1157	1151
3	1162	1151	1275
3	1162	1275	1179
3	1194	1179	1297
3	964	1058	1082
3	1082	1058	1113
3	1082	1113	1195
3	1195	1113	1212
3	1195	1212	1245
3	1212	1192	1298
3	964	1082	1021
3	1036	1021	1110
3	1110	1021	1082
3	1060	1046	1110
3	1046	1036	1110
3	1060	1110	1188
3	1110	1082	1164
3	1164	1082	1178
3	1188	1110	1164
3	1159	1188	1213
3	1197	1159	1213
3	1188	1164	1213
3	1164	1178	1224
3	1213	1164	1224
3	1486	1354	1489
3	1208	1174	1285
3	1208	1285	1329
3	1297	1179	1310
3	1179	1275	1281
3	1179	1281	1310
3	1198	1279	1308
3	1308	1279	1352
3	1297	1310	1352
3	1279	1297	1352
3	1352	1310	1281
3	1375	1308	1352
3	1281	1386	1352
3	1386	1375	1352
3	1192	1308	1298
3	1245	1212	1267
3	1267	1212	1298
3	1245	1267	1311
3	1272	1292	1316
3	1267	1298	1316
3	1292	1267	1316
3	1272	1260	1292
3	1267	1292	1311
3	1292	1260	1311
3	1316	1298	1375
3	1298	1308	1375
3	1197	1213	1320
3	1245	1311	1295
3	1311	1260	1364
3	1295	1311	1364
3	1344	1295	1364
3	1207	1295	1344
3	1364	1260	1299
3	1207	1344	1418
3	1299	1344	1364
3	1299	1320	1418
3	1344	1299	1418
3	1224	1424	1213
3	1320	1213	1424
3	1489	1603	1997
3	1486	1489	1997
3	1486	1997	1555
3	1603	1489	1583
3	1555	1997	1623
3	1603	1583	1627
3	1636	1997	1603
3	1623	1997	1650
3	1603	1627	1636
3	1650	1997	1636
3	1418	1320	1424
3	1650	1636	1720
3	1627	1715	1636
3	1720	1636	1715
3	1715	1995	1720
3	1715	1785	1995
3	1796	1807	1811
3	1843	1865	1850
3	1865	1866	1850
3	1866	1865	1871
3	1879	1850	1866
3	1862	1850	1879
3	1818	1812	1807
3	1811	1807	1812
3	1818	1807	1821
3	1807	1814	1825
3	1821	1807	1825
3	1818	1821	1829
3	1829	1821	1841
3	1825	1814	1843
3	1818	1829	1834
3	1841	1821	1825
3	1841	1825	1848
3	1825	1843	1850
3	1841	1849	1829
3	1848	1825	1850
3	1805	1811	1813
3	1796	1811	1805
3	1811	1812	1818
3	1815	1811	1818
3	1813	1811	1817
3	1817	1811	1819
3	1811	1815	1819
3	1817	1819	1824
3	1819	1815	1826
3	1824	1819	1833
3	1819	1826	1831
3	1815	1818	1834
3	1826	1815	1838
3	1815	1834	1838
3	1819	1831	1837
3	1833	1819	1837
3	1833	1837	1856
3	1824	1833	1857
3	1833	1861	1857
3	1861	1833	1856
3	1861	1856	1883
3	1879	1866	1899
3	1912	1879	1899
3	1866	1871	1899
3	1899	1871	1908
3	1899	1908	1928
3	1928	1908	1953
3	1908	1945	1953
3	1912	1899	1928
3	1857	1861	1898
3	1861	1883	1898
3	1883	1907	1914
3	1898	1914	1922
3	1898	1883	1914
3	1922	1914	1941
3	1914	1907	1941
3	1929	1922	1941
3	1912	1928	1962
3	1928	1953	1962
3	1962	1953	1979
3	1953	1945	1976
3	1953	1976	1979
3	1976	1978	1991
3	1979	1976	1991
3	1979	1991	1992
3	1975	1979	1992
3	1929	1984	1967
3	1978	1984	1991
3	1984	1961	1982
3	1984	1982	1994
3	1982	1990	1994
3	1991	1984	1994
3	1992	1991	1994
3	1929	1941	1961
3	1929	1961	1984
3	8	0	4
3	8	4	14
3	20	8	14
3	20	14	19
3	13	9	10
3	669	608	674
3	762	690	763
3	679	690	762
3	674	679	762
3	622	690	679
3	622	659	690
3	674	608	679
3	690	672	709
3	672	665	711
3	659	672	690
3	635	605	652
3	612	553	698
3	505	565	612
3	529	605	635
3	605	505	612
3	529	505	605
3	553	520	630
3	565	553	612
3	505	431	565
3	443	520	553
3	431	443	565
3	443	553	565
3	443	499	520
3	427	471	499
3	381	427	499
3	443	381	499
3	431	381	443
3	471	427	500
3	427	338	500
3	417	472	482
3	392	417	482
3	410	392	482
3	557	546	676
3	557	543	546
3	417	453	543
3	576	667	676
3	546	576	676
3	546	564	576
3	543	537	546
3	603	572	654
3	576	547	654
3	547	603	654
3	517	572	603
3	547	517	603
3	517	504	572
3	484	517	547
3	517	492	504
3	484	492	517
3	539	563	639
3	572	539	819
3	504	539	572
3	442	498	563
3	442	539	504
3	539	442	563
3	442	438	498
3	405	442	504
3	414	438	442
3	414	442	405
3	414	350	438
3	627	503	624
3	498	627	563
3	498	503	627
3	419	503	498
3	438	419	498
3	419	521	503
3	375	406	521
3	616	602	632
3	455	602	616
3	433	616	583
3	433	455	616
3	521	433	583
3	388	486	455
3	521	406	433
3	632	602	669
3	513	608	669
3	602	513	669
3	541	559	608
3	513	541	608
3	486	513	602
3	455	486	602
3	513	439	541
3	486	439	513
3	388	396	486
3	396	439	486
3	396	363	439
3	608	622	679
3	622	597	659
3	608	559	622
3	559	597	622
3	597	542	659
3	541	464	559
3	559	464	597
3	464	424	597
3	439	464	541
3	424	437	597
3	439	424	464
3	641	628	665
3	672	641	665
3	659	638	672
3	638	641	672
3	659	582	638
3	571	628	641
3	638	571	641
3	582	571	638
3	597	437	542
3	628	651	665
3	628	586	651
3	578	587	586
3	571	476	628
3	554	586	628
3	476	554	628
3	578	516	587
3	554	578	586
3	554	516	578
3	476	459	554
3	459	423	554
3	423	516	554
3	408	459	476
3	522	534	567
3	511	522	567
3	548	511	567
3	511	548	549
3	516	511	549
3	522	465	534
3	423	511	516
3	511	465	522
3	423	465	511
3	544	548	567
3	528	567	584
3	528	544	567
3	579	528	584
3	483	528	579
3	510	483	579
3	510	291	483
3	458	291	510
3	270	338	427
3	381	270	427
3	309	338	270
3	252	270	381
3	282	252	381
3	198	309	270
3	270	208	198
3	252	208	270
3	307	410	379
3	338	309	379
3	273	301	307
3	309	257	379
3	257	307	379
3	307	250	273
3	257	250	307
3	198	257	309
3	250	251	273
3	199	251	250
3	356	417	392
3	307	301	410
3	301	392	410
3	301	342	392
3	342	356	392
3	301	239	342
3	239	299	342
3	251	239	301
3	251	301	273
3	350	414	405
3	305	350	366
3	350	322	438
3	438	348	419
3	322	348	438
3	312	322	350
3	322	294	348
3	286	294	322
3	312	286	322
3	419	375	521
3	348	375	419
3	375	294	406
3	294	340	406
3	348	294	375
3	294	332	340
3	286	284	294
3	368	388	455
3	433	368	455
3	406	368	433
3	406	340	368
3	368	332	388
3	340	332	368
3	363	359	439
3	388	369	396
3	363	303	359
3	344	303	363
3	333	344	363
3	359	424	439
3	359	382	424
3	359	349	382
3	264	349	359
3	303	264	359
3	249	264	303
3	249	303	344
3	249	237	264
3	382	329	424
3	382	349	329
3	349	304	329
3	272	329	304
3	349	279	304
3	279	272	304
3	264	279	349
3	237	279	264
3	241	272	279
3	343	423	459
3	408	343	459
3	272	319	329
3	319	287	343
3	287	300	343
3	272	287	319
3	246	287	241
3	225	246	241
3	225	234	246
3	343	300	423
3	300	287	339
3	287	267	339
3	287	246	267
3	246	233	267
3	327	377	483
3	291	327	483
3	217	210	291
3	235	327	291
3	210	235	291
3	191	208	252
3	197	191	252
3	180	198	208
3	175	180	208
3	178	191	197
3	191	175	208
3	178	175	191
3	204	250	257
3	198	204	257
3	207	199	250
3	204	207	250
3	204	194	207
3	185	194	204
3	198	180	204
3	180	173	204
3	173	185	204
3	173	174	185
3	239	186	299
3	190	186	239
3	251	190	239
3	199	190	251
3	194	199	207
3	194	166	199
3	182	190	199
3	166	182	199
3	182	186	190
3	182	172	186
3	237	228	279
3	215	233	246
3	178	171	175
3	690	709	755
3	672	711	709
3	417	399	453
3	492	411	504
3	411	405	504
3	587	625	586
3	544	549	548
3	356	399	417
3	342	299	356
3	366	350	405
3	312	350	305
3	293	286	312
3	333	363	396
3	4	16	30
3	1978	1967	1984
3	1931	1929	1967
3	1940	1967	1978
3	1940	1931	1967
3	1945	1978	1976
3	1945	1940	1978
3	1878	1898	1922
3	1878	1852	1898
3	1852	1857	1898
3	1943	1929	1931
3	1909	1931	1940
3	1931	1909	1943
3	1893	1929	1943
3	1929	1893	1922
3	1909	1901	1943
3	1901	1893	1943
3	1893	1878	1922
3	1888	1901	1909
3	1888	1876	1901
3	1876	1893	1901
3	1876	1878	1893
3	1908	1902	1945
3	1902	1905	1945
3	1905	1940	1945
3	1905	1909	1940
3	1870	1902	1908
3	1895	1909	1905
3	1902	1858	1905
3	1858	1894	1905
3	1870	1858	1902
3	1871	1870	1908
3	1865	1870	1871
3	1851	1867	1858
3	1835	1857	1852
3	1835	1824	1857
3	1876	1852	1878
3	1860	1852	1876
3	1835	1852	1839
3	1816	1813	1835
3	1813	1824	1835
3	1816	1835	1839
3	1801	1816	1839
3	1865	1858	1870
3	1858	1846	1851
3	1846	1858	1865
3	1827	1832	1851
3	1846	1827	1851
3	1843	1846	1865
3	1843	1823	1846
3	1823	1827	1846
3	1827	1810	1832
3	1800	1823	1843
3	1827	1799	1810
3	1823	1800	1827
3	1800	1803	1827
3	1743	1805	1813
3	1771	1813	1816
3	1771	1743	1813
3	1801	1771	1816
3	1743	1796	1805
3	1743	1719	1796
3	1719	1783	1796
3	1705	1743	1771
3	1705	1719	1743
3	1814	1728	1843
3	1728	1800	1843
3	1783	1728	1814
3	1728	1727	1800
3	1727	1803	1800
3	1719	1728	1783
3	1719	1691	1728
3	1728	1691	1727
3	1646	1644	1727
3	1648	1691	1719
3	1803	1799	1827
3	1803	1749	1799
3	1644	1749	1803
3	1727	1644	1803
3	1718	1720	1744
3	1724	1744	1790
3	1718	1650	1720
3	1673	1718	1744
3	1724	1673	1744
3	1794	1995	1795
3	1778	1789	1795
3	1794	1795	1789
3	1781	1789	1778
3	1785	1778	1795
3	1995	1785	1795
3	1683	1778	1785
3	1790	1744	1794
3	1790	1794	1789
3	1794	1720	1995
3	1744	1720	1794
3	1715	1683	1785
3	1703	1778	1683
3	1630	1703	1683
3	1571	1598	1614
3	1571	1502	1598
3	1465	1571	1551
3	1465	1502	1571
3	1465	1411	1502
3	1705	1648	1719
3	1598	1584	1614
3	1523	1524	1584
3	1502	1584	1598
3	1502	1523	1584
3	1475	1524	1523
3	1448	1523	1502
3	1691	1646	1727
3	1568	1646	1691
3	1648	1568	1691
3	1574	1644	1646
3	1515	1574	1646
3	1584	1568	1648
3	1568	1515	1646
3	1515	1533	1574
3	1524	1568	1584
3	1515	1437	1533
3	1524	1515	1568
3	1437	1458	1533
3	1524	1443	1515
3	1515	1443	1437
3	1475	1443	1524
3	1574	1533	1588
3	1533	1517	1588
3	1533	1462	1517
3	1458	1462	1533
3	1428	1525	1517
3	1613	1451	1579
3	1514	1451	1613
3	1439	1451	1514
3	1579	1512	1618
3	1451	1512	1579
3	1694	1673	1724
3	1673	1538	1718
3	1718	1538	1650
3	1538	1623	1650
3	1498	1555	1623
3	1594	1509	1673
3	1509	1538	1673
3	1538	1498	1623
3	1509	1498	1538
3	1509	1374	1498
3	1627	1683	1715
3	1627	1583	1683
3	1583	1630	1683
3	1391	1610	1630
3	1583	1429	1630
3	1429	1391	1630
3	1583	1489	1429
3	1498	1394	1486
3	1354	1429	1489
3	1272	1219	1260
3	1260	1197	1299
3	1247	1219	1272
3	1350	1314	1406
3	1314	1421	1406
3	1314	1316	1421
3	1421	1316	1375
3	1350	1247	1314
3	1272	1316	1314
3	1272	1314	1247
3	1263	1176	1247
3	1411	1448	1502
3	1421	1411	1465
3	1406	1421	1465
3	1411	1998	1448
3	1421	1386	1411
3	1386	1281	1411
3	1281	1998	1411
3	1375	1386	1421
3	1998	1351	1381
3	1448	1381	1523
3	1523	1381	1475
3	1998	1381	1448
3	1381	1300	1475
3	1381	1258	1300
3	1258	1211	1300
3	1351	1258	1381
3	1998	1275	1351
3	1475	1300	1443
3	1437	1329	1458
3	1365	1437	1443
3	1365	1255	1437
3	1255	1329	1437
3	1300	1336	1443
3	1336	1365	1443
3	1365	1182	1255
3	1336	1182	1365
3	1300	1139	1336
3	1139	1182	1336
3	1211	1139	1300
3	1324	1428	1517
3	1462	1324	1517
3	1458	1329	1462
3	1285	1324	1462
3	1329	1285	1462
3	1174	1324	1285
3	1428	1322	1377
3	1309	1434	1377
3	1324	1322	1428
3	1322	1309	1377
3	1174	1161	1324
3	1161	1322	1324
3	1270	1291	1309
3	1161	1270	1309
3	1161	1309	1322
3	1141	1171	1270
3	1466	1374	1509
3	1374	1394	1498
3	1388	1374	1466
3	1388	1339	1374
3	1374	1339	1394
3	1349	1391	1429
3	1354	1349	1429
3	1349	1378	1391
3	1340	1378	1349
3	1339	1354	1394
3	1349	1343	1340
3	1340	1339	1362
3	1340	1343	1339
3	1343	1354	1339
3	1354	1343	1349
3	1219	1197	1260
3	1176	1219	1247
3	1129	1197	1219
3	1176	1129	1219
3	1129	1159	1197
3	1999	1176	1216
3	1097	1176	1999
3	1060	1159	1129
3	1097	1129	1176
3	1129	1048	1060
3	1097	1048	1129
3	949	1048	1097
3	1168	1211	1258
3	1351	1168	1258
3	1275	1168	1351
3	1151	1168	1275
3	1151	1109	1168
3	1015	1109	1151
3	1182	1208	1255
3	1119	1208	1182
3	1168	1109	1211
3	1109	1139	1211
3	1107	1182	1139
3	1107	1119	1182
3	1109	1107	1139
3	1107	1030	1119
3	983	1107	1109
3	983	996	1107
3	996	1030	1107
3	1015	983	1109
3	1018	1154	1085
3	1018	1034	1154
3	1119	1030	1085
3	1030	1018	1085
3	1161	1088	1270
3	1270	1088	1141
3	1154	1161	1174
3	1088	1039	1141
3	1034	1161	1154
3	1034	1088	1161
3	1146	1193	1239
3	1186	1146	1239
3	1048	1001	1060
3	1905	1894	1895
3	1793	1801	1839
3	1630	1610	1703
3	1551	1406	1465
3	1574	1588	1644
3	1594	1673	1694
3	1464	1466	1509
3	1263	1247	1350
3	1270	1171	1291
3	1451	1427	1512
3	1362	1339	1388
3	1045	1078	1087
3	1216	1176	1263
3	1093	1097	1999
3	1175	1093	1999
3	979	949	1097
3	845	856	925
3	1027	969	1054
3	997	984	1027
3	969	937	1015
3	984	969	1027
3	792	830	916
3	682	677	760
3	562	677	682
3	645	562	682
3	841	780	854
3	780	764	854
3	809	760	841
3	682	760	809
3	3	2	7
3	2	5	7
3	50	40	61
3	83	54	85
3	86	89	104
3	82	80	95
3	461	357	475
3	757	773	856
3	856	773	880
3	644	691	697
3	609	704	618
3	646	645	754
3	754	809	801
3	801	809	875
3	0	1	2
3	3	0	2
3	0	3	6
3	5	2	1
3	0	6	4
3	6	3	16
3	6	16	4
3	4	30	38
3	14	4	38
3	14	38	54
3	21	19	47
3	19	14	54
3	1	0	8
3	1	8	10
3	5	1	9
3	5	9	15
3	9	1	10
3	5	15	24
3	9	17	15
3	24	15	17
3	17	13	26
3	26	13	29
3	17	26	31
3	24	17	31
3	24	31	42
3	38	30	50
3	38	50	57
3	57	50	68
3	50	61	69
3	50	69	68
3	69	61	52
3	57	68	79
3	69	52	84
3	79	68	86
3	69	89	86
3	69	84	89
3	19	54	47
3	54	38	57
3	54	57	79
3	60	47	54
3	54	79	85
3	60	54	83
3	29	21	47
3	31	26	48
3	48	26	29
3	29	47	60
3	29	60	63
3	48	29	63
3	48	63	55
3	55	63	80
3	63	60	83
3	80	63	83
3	24	42	44
3	42	31	48
3	42	48	55
3	42	65	44
3	42	55	65
3	44	65	77
3	55	80	82
3	65	55	82
3	65	82	77
3	205	201	277
3	277	341	261
3	261	341	302
3	341	277	321
3	302	341	325
3	341	321	357
3	325	341	389
3	325	389	418
3	341	357	389
3	389	357	461
3	527	418	461
3	526	519	646
3	609	526	646
3	609	618	526
3	545	526	733
3	609	646	693
3	733	526	618
3	491	519	526
3	491	526	545
3	519	491	562
3	519	562	646
3	562	645	646
3	717	830	792
3	785	741	794
3	794	741	798
3	845	794	798
3	798	757	856
3	794	845	894
3	845	798	856
3	697	691	724
3	726	724	741
3	697	724	726
3	697	726	744
3	724	691	757
3	744	726	799
3	726	785	799
3	726	741	785
3	741	724	798
3	724	757	798
3	618	692	710
3	692	618	704
3	692	697	744
3	704	697	692
3	710	692	744
3	710	744	774
3	774	744	800
3	733	774	764
3	733	710	774
3	744	799	821
3	774	800	764
3	800	744	821
3	764	800	846
3	764	846	854
3	618	710	733
3	754	645	809
3	645	682	809
3	760	677	841
3	859	920	843
3	1394	1354	1486
3	417	543	472
3	272	241	287
3	68	69	86
3	418	389	461
3	810	884	895
3	810	853	884
