-0.32345	-0.71905	0.13648
-0.33118	-0.7201	0.11381
-0.34563	-0.71187	0.13809
-0.30233	-0.70838	0.10939
0.59973	-0.55643	0.16127
-0.29865	-0.70565	0.1268
0.63527	-0.56211	0.10908
0.62946	-0.5545	0.13296
0.60049	-0.55258	0.11695
0.64167	-0.55422	0.087829
0.68963	-0.54567	0.021065
0.71767	-0.54275	0.0027092
0.66226	-0.5513	0.077414
0.69749	-0.54368	0.035404
-0.31047	-0.70323	0.14609
0.56824	-0.54691	0.16781
0.60874	-0.53293	0.20054
0.70246	-0.52898	-0.02402
0.57735	-0.54125	0.18734
-0.39273	-0.70165	0.12029
-0.39159	-0.69532	0.090061
0.73011	-0.52803	-0.023328
-0.36264	-0.69761	0.11836
0.64313	-0.5335	0.059368
-0.27477	-0.6833	0.10405
-0.2656	-0.66636	0.1286
-0.34254	-0.67167	0.065723
-0.35227	-0.70333	0.10179
0.71062	-0.51429	0.078941
-0.28773	-0.68298	0.14552
-0.30346	-0.67156	0.07252
0.75165	-0.51278	0.015853
-0.40573	-0.69463	0.11425
0.64353	-0.51661	0.029772
0.67865	-0.51258	0.1388
0.6327	-0.52865	0.19536
-0.34745	-0.66887	0.14026
0.59112	-0.53556	0.11499
0.75286	-0.49943	-0.009058
0.67093	-0.51478	-0.0035304
-0.36492	-0.6829	0.12862
0.59449	-0.52839	0.19733
-0.28529	-0.66123	0.073284
0.59328	-0.50874	0.23379
0.60184	-0.51862	0.23999
0.7367	-0.4909	0.094657
0.62718	-0.51572	0.2241
0.71763	-0.51174	-0.030842
0.73218	-0.49559	-0.024404
0.66948	-0.49277	-0.01296
0.61258	-0.51638	0.077771
0.58703	-0.49886	0.16578
-0.39584	-0.66861	0.079166
-0.30987	-0.66441	0.15456
-0.39157	-0.67432	0.11786
-0.24551	-0.62522	0.1427
0.7583	-0.49608	0.044981
0.72356	-0.4805	0.14544
-0.25272	-0.63444	0.089967
-0.40038	-0.66339	0.097648
0.59628	-0.50993	0.099786
0.57612	-0.51806	0.14033
-0.3665	-0.64401	0.12693
0.64249	-0.49224	0.23103
-0.27954	-0.64568	0.15651
0.73946	-0.47608	0.10725
0.63562	-0.49562	0.01618
0.75429	-0.47676	0.021246
0.74489	-0.4647	0.078723
-0.30266	-0.63208	0.15298
0.60255	-0.47346	0.099392
-0.37745	-0.65198	0.056862
0.70061	-0.47094	-0.016037
0.68501	-0.47969	0.20398
0.68006	-0.47873	-0.018922
0.59338	-0.47781	0.17534
0.61109	-0.48886	0.054526
0.58695	-0.49327	0.13092
-0.23938	-0.62463	0.12609
-0.39923	-0.64043	0.10659
-0.4387	-0.64868	0.090237
0.64861	-0.48742	-0.0071599
0.73042	-0.44547	0.028517
0.63262	-0.47869	-0.024067
-0.32466	-0.63186	0.05097
0.7019	-0.46271	0.20222
-0.36528	-0.62529	0.04074
0.61517	-0.48535	0.013788
0.61859	-0.4814	-0.025806
-0.2349	-0.61986	0.10921
0.65681	-0.46608	-0.031144
0.70851	-0.44777	0.0023216
-0.20223	-0.60375	0.12938
0.57933	-0.47828	0.023586
0.62994	-0.48059	0.23476
-0.25838	-0.61782	0.15954
-0.23517	-0.61198	0.088702
0.71895	-0.457	0.13372
0.59784	-0.46737	0.074442
0.6602	-0.45299	0.23182
0.6413	-0.46236	0.24864
-0.20186	-0.60331	0.078471
0.59207	-0.47459	0.04275
0.72547	-0.44107	0.072073
-0.28355	-0.59574	0.16251
-0.27914	-0.59464	0.058289
0.623	-0.46113	-0.042377
-0.20421	-0.60411	0.057572
-0.17546	-0.58956	0.080932
0.60151	-0.47442	0.20428
0.58372	-0.4742	-0.01473
-0.17468	-0.59658	0.048845
-0.25407	-0.60134	0.069954
0.57477	-0.44181	-0.048778
-0.16644	-0.57695	0.10803
-0.42657	-0.62381	0.067034
0.61939	-0.44806	0.1655
-0.19306	-0.58882	0.0058183
-0.23387	-0.60965	0.15534
0.62157	-0.45885	0.19809
-0.32103	-0.60518	0.14303
-0.4223	-0.63453	0.060357
-0.42278	-0.61517	0.081847
-0.21344	-0.59249	0.015684
0.54985	-0.45844	0.041819
-0.15328	-0.57409	0.022825
0.55548	-0.45838	-0.017081
0.70101	-0.44427	0.16736
0.68434	-0.45698	-0.02003
0.61332	-0.45528	0.12877
-0.23962	-0.58031	0.18387
0.68745	-0.43968	0.20123
-0.28013	-0.57579	0.050279
0.53768	-0.45548	0.016768
0.56504	-0.45242	0.060355
0.69725	-0.43252	0.11743
-0.21003	-0.58443	0.16564
-0.15097	-0.53884	0.13492
-0.4354	-0.59809	0.056647
0.64828	-0.4355	0.20417
0.70944	-0.43031	0.028783
-0.1841	-0.57277	-0.0076898
0.69563	-0.4311	-0.0038223
0.60027	-0.44054	0.097081
-0.25957	-0.57244	0.17809
0.68857	-0.43585	0.15225
-0.43546	-0.60827	0.06828
-0.25802	-0.58038	0.020625
0.61695	-0.44237	0.10806
-0.33287	-0.58471	0.035458
-0.30214	-0.56829	0.14692
0.63356	-0.43525	0.17794
-0.24493	-0.56449	-0.016506
0.63848	-0.43094	0.13152
0.63852	-0.43156	-0.051597
0.67012	-0.42565	0.19073
-0.41073	-0.59052	0.041759
-0.138	-0.55775	0.040106
0.65456	-0.4227	0.18041
-0.22032	-0.55417	-0.030577
-0.36447	-0.57506	0.034161
0.65983	-0.42297	0.13296
-0.29833	-0.55619	0.049516
-0.35699	-0.56454	0.1138
0.69234	-0.41952	0.082998
0.65858	-0.41794	0.10557
0.67865	-0.41676	-0.02798
-0.40376	-0.57003	0.084778
0.57338	-0.40988	-0.067617
-0.14235	-0.54418	0.0009381
0.51676	-0.42437	0.052787
0.69811	-0.41301	0.032562
0.68371	-0.40294	0.065578
0.5163	-0.43833	-0.016934
0.62818	-0.42919	0.11126
-0.20258	-0.54046	0.18051
-0.13435	-0.53368	0.10856
-0.24701	-0.55267	0.18848
-0.27594	-0.56405	0.012663
-0.17928	-0.53136	-0.032001
0.66491	-0.40036	0.084147
0.69171	-0.40445	0.0030263
0.6174	-0.40274	-0.063401
-0.17029	-0.52143	0.1629
-0.41158	-0.56608	0.072479
0.51788	-0.42662	-0.045887
0.56217	-0.41167	0.096891
-0.13187	-0.53093	0.0040357
0.61073	-0.40741	0.10609
0.64328	-0.39199	-0.049692
-0.33914	-0.55864	0.039729
-0.25486	-0.54217	-0.017605
0.52527	-0.40788	-0.063913
0.50145	-0.43055	0.018596
-0.40013	-0.56637	0.046102
0.64302	-0.39583	0.093111
-0.25936	-0.54335	0.164
-0.3029	-0.53145	0.019785
-0.11829	-0.51609	0.085414
0.68291	-0.38279	0.044887
-0.31572	-0.52937	0.12475
-0.32132	-0.54071	0.055145
-0.10483	-0.48882	0.055518
0.47347	-0.40747	-0.03379
-0.22412	-0.52383	-0.036114
0.68598	-0.38427	0.024704
0.59158	-0.39571	0.10978
0.65085	-0.37086	-0.036874
-0.15054	-0.50611	-0.024704
-0.36302	-0.55066	0.098255
-0.35965	-0.54136	0.076769
-0.36835	-0.55171	0.051256
0.66492	-0.35187	-0.0048331
-0.1908	-0.50263	-0.04028
0.55568	-0.36886	-0.081646
-0.30857	-0.53646	0.047733
0.48189	-0.41363	0.026381
0.666	-0.37208	0.069361
0.4784	-0.39937	-0.050287
-0.22229	-0.52805	0.18664
-0.27433	-0.48876	-0.0030567
0.54647	-0.35835	0.11936
-0.19437	-0.47918	0.15273
-0.12657	-0.48191	0.13237
0.48028	-0.39177	0.050284
-0.33698	-0.52699	0.10636
0.52364	-0.39178	0.086078
-0.11375	-0.49182	0.10461
-0.33561	-0.52713	0.079383
0.61842	-0.35287	0.097564
0.64189	-0.36401	0.086773
-0.22651	-0.48934	0.13874
0.58726	-0.36514	-0.077141
-0.10939	-0.45636	0.020074
-0.1801	-0.48174	0.16601
0.47008	-0.41097	-0.0086391
-0.29044	-0.51394	0.12625
-0.32684	-0.49862	0.10696
0.44161	-0.36953	0.022872
-0.22545	-0.48856	-0.027299
0.50714	-0.37408	-0.074969
-0.14445	-0.47019	0.15029
0.45733	-0.38354	-0.039802
-0.19835	-0.45856	-0.03124
-0.3191	-0.50963	0.05833
0.47339	-0.36751	0.060936
0.63833	-0.33001	-0.03469
-0.32663	-0.49157	0.079018
0.60275	-0.36122	0.10159
0.55907	-0.35105	0.12006
0.47651	-0.37412	-0.064545
0.64632	-0.34552	0.064397
-0.31266	-0.50194	0.031906
0.60963	-0.34447	-0.065676
0.49468	-0.35904	0.089766
-0.10316	-0.4525	0.079715
0.4562	-0.34338	0.072729
0.56472	-0.34274	-0.083797
0.43663	-0.36367	-0.016537
-0.29298	-0.47976	0.016894
0.50547	-0.34499	-0.081865
0.59073	-0.34302	0.098169
-0.32017	-0.48093	0.059247
0.63814	-0.33231	0.073814
-0.17593	-0.45597	-0.032188
-0.11397	-0.44949	0.11298
-0.16352	-0.44321	0.15105
0.66015	-0.3442	0.029983
0.46272	-0.33325	-0.066907
-0.30192	-0.47721	0.10013
0.43218	-0.34627	0.023248
-0.10212	-0.44006	0.048704
-0.15661	-0.44682	-0.028135
0.63746	-0.3059	0.013902
-0.20834	-0.42852	0.10397
0.60785	-0.31491	0.079819
-0.22019	-0.4512	-0.025547
-0.098263	-0.42809	0.013774
-0.22582	-0.44892	0.10601
-0.28905	-0.44947	0.037062
-0.1393	-0.45543	-0.014167
-0.11843	-0.44121	-0.005788
-0.17484	-0.42291	0.13559
-0.10577	-0.4316	0.078057
0.56724	-0.3308	0.10593
0.61675	-0.28162	-0.018863
0.49233	-0.29704	-0.083401
0.42503	-0.33349	-0.022075
-0.23784	-0.43902	-0.010882
0.44147	-0.33068	-0.048575
0.53778	-0.32259	0.10703
-0.30294	-0.44955	0.076276
-0.14299	-0.43049	0.1371
-0.25014	-0.43515	0.085092
0.57079	-0.30077	0.075524
0.4854	-0.33488	0.095064
-0.13494	-0.42811	-0.035037
-0.1169	-0.42762	0.10811
0.60142	-0.28352	-0.042208
0.43868	-0.33222	0.07046
0.56238	-0.3033	-0.074238
-0.10306	-0.41452	-0.027447
-0.16779	-0.42935	-0.042479
-0.27007	-0.44511	0.015892
-0.258	-0.41332	0.075455
-0.12827	-0.40788	0.098667
-0.29234	-0.44392	0.08579
0.60853	-0.28167	0.033751
0.59151	-0.29403	0.065391
0.51345	-0.31202	0.10065
-0.081019	-0.38942	0.048232
-0.10742	-0.40532	-0.060226
0.41537	-0.32333	0.0094678
-0.076077	-0.39974	0.0053056
-0.081068	-0.40348	-0.040198
-0.20115	-0.42446	-0.035126
0.42124	-0.31027	0.056381
0.53376	-0.29532	0.092963
-0.28136	-0.4243	0.070739
-0.17567	-0.40568	0.12291
0.39938	-0.31109	-0.026664
0.45953	-0.31773	-0.074788
-0.1568	-0.40728	-0.064135
0.61795	-0.28021	0.0096136
-0.14637	-0.40264	0.11074
-0.23533	-0.40427	0.081607
0.43318	-0.28166	-0.090035
-0.25656	-0.41318	0.042831
-0.10939	-0.37951	-0.067388
-0.063714	-0.38855	-0.018397
0.39756	-0.29148	-0.070398
-0.15764	-0.38976	0.092717
-0.060082	-0.37598	0.015071
0.39636	-0.29175	0.048733
-0.13939	-0.37471	-0.078445
0.53192	-0.2734	-0.067337
-0.22904	-0.41416	-0.0087855
-0.20984	-0.3982	-0.031139
-0.22315	-0.39626	0.088955
0.57205	-0.25639	0.040638
-0.090225	-0.37101	0.07203
-0.1979	-0.39579	0.10519
-0.075247	-0.36635	-0.050404
0.42742	-0.29611	0.076475
-0.19027	-0.38857	-0.054615
0.47395	-0.27879	0.095165
-0.24053	-0.39858	0.063209
0.52009	-0.27761	0.092827
-0.17104	-0.37854	-0.072852
0.58261	-0.25109	0.007072
0.55647	-0.25847	-0.041832
0.37946	-0.29636	0.0049498
0.45782	-0.26282	0.093255
0.37082	-0.29549	-0.025526
0.59432	-0.26067	-0.012543
0.49407	-0.27817	0.097409
-0.1425	-0.3714	0.081684
-0.22375	-0.39227	0.021582
-0.18311	-0.38253	0.079826
0.55738	-0.24676	-0.023824
-0.22937	-0.40349	0.0073422
-0.1092	-0.37148	0.082741
0.32925	-0.29821	0.015809
0.37445	-0.29167	0.036817
-0.20769	-0.38232	0.055929
-0.060656	-0.35551	-0.021374
-0.21174	-0.37026	-0.019763
0.43949	-0.29192	0.086282
-0.095779	-0.35081	-0.080059
-0.21388	-0.36672	0.0098108
0.50917	-0.26157	-0.067539
0.45869	-0.24505	-0.089264
-0.067789	-0.33871	0.04522
0.52075	-0.24857	0.069675
0.54145	-0.25211	0.055964
0.50367	-0.25788	0.086521
0.36255	-0.29031	-0.042675
-0.056804	-0.34426	0.0041276
0.34326	-0.28771	0.064565
0.40378	-0.2756	0.091871
0.29949	-0.28975	-0.0036882
0.41501	-0.25659	0.10856
-0.16851	-0.36335	0.069622
0.36517	-0.28079	0.075377
0.30328	-0.28532	0.050514
0.4345	-0.25338	-0.094843
0.28309	-0.28122	-0.033581
0.38951	-0.26749	0.083602
0.33119	-0.28129	-0.054129
-0.20195	-0.36299	-0.054304
-0.13797	-0.346	-0.094708
-0.087181	-0.33074	0.069007
-0.075303	-0.34732	-0.064128
-0.05723	-0.33622	-0.04049
0.52259	-0.23182	-0.012135
-0.10023	-0.33895	0.076188
0.27158	-0.28138	0.0099496
-0.17306	-0.35544	-0.087327
0.37777	-0.27679	-0.071095
0.34782	-0.26418	-0.080885
-0.072748	-0.33539	-0.086256
0.48387	-0.23011	-0.06407
-0.15256	-0.34041	-0.11449
0.35499	-0.26715	0.092971
0.53563	-0.23698	0.035617
-0.056275	-0.32028	-0.076455
0.27962	-0.27614	0.051965
0.47489	-0.23349	0.075721
-0.13205	-0.33158	-0.11439
-0.097776	-0.33365	-0.1086
-0.20844	-0.35408	0.036259
0.25179	-0.26804	-0.036041
0.31116	-0.25921	0.089739
0.40385	-0.22936	-0.095543
0.39733	-0.23998	0.09959
0.24904	-0.26911	-0.015255
0.38621	-0.24846	-0.092689
-0.056924	-0.31935	0.014359
-0.19501	-0.34327	-0.078912
0.51913	-0.23677	-0.032003
-0.18277	-0.33612	-0.10249
0.50068	-0.22726	0.04524
0.42561	-0.24261	0.11016
0.43919	-0.2301	0.10137
-0.15354	-0.30939	0.065397
0.2917	-0.26168	-0.078552
-0.048784	-0.31613	-0.03921
0.25231	-0.26528	0.028812
0.31926	-0.24205	-0.097332
-0.068535	-0.29278	0.03337
0.33993	-0.24179	0.1069
-0.068054	-0.31426	-0.099599
0.50515	-0.22067	0.0056142
-0.14485	-0.3214	-0.12722
-0.21902	-0.33572	0.0082367
-0.051965	-0.29729	-0.066075
-0.21759	-0.34327	-0.033475
0.35683	-0.22608	-0.10165
0.437	-0.22459	-0.086334
-0.22358	-0.32125	-0.046967
0.25401	-0.2518	-0.075892
0.37734	-0.22475	0.11107
-0.21524	-0.30845	-0.08538
-0.1996	-0.35431	0.050081
-0.057333	-0.2863	0.006368
0.41948	-0.21655	0.095674
0.45257	-0.18713	0.051351
-0.16806	-0.2886	0.056937
0.24082	-0.24659	-0.010001
0.44265	-0.20185	0.074946
0.44569	-0.17548	-0.0281
0.27504	-0.22697	-0.10612
0.25189	-0.24125	0.073785
-0.097206	-0.27946	0.058113
-0.047083	-0.28781	-0.022558
0.23424	-0.24125	-0.069182
0.46901	-0.19764	0.032306
-0.17626	-0.30244	-0.12656
0.29485	-0.21128	0.10569
-0.14578	-0.30577	-0.13196
0.4219	-0.18212	-0.069624
0.23503	-0.2363	0.048536
0.4605	-0.1836	-0.0066076
-0.22654	-0.28506	0.014126
0.34695	-0.21368	0.11503
-0.09603	-0.30173	-0.12164
0.26738	-0.22607	0.092248
-0.059041	-0.28131	-0.084675
-0.20643	-0.29601	-0.11267
-0.23301	-0.28681	-0.019082
-0.084509	-0.28563	0.052841
0.37236	-0.19128	0.11349
-0.087994	-0.27498	-0.12083
0.23642	-0.22162	-0.095016
0.22537	-0.21444	0.071134
0.19836	-0.20618	0.0092528
0.34298	-0.20461	-0.1107
0.23629	-0.21656	-0.054701
0.41161	-0.19349	0.096022
-0.063458	-0.24024	0.01368
0.32956	-0.19449	0.11379
0.22885	-0.22764	-0.020776
0.37573	-0.19095	-0.10299
0.21801	-0.22821	0.028547
0.39217	-0.17681	-0.08856
-0.13954	-0.27671	-0.14569
-0.05161	-0.24864	-0.024194
-0.20297	-0.2957	0.041606
-0.22945	-0.29744	-0.052185
-0.17991	-0.27874	-0.14777
0.30457	-0.19141	-0.11961
0.42705	-0.16978	0.064521
0.43772	-0.17654	-0.047004
0.20516	-0.21901	0.046876
0.23791	-0.20583	-0.10844
0.23913	-0.19402	-0.081836
-0.05639	-0.2569	-0.083947
-0.057787	-0.24674	-0.10072
-0.24149	-0.27652	-0.088582
0.18927	-0.20963	0.028244
-0.20125	-0.27248	-0.15091
-0.10593	-0.26485	-0.1385
-0.23519	-0.27277	-0.1232
-0.097293	-0.24466	0.044663
-0.24389	-0.27222	-0.039045
-0.14607	-0.26397	-0.16148
-0.10555	-0.24975	-0.15082
0.24701	-0.1639	-0.11607
-0.071523	-0.2419	-0.13171
0.342	-0.16643	0.11021
-0.045804	-0.24135	-0.056974
0.24961	-0.1706	0.097284
0.23308	-0.18925	0.088235
-0.20557	-0.24414	0.045275
-0.14502	-0.26196	0.052875
0.3588	-0.16176	-0.10507
-0.046343	-0.23205	-0.016476
-0.13871	-0.25061	-0.1887
0.1816	-0.19266	0.016157
-0.25463	-0.26829	-0.064241
-0.19785	-0.26205	-0.17403
0.38752	-0.14386	-0.07336
-0.1745	-0.24586	-0.21691
-0.033267	-0.22968	-0.081338
-0.2288	-0.26278	-0.16834
0.44049	-0.16044	0.026973
-0.058889	-0.23254	-0.14124
-0.092166	-0.2354	-0.17834
0.26308	-0.17518	-0.12434
0.23715	-0.18931	-0.073023
-0.13527	-0.2432	-0.21797
0.30393	-0.15376	0.10987
-0.020573	-0.22112	-0.12055
-0.088223	-0.22971	-0.20737
0.18803	-0.1758	0.056458
-0.24592	-0.24865	0.0078713
0.21384	-0.17879	-0.050719
-0.21719	-0.25322	-0.19813
0.16839	-0.17202	-0.0085098
-0.025261	-0.21852	-0.16081
-0.02868	-0.2232	-0.049221
-0.26419	-0.25545	-0.15112
-0.0032072	-0.2156	-0.084747
-0.26059	-0.25509	-0.17164
-0.070019	-0.22796	-0.19697
-0.17686	-0.22517	0.061387
-0.10277	-0.21348	0.052555
-0.036945	-0.20968	0.0032287
-0.073825	-0.21699	0.035227
0.0076763	-0.21229	-0.12422
-0.26053	-0.25147	-0.044964
0.19975	-0.18492	-0.024538
0.25471	-0.13521	0.097955
0.38261	-0.123	0.07391
0.0027555	-0.20142	-0.063132
-0.13586	-0.23199	-0.23824
-0.27753	-0.25394	-0.060906
0.0024587	-0.19344	-0.1884
0.40984	-0.13612	0.046782
-0.0073021	-0.19585	-0.027592
-0.064031	-0.21473	-0.22264
-0.26168	-0.24754	-0.016252
0.22257	-0.15929	-0.074584
0.015578	-0.20723	-0.10914
0.16725	-0.17295	0.026177
0.029616	-0.19507	-0.15335
-0.26167	-0.23963	-0.21191
-0.27549	-0.25462	-0.11592
0.19196	-0.15899	0.067644
-0.21582	-0.23286	0.045177
-0.29839	-0.2435	-0.062621
-0.13549	-0.21837	0.05674
0.40935	-0.12865	0.018073
0.19153	-0.16371	-0.050572
-0.28634	-0.22811	-0.033807
-0.2966	-0.23456	-0.11478
-0.11986	-0.21683	-0.25643
-0.22788	-0.22519	0.055386
-0.30474	-0.23762	-0.049086
0.29326	-0.15611	-0.12371
-0.25799	-0.23517	0.034285
-0.051246	-0.19521	0.056847
-0.29175	-0.23969	-0.17017
0.027945	-0.18847	-0.093639
0.20815	-0.13399	0.080827
0.27208	-0.12943	-0.11962
0.14507	-0.16599	0.0013991
0.25562	-0.12887	-0.1063
0.24125	-0.14008	-0.093568
-0.28192	-0.23035	0.0041075
0.010067	-0.18186	-0.19483
-0.22901	-0.23676	-0.23682
-0.32953	-0.21847	-0.18688
-0.23556	-0.20798	-0.27517
0.17006	-0.15924	0.054356
-0.089837	-0.20863	-0.2508
0.38438	-0.11329	-0.025599
-0.079616	-0.1973	0.073278
-0.17435	-0.21479	-0.26996
0.18272	-0.14668	-0.084679
-0.25592	-0.21576	-0.25794
0.039809	-0.17218	-0.14504
-0.05292	-0.19227	-0.24634
-0.26688	-0.21637	0.058327
-0.018637	-0.18262	0.032036
-0.29711	-0.22234	-0.22617
0.3278	-0.12436	-0.10221
0.13477	-0.15774	-0.041376
-0.31739	-0.22849	-0.16074
0.046827	-0.17395	-0.10998
-0.10609	-0.17888	0.098456
0.36722	-0.12102	-0.076783
0.30922	-0.10996	0.088489
-0.32066	-0.21792	-0.11983
0.018265	-0.17197	0.0056677
0.11492	-0.15508	-0.017308
0.023666	-0.16873	-0.0070986
0.046237	-0.17253	-0.057949
0.097331	-0.16469	-0.035936
0.37341	-0.09889	0.064097
0.28616	-0.12255	-0.11597
0.12878	-0.15449	-0.059507
-0.12889	-0.16866	-0.30671
-0.32896	-0.2201	-0.03032
0.10884	-0.15176	-0.09119
0.042951	-0.16882	-0.17616
0.26289	-0.12539	0.097585
0.20557	-0.12095	-0.1087
-0.22605	-0.15721	0.074129
-0.29939	-0.21314	-0.024133
-0.0050666	-0.15453	-0.24381
0.047909	-0.16929	-0.042429
0.35165	-0.10514	-0.073013
0.34937	-0.11626	0.079816
-0.23139	-0.20247	0.059828
-0.087938	-0.18672	-0.26836
-0.06017	-0.17549	0.08709
0.042704	-0.15388	-0.003854
0.068871	-0.14746	-0.006435
-0.35186	-0.21562	-0.037177
0.056326	-0.15635	-0.14496
0.040155	-0.14688	-0.20778
0.14154	-0.14479	-0.085492
-0.23489	-0.17807	0.063224
0.11107	-0.13983	0.028057
-0.044103	-0.17261	-0.2597
0.1524	-0.13315	0.071555
0.11441	-0.13711	-0.12482
-0.27792	-0.19805	0.065817
-0.28459	-0.19605	-0.27492
0.15934	-0.12864	-0.10557
-0.33914	-0.20701	-0.083083
0.34861	-0.074665	-0.022136
0.30203	-0.067762	0.061955
0.25721	-0.10588	-0.10828
-0.19038	-0.17926	-0.30675
-0.30602	-0.20798	0.050565
-0.17382	-0.20085	0.070975
0.070872	-0.13849	0.01298
-0.30518	-0.19588	0.070372
-0.3573	-0.2023	-0.1641
0.34982	-0.071803	0.0090737
-0.025438	-0.14844	0.085027
-0.36329	-0.19251	-0.099919
-0.34825	-0.19644	-0.21085
0.089423	-0.12808	-0.16345
0.02135	-0.14495	0.032762
-0.35094	-0.18585	-0.012459
0.30713	-0.079874	-0.076473
0.24289	-0.10196	0.09045
0.093124	-0.11896	0.046681
-0.31301	-0.20655	0.01951
-0.33284	-0.19113	0.0089974
-0.36219	-0.20626	-0.029355
-0.10732	-0.16096	0.11321
-0.32824	-0.18974	-0.24817
0.13899	-0.10615	-0.15975
-0.26148	-0.17264	-0.30128
0.16561	-0.095978	0.095209
-0.35008	-0.18598	0.03654
0.055171	-0.12292	-0.18969
0.27259	-0.09228	0.083622
0.27059	-0.086116	-0.10766
-0.29833	-0.18015	0.071878
-0.33826	-0.1888	0.063134
-0.24504	-0.16555	-0.31288
-0.38927	-0.19549	-0.037472
0.07651	-0.11072	-0.19183
-0.37113	-0.16684	-0.22887
-0.37387	-0.19897	-0.050162
-0.28507	-0.1696	-0.30045
0.32018	-0.05443	-0.040026
0.013258	-0.12131	0.064612
0.34525	-0.074696	0.065037
0.10203	-0.099089	0.071827
-0.10072	-0.15121	-0.30513
-0.26183	-0.16228	0.057622
-0.27708	-0.17472	0.057494
-0.459	-0.18874	0.089896
-0.52782	-0.20586	0.12711
-0.17427	-0.1542	0.099411
-0.50382	-0.20776	0.11946
-0.38167	-0.19563	-0.025319
-0.36114	-0.19863	-0.1914
0.039331	-0.11806	0.053069
0.28098	-0.049027	-0.095575
-0.040587	-0.12945	0.10893
0.20096	-0.076619	0.099919
-0.029275	-0.12857	-0.27928
-0.38908	-0.17677	-0.11113
0.01383	-0.11891	-0.25574
0.060748	-0.10548	0.061299
-0.18457	-0.14735	-0.32838
-0.32207	-0.16918	0.091955
-0.073676	-0.15895	-0.28845
-0.30584	-0.17268	-0.28748
-0.33614	-0.17461	0.092376
-0.4275	-0.17635	0.10828
-0.39655	-0.17626	-0.15381
-0.49913	-0.19631	0.10027
-0.52244	-0.1875	0.10391
-0.20971	-0.13616	-0.33147
0.33426	-0.059514	0.03452
-0.36947	-0.17176	0.001354
-0.13457	-0.13254	-0.3292
0.17413	-0.081368	-0.14939
0.13582	-0.075454	0.099124
-0.32907	-0.17163	-0.26614
-0.40733	-0.15649	-0.007525
0.059419	-0.090265	-0.21202
-0.38656	-0.16985	-0.2016
-0.54701	-0.18321	0.13341
-0.36581	-0.16596	0.12392
-0.13467	-0.12285	0.1198
-0.39028	-0.1699	0.064794
0.19249	-0.086581	-0.12651
-0.21305	-0.13345	0.08834
-0.36068	-0.17619	0.079891
-0.51036	-0.18767	0.087068
-0.4196	-0.15368	-0.12822
0.093656	-0.08576	-0.20322
-0.27645	-0.14477	0.067183
-0.32305	-0.16155	0.13523
-0.52161	-0.17339	0.14993
-0.40043	-0.16953	0.078211
-0.30347	-0.14567	0.065483
-0.4257	-0.17299	0.062895
0.029832	-0.098007	-0.25146
-0.076866	-0.10091	0.13013
-0.28031	-0.14568	-0.31669
-0.39416	-0.1683	0.11156
-0.32323	-0.15903	0.15684
0.00041929	-0.096605	0.088704
-0.45022	-0.16376	0.051441
-0.021927	-0.11605	0.10254
-0.47773	-0.17718	0.062862
-0.1033	-0.096857	0.1324
0.15073	-0.074574	-0.17576
-0.31613	-0.14617	0.088472
-0.35181	-0.14676	-0.26619
-0.39867	-0.16017	0.019004
-0.31055	-0.15344	0.15576
0.087075	-0.075354	0.087435
-0.31093	-0.13749	0.12216
-0.19129	-0.11686	-0.34199
-0.42466	-0.17079	-0.030818
-0.09372	-0.1235	-0.31726
-0.13117	-0.095989	-0.33996
0.25716	-0.042382	0.083186
0.30552	-0.029637	-0.0080845
-0.41878	-0.15491	0.13907
0.29656	-0.023767	0.030358
0.20198	-0.052982	-0.1423
0.02036	-0.081874	-0.26805
0.30527	-0.039656	-0.044699
-0.30323	-0.12362	0.18663
-0.42591	-0.15018	0.030446
0.091766	-0.075999	-0.21573
-0.50947	-0.1612	0.076832
0.25	-0.046247	-0.11763
0.20108	-0.043779	0.10299
-0.24493	-0.10988	0.095938
-0.053493	-0.096373	-0.30964
-0.32007	-0.13973	0.185
-0.30997	-0.12519	-0.3151
0.048545	-0.062739	0.094803
-0.391	-0.14662	0.16147
-0.44524	-0.16464	0.11978
-0.39532	-0.13439	-0.23345
-0.34736	-0.13748	0.1865
0.17423	-0.045727	-0.1688
-0.29428	-0.13067	0.095351
-0.43935	-0.15251	0.14924
-0.43245	-0.16059	-0.0615
-0.21107	-0.1183	0.090078
0.047846	-0.075546	-0.22473
0.29102	-0.013597	-0.053557
0.27613	-0.024125	-0.090235
-0.50863	-0.16397	0.15495
-0.24856	-0.11729	-0.34023
-0.46191	-0.13924	-0.039412
-0.51605	-0.14644	0.091045
-0.023474	-0.080096	0.10286
0.059396	-0.043256	-0.22661
-0.20393	-0.10126	0.096198
0.13463	-0.031406	0.11236
-0.021402	-0.058026	-0.30029
-0.29714	-0.11679	0.17133
-0.53608	-0.17381	0.14777
-0.4598	-0.14216	0.045181
0.022855	-0.061325	-0.25411
-0.43333	-0.13516	-0.1523
-0.45707	-0.13606	-0.060378
0.0045043	-0.071158	-0.28223
-0.48425	-0.15254	0.061057
-0.31013	-0.1256	0.20546
0.11679	-0.059822	-0.20184
0.25751	-0.01469	-0.1161
-0.062881	-0.064532	0.11925
0.22343	-0.043151	-0.13011
-0.46775	-0.15955	0.15358
-0.42592	-0.1399	0.15598
-0.30638	-0.12526	0.2606
0.17411	-0.019542	0.10883
-0.32679	-0.12589	0.21555
-0.40164	-0.13194	0.17473
-0.13794	-0.099644	0.12426
-0.42226	-0.13508	-0.19091
0.27305	-0.0092415	-0.30705
-0.44153	-0.13406	0.023422
-0.38702	-0.13088	0.21471
-0.28983	-0.11517	0.25403
-0.44872	-0.12786	-0.10982
-0.49591	-0.1352	0.14181
-0.33693	-0.11678	0.238
-0.17385	-0.088626	-0.35153
0.095554	-0.046703	0.10649
-0.29008	-0.1129	0.14506
-0.29422	-0.11456	0.27984
-0.36333	-0.1093	-0.28426
-0.0088939	-0.04856	0.1189
-0.43515	-0.13093	0.00062176
-0.52193	-0.14107	0.11863
-0.3148	-0.11984	0.29141
-0.16622	-0.096859	0.10868
-0.46663	-0.14117	0.13766
-0.26957	-0.1089	0.11335
-0.27854	-0.10764	0.19711
-0.30862	-0.085185	0.34691
-0.29406	-0.10775	-0.33158
0.29395	-0.0041417	-0.31391
0.074522	-0.062201	-0.2228
-0.21124	-0.070665	-0.35317
0.09745	-0.047516	-0.22036
-0.26433	-0.10627	-0.33846
-0.39684	-0.11818	0.21461
-0.27674	-0.095681	0.24227
-0.4131	-0.098717	-0.23757
0.3257	0.00203	-0.30038
-0.40533	-0.10929	0.19181
0.32842	-0.0020986	-0.28576
-0.4473	-0.12898	0.1323
-0.47967	-0.13828	0.085395
0.026599	-0.054492	0.10833
-0.27169	-0.099196	0.15034
0.33772	0.0016996	-0.25264
-0.091429	-0.071619	0.13731
0.3015	-0.040458	0.048497
-0.097438	-0.087013	-0.33324
-0.35152	-0.11925	0.22193
-0.44643	-0.11528	-0.13633
0.28175	-0.00045385	0.027554
-0.4802	-0.13455	0.10946
0.16227	-0.014055	-0.18317
-0.28707	-0.097478	0.31309
-0.067861	-0.037704	0.11045
0.21244	-0.0098472	0.094968
-0.4533	-0.12118	0.10923
0.23767	-0.008613	-0.13484
-0.45469	-0.11537	0.030159
0.24659	-0.0059673	0.074575
-0.33984	-0.077422	-0.31854
-0.46463	-0.12486	0.069515
-0.36739	-0.098101	0.24273
-0.25241	-0.082731	0.23332
-0.14109	-0.05484	-0.351
0.27619	0.0026177	-0.072335
-0.088461	-0.048621	0.13102
0.19395	-0.0059154	-0.16113
-0.12135	-0.046841	0.12503
-0.25544	-0.080684	-0.3517
-0.45997	-0.11392	0.094002
-0.33189	-0.073434	0.35226
0.29793	0.0014943	-0.27528
0.2214	0.0088788	-0.14858
-0.089279	-0.049263	-0.33764
-0.27458	-0.081528	0.27546
0.32082	0.0085218	-0.21887
0.26975	-0.0016834	-0.13417
0.33833	0.0054479	-0.18766
0.34814	0.00829	-0.18464
0.35493	0.0095951	-0.22344
-0.22966	-0.049822	0.13348
-0.34926	-0.088725	0.29654
-0.24675	-0.08055	0.12831
0.066443	-0.025834	0.12085
0.25887	0.007844	0.053798
0.13349	-0.015555	0.12364
0.10029	-0.010176	-0.20968
-0.43816	-0.11464	0.14987
-0.47898	-0.1009	-0.037974
0.27277	-0.010188	-0.10006
0.29213	0.00016693	-0.11551
0.34534	0.012677	-0.28022
0.31324	0.0063815	-0.15699
-0.27613	-0.087197	0.30905
0.30681	0.015721	-0.18347
-0.24594	-0.068399	0.16286
0.33947	0.01268	-0.14863
0.32342	0.012359	-0.12673
0.36323	0.018416	-0.24431
-0.05272	-0.041483	-0.3198
0.27632	0.012481	-0.02906
-0.46842	-0.091323	-0.0979
0.020145	-0.036195	0.11745
-0.4491	-0.11801	-0.013058
-0.42626	-0.10184	0.18054
0.094847	-0.025553	0.12565
0.29274	0.013081	-0.16076
-0.43929	-0.089855	-0.20037
0.25831	0.011071	-0.14881
-0.17045	-0.044115	-0.35664
0.29483	0.013928	-0.32247
0.0017017	-0.046003	-0.27043
-0.36449	-0.081404	0.26383
0.14804	-0.0089337	-0.1904
-0.25163	-0.072414	0.19748
0.29715	0.016293	-0.092765
0.37321	0.035367	-0.19594
-0.26879	-0.064378	0.29245
-0.45383	-0.083722	0.14507
0.30564	0.025173	-0.21511
-0.038612	-0.026181	-0.28984
-0.29247	-0.073231	-0.34187
-0.14184	-0.040442	0.10991
-0.48339	-0.094904	-0.050111
0.26657	0.027503	-0.047278
0.2906	0.022769	-0.26385
0.31344	0.028068	-0.10998
-0.46657	-0.10365	0.053295
-0.40304	-0.085174	0.20506
-0.16285	-0.05984	0.10415
-0.21931	-0.051698	0.12286
-0.23991	-0.050795	0.20481
0.36576	0.040983	-0.25335
0.27355	0.0078605	-0.29385
0.36041	0.043123	-0.16391
0.24649	0.031062	0.028706
0.17059	0.0088308	0.12625
-0.16426	-0.041518	0.10715
0.10511	0.010654	0.13209
0.34724	0.034586	-0.1362
0.079769	-0.0026051	0.13322
0.37036	0.032472	-0.21977
-0.4593	-0.088741	-0.14198
-0.2679	-0.05151	-0.35224
-0.3802	-0.088865	0.23752
0.12835	0.0046185	-0.20334
0.0032539	0.020978	-0.26916
-0.050299	-0.020866	-0.31623
-0.2503	-0.054045	0.27096
0.28877	0.039542	-0.29432
0.28513	0.03044	-0.075771
-0.13157	-0.04264	-0.34592
0.2407	0.039835	0.00035507
0.23959	0.035018	0.059057
-0.23939	-0.055894	0.25264
-0.36144	-0.063804	0.30597
-0.23993	-0.05001	0.16523
0.23294	0.023142	0.078414
0.21535	0.014618	0.097608
-0.40201	-0.04652	0.22963
0.32754	0.034064	-0.30058
-0.38745	-0.066411	-0.27737
-0.47574	-0.072907	-0.011446
-0.31084	-0.042174	0.34909
-0.086365	-0.024983	0.11691
0.25375	0.032764	-0.017229
0.2962	0.051463	-0.25678
0.19031	0.035286	0.12397
0.25337	0.033803	-0.1563
-0.29076	-0.061624	0.33614
0.10662	0.023642	-0.21682
-0.48574	-0.081156	-0.031989
0.15622	0.027011	0.13691
0.037223	-0.0020836	0.12297
0.12822	0.025323	0.13401
0.11024	0.046926	-0.20485
-0.11065	-0.027637	0.11831
0.0088073	0.011787	0.11785
0.21215	0.054528	-0.1509
-0.29381	-0.037773	0.33719
-0.48152	-0.065096	0.071993
0.29613	0.039567	-0.18879
0.3576	0.05859	-0.25265
0.30667	0.0515	-0.29344
0.33903	0.067227	-0.13867
0.21583	0.038853	0.1148
0.36982	0.059142	-0.20715
-0.47445	-0.066501	0.10278
-0.19478	-0.021385	-0.35647
-0.47148	-0.047829	0.12112
0.31125	0.052983	-0.10642
0.36297	0.064036	-0.18429
-0.027786	0.0032997	0.12142
0.28141	0.044434	-0.17306
0.29398	0.056815	-0.19588
-0.21506	-0.022235	0.121
0.045759	0.027578	-0.24002
-0.33649	-0.039426	0.35155
-0.44631	-0.07306	-0.19125
0.25963	0.052127	-0.05353
-0.47837	-0.051937	-0.097136
-0.15127	-0.02609	-0.35271
-0.47799	-0.07186	0.024181
-0.11485	-0.0073446	0.11501
0.18549	0.050077	-0.16148
-0.23909	-0.038207	0.22596
0.29879	0.051606	-0.22579
-0.040658	0.00097024	-0.30265
0.23062	0.045247	0.099246
-0.30946	-0.030099	-0.34105
-0.087284	0.00014023	0.11473
-0.33325	-0.044408	-0.3283
-0.24309	-0.023376	0.17069
-0.35397	-0.033282	-0.31516
-0.43943	-0.043501	-0.2216
0.14814	0.057853	-0.18445
-0.37247	-0.056333	0.26587
0.33218	0.056629	-0.27393
-0.43854	-0.031595	0.18865
-0.1031	-0.0049809	-0.34022
0.069675	0.03241	0.12817
-0.27186	-0.030381	0.29338
-0.46059	-0.06353	-0.14954
0.23881	0.060135	0.036188
0.24058	0.050072	0.074495
-0.071466	0.019944	0.10544
-0.41888	-0.040359	0.20618
-0.043142	0.021576	-0.31224
-0.24123	-0.012214	0.14758
0.27534	0.065399	-0.16239
0.34956	0.077855	-0.20927
0.31355	0.064836	-0.25377
0.30234	0.070344	-0.20342
-0.1591	0.00032249	0.1038
-0.44613	-0.052374	-0.20954
-0.15467	-0.0067259	-0.35311
0.041932	0.029459	0.12021
0.27123	0.068432	-0.082778
0.11755	0.054842	0.12515
0.23642	0.056189	-0.15063
-0.38271	-0.034372	0.24645
-0.3674	-0.036002	0.26635
0.24786	0.066127	-0.02953
-0.18606	-0.0074537	0.10845
0.16983	0.053915	0.12504
-0.027755	0.028197	0.1177
-0.29933	-0.0091746	0.31952
-0.49399	-0.039653	-0.031297
-0.24034	-0.023001	0.25345
-0.48809	-0.046262	0.046211
-0.35277	-0.023437	0.3326
0.33608	0.080526	-0.15131
0.33334	0.077145	-0.23369
-0.28347	-0.011203	0.28343
-0.48659	-0.045471	-0.065173
-0.25104	-0.015332	0.20329
-0.4465	-0.049083	0.16944
-0.46769	-0.039789	-0.12837
0.018939	0.054204	0.11404
-0.0050083	0.030551	-0.28153
-0.095593	0.024489	0.13007
-0.2328	-0.0039435	0.12632
0.308	0.082247	-0.18447
-0.48919	-0.045564	0.088881
-0.41697	-0.041886	-0.25022
-0.13556	0.012712	0.11882
-0.25573	-0.0022599	0.24477
0.25986	0.078542	-0.13821
-0.26467	-0.0087872	0.2632
0.32793	0.088199	-0.1828
-0.48636	-0.026167	0.03527
-0.46144	-0.025834	-0.1749
0.24859	0.080024	0.0063042
0.25229	0.10194	0.019879
-0.37006	-0.0066953	-0.29685
0.23821	0.07794	0.07355
-0.20258	0.031869	0.10067
-0.41759	-0.010338	0.22807
0.21347	0.074316	0.095223
0.020213	0.05282	-0.25232
0.24398	0.095173	-0.082638
-0.34839	-0.0055152	0.31971
0.27298	0.079733	-0.10525
0.22327	0.084044	-0.13494
0.25042	0.087205	-0.096743
0.25608	0.08218	-0.1231
-0.33876	-0.011919	0.34115
-0.49679	-0.014631	-0.047645
-0.48062	-0.035106	-0.0076153
-0.28181	-0.0051432	0.26031
-0.23684	0.028341	-0.34542
-0.4799	-0.019269	-0.096315
-0.11728	0.024369	0.13407
0.30361	0.088913	-0.13833
0.16614	0.071148	0.11452
-0.098721	0.029794	-0.33474
-0.42898	-0.016649	0.19793
0.27239	0.1239	-0.032989
-0.544	-0.032715	0.13456
-0.3598	0.0014284	0.23484
-0.50077	-0.034687	0.072267
-0.48605	-0.028897	0.13303
-0.27094	0.0063429	0.1586
-0.052544	0.055302	0.0973
-0.31548	0.0058114	-0.3354
0.15942	0.093038	-0.16197
-0.30538	0.0030078	0.30557
-0.53938	-0.024934	0.15517
-0.3552	0.00052895	0.27352
-0.49705	-0.037618	0.094476
0.034463	0.058253	0.10872
-0.31963	0.013024	0.27663
-0.28041	0.0093027	0.2236
-0.0019283	0.054315	0.10789
-0.084931	0.065985	0.12357
-0.45076	-0.0074016	0.16645
-0.21557	0.034765	-0.34942
-0.17457	0.029245	0.10905
-0.049841	0.067382	-0.30513
0.19571	0.097279	0.098216
-0.47325	-0.0069876	0.019199
-0.53321	-0.027772	0.094667
-0.29846	0.0089756	0.25513
-0.27475	0.0044769	0.19092
-0.37482	0.011288	0.21658
0.23722	0.09627	-0.10821
-0.3363	0.0034088	0.31928
0.19344	0.097853	-0.14584
0.066852	0.049958	-0.23076
0.1631	0.11768	0.098117
-0.1015	0.053055	0.13837
0.13245	0.086553	-0.18138
-0.54084	-0.015781	0.16503
-0.47335	-0.021093	0.13938
-0.25753	0.03229	0.11029
0.12038	0.078462	0.11101
-0.24843	-0.020579	-0.35655
-0.026708	0.060735	0.10353
0.26387	0.15991	0.054697
-0.34534	0.021236	0.22322
0.070083	0.088485	-0.20458
0.035021	0.061899	-0.23095
0.24864	0.082024	-0.064976
-0.34792	0.012496	0.28213
-0.57788	-0.012809	0.12387
-0.48504	0.0016008	-0.059804
-0.13298	0.043816	0.13621
-0.46821	-0.0035223	0.15043
-0.49373	-0.0112	0.04489
-0.015928	0.087177	-0.27707
-0.27715	0.02202	0.12899
-0.42266	-0.0027786	-0.2398
0.043874	0.082203	0.095257
-0.16672	0.040335	-0.34735
0.26339	0.1076	0.036391
-0.5425	-0.0073454	0.083903
-0.45669	0.0021294	-0.17406
-0.46614	-0.01319	-0.13302
-0.32949	0.022679	0.25138
-0.26621	0.041236	-0.34009
0.12494	0.11638	0.098778
-0.33443	0.022991	0.22058
-0.38267	0.015288	-0.27608
-0.48762	-0.0052126	-0.022287
-0.4744	-0.0062515	-0.007338
-0.11404	0.063433	-0.33011
0.022896	0.09623	-0.21189
-0.51018	-0.0035039	0.15477
-0.45444	0.020843	-0.0032164
-0.32166	0.027961	0.19688
-0.53511	-0.0002347	0.076197
-0.47001	0.0068941	0.14477
-0.3488	0.021423	-0.30832
-0.51689	0.011343	0.064716
0.052984	0.094235	-0.21119
-0.4312	0.018967	0.1633
0.11627	0.11931	-0.1658
0.011366	0.10552	0.065393
-0.40806	0.01013	0.20486
-0.43833	0.019735	-0.21018
0.15909	0.12872	-0.14063
0.22505	0.123	-0.11464
-0.47722	0.0056815	-0.086032
0.26268	0.12193	-0.063427
-0.035149	0.089061	0.084179
0.23968	0.14858	0.074108
-0.17266	0.075277	0.12793
-0.55273	0.00052215	0.16297
-0.47419	0.0068403	0.039708
0.012131	0.087882	-0.23988
0.24719	0.13292	-0.094069
-0.45729	0.022185	-0.11634
-0.21777	0.058215	0.10936
-0.13529	0.087778	0.13723
-0.19806	0.072009	0.11995
-0.56167	0.039038	0.14393
-0.58473	-3.0064e-05	0.16034
0.19301	0.12303	-0.14029
-0.49288	0.018814	0.12451
-0.41911	0.028757	-0.23328
-0.45438	0.015524	0.012254
-0.35223	0.049458	0.1894
-0.20678	0.063002	-0.33982
0.085238	0.14508	0.070159
-0.48019	0.019067	-0.036905
-0.31199	0.045074	0.11071
-0.3381	0.056036	0.094214
-0.45198	0.022199	0.041596
0.29007	0.15404	-0.051783
-0.4502	0.032602	0.11895
-0.4421	0.043818	-0.17669
-0.33682	0.038595	0.13545
0.088351	0.12295	-0.17238
-0.57157	0.009014	0.10857
-0.24588	0.058946	-0.33382
-0.0616	0.074749	0.10723
-0.10954	0.099507	0.13254
-0.23775	0.07157	0.095039
-0.34318	0.051577	0.15972
0.17746	0.14383	-0.13384
0.20239	0.13704	-0.12809
0.11425	0.13176	0.090975
0.2801	0.16213	0.0053158
-0.48326	0.034689	0.11546
-0.50381	0.025172	0.071515
-0.47187	0.034355	-0.028465
-0.31675	0.060089	-0.31247
0.21526	0.17587	0.084755
0.26245	0.15294	-0.10606
0.292	0.17227	-0.021408
-0.45216	0.032192	0.073487
-0.36718	0.055905	-0.27671
-0.15929	0.075211	-0.33222
0.3001	0.17185	-0.039354
-0.46306	0.038526	-0.066294
-0.44864	0.05169	-0.01689
-0.47432	0.037631	0.099242
-0.43014	0.050327	0.061725
-0.38324	0.053457	0.1661
-0.48858	0.035166	0.081753
-0.34678	0.056485	0.12781
0.12689	0.14564	-0.13558
-0.095893	0.11067	-0.30643
0.21589	0.14966	-0.12486
-0.25827	0.062865	0.096162
-0.2874	0.072749	-0.31735
-0.16925	0.091499	-0.33086
-0.36034	0.059453	0.16001
-0.37716	0.05806	-0.25974
0.039403	0.12684	-0.18045
-0.5303	0.024508	0.093197
-0.4328	0.043624	0.0051153
-0.4007	0.064142	0.12528
-0.22432	0.080221	0.10972
0.18781	0.16119	0.091046
-0.28862	0.074347	0.087116
-0.42196	0.055843	0.087342
-0.27044	0.081408	-0.31711
0.033238	0.12214	0.057925
-0.056473	0.10178	0.096084
-0.18781	0.10012	0.12335
-0.3592	0.068976	0.12897
-0.042225	0.11513	0.07188
-0.43245	0.054914	-0.10919
-0.54183	0.040866	0.12153
0.13315	0.15861	0.088392
0.048907	0.13566	-0.16051
-0.42051	0.064117	0.0011429
0.012592	0.13636	0.027091
-0.58125	0.017856	0.15549
-0.058313	0.12368	-0.2808
-0.39861	0.069313	0.10408
-0.0034031	0.13859	-0.17499
-0.42668	0.06573	-0.19554
0.24281	0.17149	-0.12765
0.015477	0.12514	-0.1806
-0.45594	0.051744	-0.035637
-0.34971	0.084888	0.10251
0.19047	0.16841	-0.12965
-0.32083	0.084525	0.080721
-0.52479	0.045408	0.12405
-0.22659	0.092955	0.11488
0.29827	0.1895	-0.10023
-0.23979	0.10055	-0.31886
-0.021872	0.12737	-0.25338
0.068168	0.14848	-0.14545
-0.40251	0.079426	0.025163
-0.13245	0.10444	-0.32056
-0.022903	0.12517	0.048283
0.2712	0.18157	-0.11835
-0.38082	0.072391	0.12396
-0.0033511	0.12252	-0.21919
-0.24752	0.11681	0.086803
0.20726	0.16483	-0.13554
-0.14426	0.11605	0.12858
0.065439	0.16189	0.039953
-0.44112	0.072428	-0.032913
-0.064185	0.1401	0.069447
-0.42727	0.071804	-0.151
-0.40933	0.068968	0.049646
-0.34334	0.078065	-0.27665
0.15894	0.16298	-0.12645
-0.37612	0.089613	-0.23078
-0.19341	0.11146	-0.32068
0.034659	0.15045	0.022881
-0.41974	0.071223	-0.094408
0.085519	0.16672	-0.11462
-0.30849	0.095157	-0.28774
0.31253	0.211	-0.03038
0.24274	0.19	-0.13316
-0.01929	0.1554	0.010175
-0.10815	0.12727	0.11626
-0.33548	0.10797	0.088923
0.033457	0.15672	-0.12165
0.24131	0.18582	0.076257
-0.018833	0.14957	-0.17907
-0.37793	0.089678	0.074345
0.30366	0.244	0.064069
-0.35296	0.09427	0.092229
0.19251	0.20216	0.082342
0.066704	0.17716	0.018819
-0.29899	0.10434	0.077691
-0.026591	0.16278	-0.2104
-0.2708	0.10345	-0.30141
0.10662	0.17643	0.068745
-0.34541	0.11134	-0.24914
0.2816	0.22	0.069181
0.13047	0.17324	-0.11716
-0.055256	0.15661	-0.23616
-0.16563	0.12808	-0.31079
-0.39524	0.104	-0.10826
-0.39886	0.10351	-0.07247
0.31954	0.21382	-0.081469
-0.27067	0.13159	0.083791
0.0012024	0.14819	-0.13899
0.02874	0.16638	0.0062832
-0.1344	0.15009	0.10592
0.095648	0.18824	-0.091405
0.0032539	0.1605	-0.0011233
-0.37471	0.12985	-0.011901
-0.41926	0.093977	-0.024067
0.17711	0.20825	-0.13884
-0.1123	0.14626	-0.28421
-0.40386	0.099938	-0.14841
-0.39238	0.10816	-0.1833
-0.41026	0.10319	-0.049823
-0.26512	0.12266	-0.29397
-0.22245	0.12228	0.10716
0.16956	0.19946	-0.12552
-0.0061863	0.15926	-0.094785
-0.029552	0.16467	-0.12297
-0.18558	0.14379	0.10747
-0.051426	0.15458	0.041919
0.020972	0.16708	-0.032554
0.043892	0.1741	-0.065193
-0.011241	0.16032	-0.068332
-0.38396	0.099402	0.023912
0.015978	0.16776	-0.065039
-0.022035	0.16179	-0.0089519
0.045761	0.16736	-0.098641
-0.31463	0.11355	-0.27241
0.072041	0.17905	-0.083402
-0.043695	0.18514	-0.16977
-0.2076	0.15708	-0.2847
-0.39721	0.12662	-0.02878
-0.29353	0.13941	0.084669
0.064194	0.18353	-0.0010124
-0.085954	0.15168	0.073466
-0.14797	0.15711	-0.2789
0.12533	0.20679	0.056825
0.27971	0.22389	-0.12469
0.21785	0.21347	0.087693
0.13387	0.20224	-0.10704
-0.37328	0.12744	-0.10365
-0.25449	0.15659	0.085862
-0.36637	0.11723	0.04406
-0.27935	0.1434	-0.26474
0.075271	0.19623	-0.032273
0.080416	0.19568	-0.058716
-0.2249	0.16336	0.098923
-0.025301	0.16481	-0.066189
0.15414	0.19374	0.077419
0.33674	0.25267	0.0037168
0.21973	0.214	-0.14345
-0.060131	0.18992	-0.092457
-0.11726	0.18877	-0.22033
-0.12384	0.16551	0.084437
-0.38178	0.12861	-0.13146
-0.32914	0.14197	-0.22766
-0.090326	0.18233	0.024906
-0.32304	0.1346	0.083109
0.16069	0.22624	0.068571
-0.24037	0.15086	0.095122
-0.34885	0.11182	0.079605
-0.38129	0.13519	-0.15458
-0.04445	0.1696	-0.010424
-0.097504	0.19859	-0.18429
-0.17246	0.16549	-0.27907
-0.048723	0.18777	-0.14676
0.25505	0.23797	-0.13851
0.10207	0.21147	-0.077252
0.34489	0.27525	0.02787
-0.15276	0.19692	-0.22043
-0.35329	0.16779	-0.0045661
0.27871	0.24517	0.080873
0.33597	0.25928	-0.06493
0.33231	0.25862	-0.08581
0.30603	0.24442	-0.10993
-0.16814	0.18524	0.071069
0.09549	0.21693	0.0098586
0.11429	0.2221	0.036215
-0.10807	0.1732	0.058662
0.23501	0.25481	0.094893
0.15302	0.22519	-0.11815
-0.38407	0.13888	-0.033953
-0.36252	0.15168	-0.092979
-0.14253	0.19145	0.047705
0.1933	0.24283	-0.14201
0.16693	0.24337	-0.13544
-0.073771	0.19631	-0.055984
0.32176	0.26535	0.053938
-0.37934	0.15597	-0.038398
0.12023	0.24793	-0.080872
-0.26099	0.17485	-0.24004
-0.22809	0.16847	-0.26691
-0.29336	0.16542	-0.2318
-0.11459	0.20186	0.0041065
-0.35044	0.15942	-0.13997
0.10975	0.24156	0.0096541
-0.067099	0.20198	-0.13113
-0.099508	0.20075	-0.017628
0.27039	0.29026	0.09091
-0.33402	0.1614	-0.19163
-0.3447	0.15763	-0.17008
-0.13022	0.2049	-0.20202
-0.30353	0.16549	0.069537
0.10078	0.23985	-0.035509
0.32471	0.28896	-0.10859
-0.33503	0.14945	0.060284
-0.20944	0.18651	-0.24858
-0.3423	0.16207	-0.1186
-0.29542	0.1933	-0.18386
-0.18184	0.1933	-0.23409
-0.22785	0.18758	0.080748
0.35965	0.30293	-0.020837
-0.08709	0.21028	-0.079884
0.28673	0.28086	-0.12484
-0.25926	0.18359	0.077099
0.35716	0.30698	-0.0855
0.34967	0.29854	-0.066877
-0.35633	0.1609	-0.02332
-0.33437	0.17454	0.027819
0.19571	0.26474	0.085186
0.12616	0.24495	0.036511
0.15045	0.24218	-0.12361
-0.21922	0.20278	0.067271
-0.36721	0.16844	-0.044989
-0.26948	0.19398	0.060022
-0.11807	0.21354	-0.15181
-0.32999	0.19028	-0.093877
0.33318	0.29714	0.052566
-0.30408	0.20248	0.023198
-0.32034	0.19788	-0.11227
-0.2541	0.18537	-0.23555
-0.32924	0.1828	-0.023354
-0.12445	0.22049	-0.088523
0.2561	0.30787	0.093944
-0.1169	0.21966	-0.062113
-0.16465	0.21397	0.04772
-0.18662	0.21285	0.063688
-0.33064	0.18548	-0.04851
0.17188	0.27857	-0.12519
-0.12867	0.22466	-0.014822
-0.25643	0.20882	-0.18686
-0.15286	0.2171	-0.17663
-0.14899	0.22189	0.026285
-0.18718	0.2094	-0.21413
-0.2914	0.20987	0.029856
-0.33491	0.18529	-0.0032587
0.36209	0.32187	0.0049878
0.13456	0.2707	-0.093539
0.14041	0.27993	-0.10949
0.11338	0.27574	0.013794
-0.15973	0.22098	-0.13358
-0.32009	0.18744	-0.14097
-0.32821	0.19486	-0.074212
-0.22306	0.20551	-0.2197
0.24942	0.28192	-0.13663
-0.29719	0.20511	-0.13899
-0.15647	0.22687	-0.1131
-0.30528	0.20014	-0.0621
-0.19566	0.22118	-0.18119
-0.31289	0.21132	-0.025558
0.16588	0.28713	0.066519
-0.22873	0.21553	-0.19448
-0.13163	0.24129	-0.053186
0.26432	0.30143	-0.12604
-0.22134	0.2204	0.064963
0.10815	0.27771	-0.022741
-0.27815	0.21059	-0.10518
-0.20044	0.22673	-0.13068
-0.20856	0.22335	-0.15961
-0.13795	0.23744	-0.081201
-0.25622	0.21296	0.056667
-0.2298	0.22332	-0.13483
-0.24766	0.22	-0.15536
-0.25493	0.225	0.057544
0.1086	0.27206	-0.04601
-0.2957	0.21486	-0.072239
-0.13608	0.24285	5.4379e-05
0.12132	0.28395	-0.064794
0.34717	0.33227	-0.10325
-0.25082	0.22299	-0.12369
0.1305	0.27697	0.036921
0.36582	0.33372	-0.076793
-0.27789	0.22229	-0.09591
0.19014	0.31858	0.072881
-0.15244	0.24349	-0.095144
0.22021	0.3149	0.088549
-0.30987	0.22415	-0.039021
-0.1924	0.23376	0.075346
0.38696	0.3552	-0.025884
0.35262	0.33622	0.037148
0.3011	0.30664	0.080205
-0.19154	0.2493	-0.1108
0.38115	0.35268	-0.053052
0.12655	0.29882	0.012962
0.20982	0.30958	-0.12196
0.32516	0.33758	0.063187
-0.17795	0.25463	0.071891
-0.29055	0.24249	0.03624
-0.24443	0.25185	-0.10596
0.18194	0.32566	-0.099937
-0.15793	0.24682	0.047398
-0.2498	0.26358	0.070567
0.36607	0.36399	-0.085799
-0.31658	0.24454	-0.021348
0.13655	0.31125	-0.074348
0.31113	0.33038	-0.11379
0.13029	0.31923	-0.041232
0.16779	0.32564	0.050527
-0.1324	0.25524	-0.01932
-0.1997	0.27569	0.088253
0.2983	0.34179	0.075295
0.28138	0.33269	-0.1154
0.37502	0.3472	0.014103
0.27224	0.33292	0.090153
-0.28924	0.25527	-0.087086
-0.14565	0.27991	0.020685
-0.30801	0.22759	0.0086229
0.1557	0.31735	-0.087899
0.3713	0.36245	0.044367
-0.26113	0.26139	-0.10697
-0.14237	0.29071	-0.022195
0.30927	0.37594	-0.10366
-0.31057	0.25758	0.030099
0.31445	0.35595	0.086446
0.13505	0.32313	-0.0055376
-0.2239	0.26814	0.074791
0.39143	0.36084	0.00669
-0.2264	0.2667	-0.10383
0.15919	0.34551	0.012683
0.36684	0.38185	-0.088826
0.16151	0.34099	-0.063947
0.32944	0.37581	-0.09949
-0.18592	0.27899	-0.098726
0.27282	0.36013	0.077612
-0.28052	0.27098	0.060062
-0.15041	0.28686	-0.064335
0.40719	0.3747	-0.018549
0.42191	0.37789	0.010573
-0.16878	0.28752	0.058694
0.36398	0.36967	0.059599
0.20694	0.35802	0.06108
0.40537	0.38264	0.04629
0.24563	0.35545	0.080464
0.43069	0.3828	0.035257
0.40078	0.3902	-0.050962
0.24518	0.36254	-0.092148
-0.21616	0.28461	-0.10393
0.45675	0.3938	-0.00010221
0.15699	0.34905	-0.024747
0.43379	0.38872	-0.029847
0.20048	0.35583	-0.07713
-0.32137	0.27681	-0.0072586
0.29297	0.37075	0.095099
0.18616	0.36011	-0.060156
0.26349	0.37118	0.069341
0.28345	0.37594	-0.099262
-0.30647	0.2549	-0.058773
0.33442	0.38967	0.083135
0.45956	0.4022	0.023035
0.36576	0.39878	0.08173
-0.30699	0.28499	0.046037
-0.20231	0.33756	-0.058019
-0.28605	0.29199	-0.076164
0.20665	0.38415	0.015579
0.43889	0.40883	-0.053433
0.43229	0.40995	0.0588
-0.24958	0.28941	-0.098825
-0.29002	0.29235	0.068077
-0.17425	0.33639	0.004262
0.2736	0.38997	0.082925
0.23842	0.38531	-0.062279
-0.25645	0.30566	0.08208
0.26403	0.40076	-0.067844
-0.16824	0.32199	0.026519
0.30942	0.4222	-0.073743
0.48697	0.42452	0.0024773
-0.18078	0.33176	0.059331
-0.31535	0.29039	0.048009
-0.21535	0.31282	-0.083522
-0.33686	0.28596	0.065191
0.47243	0.41684	-0.026922
0.2261	0.3785	0.050536
-0.32657	0.2957	0.018565
-0.19361	0.31115	0.083297
-0.32163	0.31441	-0.024029
0.37648	0.42167	-0.078994
0.25637	0.39132	0.043621
-0.31586	0.29397	0.086605
-0.18333	0.33392	-0.039839
-0.36161	0.30041	0.077711
0.18891	0.37358	-0.023775
0.21763	0.38478	-0.044298
-0.28834	0.31009	0.10601
-0.30727	0.31084	-0.049189
0.3199	0.40536	0.083218
0.42631	0.41982	-0.06851
0.21861	0.3937	-0.014127
-0.26961	0.32349	0.11324
0.40989	0.42257	0.072028
-0.37003	0.29894	0.035655
-0.27865	0.30845	-0.073723
0.25005	0.40577	0.0059331
-0.32875	0.3143	-0.014335
0.23311	0.39651	-0.03057
-0.24508	0.33084	-0.073586
0.47545	0.42835	0.040534
0.44912	0.45239	-0.070737
-0.30058	0.337	0.10774
0.27021	0.41853	-0.039941
-0.27602	0.34022	0.12389
-0.2267	0.32371	0.080986
0.3559	0.44677	0.092424
-0.24468	0.33763	0.10618
-0.22678	0.34261	0.083808
0.30027	0.41633	0.077179
0.26562	0.41598	0.027143
-0.39134	0.30723	0.070435
-0.20747	0.33623	0.068034
0.44993	0.46017	0.078339
0.28186	0.42299	0.05526
0.49621	0.44815	-0.017324
-0.34801	0.32501	0.088224
-0.17793	0.35261	0.034361
0.33901	0.46382	0.08613
0.34776	0.43516	-0.076371
-0.39937	0.31749	0.090681
-0.40492	0.31986	0.047681
0.47656	0.44776	-0.046458
-0.19678	0.355	0.036873
-0.3059	0.33916	-0.03727
-0.21523	0.35717	0.066338
-0.35252	0.32895	-0.014847
0.27883	0.43993	0.0040139
-0.17708	0.35824	0.0086556
-0.25645	0.35334	-0.066504
0.30925	0.44993	-0.05334
-0.42168	0.32812	0.070565
-0.38786	0.32061	0.091495
0.40374	0.47048	0.091555
0.38265	0.46576	-0.088625
-0.18429	0.3635	-0.023475
0.28022	0.44667	0.023623
-0.38484	0.33988	0.0044629
-0.28492	0.33986	-0.062721
-0.25571	0.35867	0.13116
-0.20125	0.36895	-0.0032314
-0.20986	0.37786	0.037177
0.31141	0.4669	0.070211
0.42711	0.48088	0.086769
-0.23007	0.36046	-0.059229
0.42223	0.46829	-0.086355
-0.36231	0.34006	0.1086
-0.28606	0.37919	0.15023
-0.28705	0.35263	-0.041824
0.29055	0.44646	-0.028497
-0.42909	0.33548	0.11063
0.50899	0.47621	-0.0036512
0.47565	0.46886	0.067799
-0.25775	0.3597	-0.044082
0.34928	0.46359	-0.081055
-0.20702	0.36504	-0.04428
-0.35225	0.35061	-0.02494
-0.22381	0.36959	-0.032274
0.51058	0.48943	0.029677
0.50564	0.4979	-0.030435
0.38663	0.48541	0.095818
-0.22948	0.38459	0.10209
-0.34029	0.3765	0.14254
0.50818	0.51345	0.05563
-0.42629	0.34885	0.041052
0.4533	0.48937	0.085443
-0.30054	0.3735	0.13665
0.51585	0.50364	-0.011199
-0.4418	0.34712	0.090364
-0.33091	0.3849	-0.034851
-0.25664	0.38175	0.13496
-0.27361	0.37332	-0.034629
0.29666	0.49494	-0.020497
-0.25021	0.38854	-0.016707
0.36596	0.49013	0.093538
0.48354	0.51518	0.084027
0.31559	0.48179	-0.060741
0.46322	0.51174	-0.069588
0.29713	0.48365	0.028067
-0.44812	0.37323	0.058977
-0.2203	0.39261	0.019269
0.41764	0.49617	0.096247
0.33342	0.50668	0.057879
0.38286	0.49151	-0.08723
-0.29911	0.40388	-0.02802
-0.44723	0.36009	0.13321
0.44472	0.52686	-0.075476
0.33845	0.50224	-0.072612
-0.40518	0.35736	0.11862
0.49301	0.51885	-0.047559
-0.37519	0.37372	-0.015738
-0.45991	0.37361	0.10957
0.526	0.52482	0.018016
0.44425	0.5203	0.096572
-0.4192	0.38784	0.012609
0.35834	0.51378	0.079437
-0.2347	0.40245	0.0067007
-0.22973	0.42196	0.055719
0.41422	0.49545	-0.086656
0.52526	0.53827	-0.012743
-0.34442	0.40415	0.15844
-0.41772	0.38417	0.14099
0.47799	0.53092	0.094778
-0.24954	0.40559	0.12079
-0.32332	0.39999	0.16536
-0.2229	0.40028	0.084039
-0.458	0.37926	0.13722
0.52708	0.54365	0.042677
0.51578	0.55503	0.075644
-0.35291	0.43305	-0.027255
-0.40181	0.4221	0.16823
0.53695	0.57919	0.039857
-0.45719	0.38262	0.085781
-0.44421	0.38653	0.039978
-0.31061	0.41389	0.16654
-0.25344	0.43636	0.099902
0.37279	0.53839	0.071306
-0.28708	0.43134	-0.014678
0.40087	0.54155	-0.073552
0.38802	0.52541	0.089023
0.41021	0.51812	0.097112
-0.33033	0.44039	-0.028652
-0.44723	0.40114	0.056584
-0.27047	0.43018	0.12912
-0.48004	0.39611	0.10446
0.40854	0.55318	0.090745
0.34254	0.53026	-0.066561
0.32477	0.52298	-0.053609
0.50193	0.57533	-0.035591
-0.24696	0.4402	0.072161
0.52719	0.58385	-0.011704
0.43018	0.54367	0.10103
-0.34878	0.43964	0.18153
0.33398	0.53905	0.027896
-0.47153	0.40158	0.082403
-0.37225	0.44112	0.1787
0.53345	0.56792	-0.0022905
0.45015	0.55005	0.10512
-0.49349	0.4106	0.12276
0.31488	0.52787	-0.0044469
-0.43905	0.42236	0.16165
-0.50017	0.40329	0.096841
-0.44492	0.43631	0.055504
0.3937	0.56026	0.070509
-0.31055	0.44346	0.16237
-0.46115	0.42222	0.059974
-0.25201	0.44136	0.032608
-0.50981	0.41936	0.049735
-0.56162	0.40748	0.086953
-0.55473	0.41168	0.065255
0.36552	0.57625	0.039704
0.52193	0.57646	0.080868
0.50769	0.57832	0.097451
-0.29567	0.46262	-0.0025018
-0.55506	0.4142	0.10167
0.47816	0.5813	-0.044035
0.3432	0.55491	-0.03376
0.49826	0.58118	0.18861
-0.35314	0.44519	-0.024193
-0.41327	0.44655	0.0020955
0.47661	0.58317	0.12155
0.54029	0.59935	0.0063256
0.3931	0.56209	-0.058774
-0.55619	0.42028	0.053338
0.47972	0.56946	0.10135
0.50658	0.58578	0.12895
0.46421	0.58435	0.15965
-0.29307	0.46148	0.12507
0.44577	0.58613	-0.047089
-0.4738	0.42659	0.15103
0.35383	0.56944	-0.016246
-0.52339	0.42628	0.045795
0.48381	0.58411	0.20903
0.45157	0.58038	0.10317
-0.5019	0.42906	0.13055
-0.27226	0.46712	0.054862
-0.4228	0.45819	0.17813
-0.29258	0.47269	0.10091
0.46695	0.59506	0.21796
0.35831	0.57775	0.014623
-0.35715	0.46959	0.18161
0.5449	0.59441	0.065993
-0.57861	0.42359	0.075483
0.42975	0.60221	0.10496
0.44549	0.59968	0.17945
-0.42247	0.44341	0.012871
0.52622	0.60169	0.1311
-0.493	0.44491	0.043165
0.38657	0.58692	0.042476
0.52119	0.61377	-0.015759
0.52651	0.61006	0.18384
0.44125	0.59562	0.11667
0.50847	0.60494	0.20875
0.3796	0.57995	-0.033446
0.50759	0.62131	-0.020206
-0.37257	0.48086	0.0097984
-0.28462	0.48113	0.027316
-0.46216	0.45736	0.16268
0.41696	0.60405	0.074281
-0.3376	0.47056	-0.0064376
0.45011	0.60899	0.20855
0.56519	0.63515	0.01206
0.53651	0.62331	0.16262
0.49214	0.61935	0.22649
-0.3974	0.4796	0.1915
-0.54101	0.45017	0.11963
0.42606	0.59993	0.091753
-0.33153	0.48484	0.14328
-0.4162	0.46853	0.048745
0.51919	0.62381	0.20217
-0.57045	0.45659	0.068078
-0.40517	0.4752	0.0216
0.39352	0.60635	0.016422
-0.41245	0.46857	0.17872
-0.44023	0.46442	0.063295
0.41576	0.59631	-0.032405
0.54635	0.6293	0.12653
-0.51442	0.46744	0.13511
-0.32097	0.48671	0.11452
0.48154	0.6207	-0.022339
0.39084	0.60221	-0.00063067
0.47407	0.61223	0.2404
-0.56574	0.45888	0.1069
-0.57537	0.45429	0.084529
-0.35711	0.49633	0.15865
-0.41857	0.49643	0.088324
0.56114	0.64187	0.00045626
0.46665	0.63101	-0.01123
-0.34448	0.50636	0.048211
0.57605	0.64755	0.036677
-0.45756	0.47994	0.058383
0.41542	0.6139	0.047057
0.41614	0.61884	0.20344
-0.51704	0.47342	0.042575
-0.56583	0.47969	0.05907
-0.38999	0.49954	0.18054
-0.3113	0.49559	0.059334
0.42337	0.60985	0.1524
-0.38322	0.49774	0.043165
-0.33346	0.50559	0.059687
0.53648	0.64531	0.15255
0.57372	0.66332	0.057779
-0.39547	0.4915	0.065636
0.54826	0.64607	0.12523
-0.42482	0.49838	0.17484
0.45071	0.6324	0.22811
0.4019	0.62883	0.13736
0.42982	0.62544	0.0067314
0.49782	0.63943	0.20843
-0.5149	0.50275	0.14016
0.49015	0.64926	-0.013565
0.41992	0.62999	0.074039
0.40251	0.63991	0.11006
-0.34222	0.49899	0.086374
-0.34883	0.50625	0.12364
0.52188	0.67098	-0.023193
-0.38173	0.51365	0.14312
-0.47113	0.49469	0.16039
-0.48675	0.50323	0.057676
0.47279	0.65156	0.21111
0.39989	0.65785	0.20612
0.3969	0.64093	0.17482
-0.37464	0.50459	0.090182
-0.60079	0.47801	0.092478
-0.5656	0.48352	0.11559
0.57835	0.66373	0.018793
0.45255	0.64352	0.010908
-0.56987	0.51237	0.11663
-0.41592	0.52038	0.11058
0.43693	0.64116	0.035835
-0.40224	0.51621	0.11938
0.37553	0.65987	0.16521
-0.44498	0.51162	0.16642
-0.42114	0.51258	0.15886
-0.52861	0.50786	0.057992
-0.44971	0.53131	0.081199
0.56979	0.67986	0.038425
-0.41196	0.51648	0.13897
-0.56175	0.50458	0.065311
0.55541	0.66858	0.081936
0.41767	0.6618	0.087245
0.46528	0.67378	0.16204
0.46026	0.66722	0.18997
0.4205	0.64329	0.23571
0.52593	0.68409	0.073321
0.55759	0.69468	0.0089884
0.37328	0.66897	0.18876
0.43677	0.65796	0.21897
-0.54334	0.51683	0.13302
0.48713	0.68096	0.11823
-0.60533	0.49047	0.10233
-0.43857	0.5397	0.14312
-0.42863	0.53624	0.10571
-0.50295	0.52254	0.06095
-0.4847	0.54102	0.15355
0.38726	0.66766	0.12972
0.50467	0.68003	-0.013936
0.46609	0.67564	0.019639
-0.59969	0.49256	0.085053
0.37846	0.67701	0.19741
-0.57717	0.51799	0.08544
-0.58468	0.51463	0.1019
0.39863	0.68024	0.2018
-0.46753	0.55044	0.0832
0.42424	0.67314	0.086359
-0.51528	0.54544	0.14411
0.54195	0.69583	-0.011115
0.47746	0.71288	0.06929
-0.58477	0.53294	0.11513
-0.57467	0.54684	0.098293
0.52809	0.70775	-0.011202
-0.5446	0.55424	0.082672
0.42429	0.68393	0.18917
-0.55401	0.55177	0.12631
0.49093	0.6997	0.0092202
0.4449	0.70777	0.09748
0.51423	0.71276	0.031833
-0.46214	0.5656	0.098343
0.39547	0.70356	0.14358
0.52295	0.71368	0.0053678
-0.58767	0.55105	0.11612
0.38149	0.69468	0.16785
-0.45958	0.56577	0.12303
0.46851	0.7088	0.064255
0.4962	0.71643	0.023538
-0.48301	0.56623	0.14298
0.42823	0.70783	0.14591
-0.51216	0.57684	0.088629
0.44528	0.7115	0.1151
0.4013	0.71279	0.1528
-0.51797	0.56757	0.14392
-0.48393	0.5888	0.11592
-0.55096	0.56563	0.10559
-0.55373	0.56282	0.11905
-0.50115	0.58746	0.099348
-0.50744	0.58983	0.12306
-0.54103	0.5936	0.12199
0.30976	0.22348	0.04322
0.27617	0.15086	0.036057
0.51231	-0.33529	0.10158
