3	1220	1245	1302
3	1993	1992	1980
3	1980	1973	1993
3	623	578	629
3	778	731	801
3	824	822	834
3	830	869	883
3	855	830	883
3	1146	1121	1161
3	792	820	770
3	820	792	861
3	1118	981	1099
3	59	32	54
3	820	787	770
3	787	820	798
3	146	115	122
3	798	820	833
3	833	820	845
3	845	820	861
3	798	833	808
3	833	845	872
3	808	833	842
3	842	833	872
3	1011	940	1155
3	1120	1123	1129
3	1123	1120	1131
3	1123	1011	1155
3	1129	1123	1155
3	1129	1155	1154
3	1154	1155	1169
3	1189	1154	1169
3	1154	1189	1209
3	1169	1193	1189
3	1209	1189	1220
3	1189	1193	1220
3	1209	1220	1302
3	1217	1209	1302
3	1302	1286	1217
3	1968	1973	1980
3	701	699	719
3	872	845	877
3	719	699	720
3	699	701	743
3	731	699	808
3	808	699	743
3	720	699	731
3	743	798	808
3	731	808	842
3	801	731	842
3	1143	1120	1166
3	1166	1120	1218
3	1120	1129	1218
3	1235	1166	1291
3	1166	1218	1291
3	1209	1217	1291
3	1235	1291	1286
3	1286	1291	1217
3	915	874	939
3	939	896	970
3	915	939	991
3	991	939	1043
3	939	970	1043
3	970	976	1070
3	970	1070	1043
3	1001	991	1043
3	1068	1001	1043
3	1075	1043	1090
3	1043	1070	1090
3	1068	1043	1075
3	1068	1075	1128
3	1075	1090	1111
3	822	838	843
3	838	822	831
3	834	822	843
3	843	838	874
3	838	831	896
3	896	831	856
3	843	892	903
3	838	896	874
3	834	843	934
3	934	843	903
3	874	896	939
3	1038	1072	1130
3	1075	1111	1128
3	1128	1111	1133
3	1133	1111	1144
3	1072	1103	1130
3	1130	1103	1165
3	1133	1144	1180
3	1103	1148	1165
3	1148	1128	1133
3	1165	1148	1133
3	1121	1130	1165
3	1180	1165	1133
3	1161	1165	1180
3	1121	1165	1161
3	869	834	883
3	855	883	966
3	950	855	966
3	883	834	934
3	934	903	977
3	883	934	966
3	950	966	981
3	1038	934	977
3	981	966	1038
3	966	934	1038
3	950	981	1048
3	1038	977	1072
3	981	1038	1062
3	1063	1038	1130
3	1038	1063	1062
3	1062	1063	1121
3	981	1062	1099
3	1063	1130	1121
3	1099	1062	1121
3	1099	1121	1146
3	1108	1068	1128
3	1218	1129	1154
3	1218	1154	1209
3	1076	1109	1167
3	1218	1209	1291
3	848	915	991
3	991	1001	985
3	848	843	874
3	843	848	892
3	848	874	915
3	903	892	977
3	985	848	991
3	892	848	985
3	892	985	1019
3	1072	977	892
3	1072	892	1019
3	985	1001	1108
3	1072	1019	1108
3	1019	985	1108
3	1108	1001	1068
3	1103	1072	1108
3	1108	1128	1148
3	1103	1108	1148
3	257	260	286
3	214	260	257
3	214	240	260
3	260	240	268
3	214	192	240
3	168	192	214
3	1778	1822	1828
3	1746	1828	1815
3	1746	1778	1828
3	1746	1758	1778
3	1737	1705	1746
3	1661	1705	1737
3	1682	1737	1749
3	1682	1661	1737
3	1682	1619	1661
3	1619	1650	1661
3	350	300	335
3	298	300	350
3	253	300	298
3	253	257	300
3	253	232	257
3	232	214	257
3	182	232	253
3	189	182	253
3	182	214	232
3	113	192	168
3	182	168	214
3	106	168	182
3	106	113	168
3	154	106	182
3	1915	1910	1956
3	1788	1815	1854
3	1849	1788	1854
3	1737	1746	1815
3	1788	1737	1815
3	1749	1788	1790
3	1788	1749	1737
3	1759	1749	1790
3	1759	1719	1749
3	1719	1682	1749
3	246	253	298
3	246	207	253
3	207	189	253
3	166	189	207
3	189	154	182
3	166	154	189
3	128	154	166
3	90	106	154
3	128	90	154
3	1966	1970	1945
3	1966	1915	1970
3	1886	1915	1966
3	1945	1886	1966
3	1915	1886	1849
3	21	47	48
3	38	21	48
3	21	17	47
3	965	1031	1158
3	965	943	1031
3	890	965	1158
3	890	943	965
3	1224	1236	1305
3	1224	1305	1325
3	1268	1224	1325
3	1224	1112	1236
3	1112	1181	1236
3	1138	1112	1224
3	1175	1138	1224
3	1112	1158	1181
3	1010	1112	1138
3	1158	1112	1010
3	852	1158	1010
3	852	890	1158
3	931	852	1010
3	931	835	852
3	721	890	852
3	764	852	835
3	799	854	890
3	721	799	890
3	764	721	852
3	712	721	764
3	1309	1268	1351
3	1268	1325	1351
3	1254	1268	1309
3	1254	1224	1268
3	1175	1224	1254
3	1187	1175	1254
3	1057	1187	1117
3	1057	1175	1187
3	1010	1138	1175
3	1041	1057	1117
3	1041	1023	1057
3	1057	1010	1175
3	1057	1023	1010
3	1041	973	1023
3	973	885	1023
3	885	931	1023
3	1023	931	1010
3	895	973	1041
3	885	835	931
3	895	767	973
3	767	885	973
3	767	835	885
3	868	767	895
3	766	767	868
3	767	764	835
3	767	724	764
3	766	724	767
3	695	724	766
3	724	712	764
3	724	622	712
3	695	622	724
3	1364	1264	1309
3	1140	1264	1292
3	1187	1254	1309
3	1264	1187	1309
3	1140	1187	1264
3	1140	1117	1187
3	1049	1117	1140
3	1049	1041	1117
3	921	1041	1049
3	969	1049	1029
3	969	921	1049
3	921	895	1041
3	806	921	969
3	806	895	921
3	806	782	895
3	782	868	895
3	782	766	868
3	708	766	782
3	708	714	766
3	714	695	766
3	1171	1140	1292
3	1171	1049	1140
3	1101	1081	1171
3	1081	1049	1171
3	968	1081	1101
3	1029	1049	1081
3	1029	1081	968
3	942	1029	968
3	942	969	1029
3	806	969	942
3	942	968	933
3	933	806	942
3	933	813	806
3	933	810	813
3	773	813	810
3	773	806	813
3	773	782	806
3	773	747	782
3	747	708	782
3	710	708	747
3	1101	1171	1211
3	947	1028	988
3	947	941	1028
3	893	897	947
3	1054	1051	1084
3	1074	1084	1091
3	1052	1074	1091
3	1053	1054	1084
3	1074	1053	1084
3	1054	1016	1051
3	1013	1052	1091
3	988	1054	1053
3	1028	1016	1054
3	988	1028	1054
3	1013	1008	1052
3	1008	1004	1052
3	941	1003	1016
3	954	1004	1008
3	941	1016	1028
3	1008	963	954
3	941	916	1003
3	897	916	941
3	900	938	956
3	947	897	941
3	938	901	963
3	901	920	963
3	900	901	938
3	899	916	897
3	899	914	916
3	897	865	899
3	900	899	901
3	865	901	899
3	956	938	1013
3	938	1008	1013
3	938	963	1008
3	1005	988	1053
3	1005	971	988
3	932	971	1005
3	982	932	1005
3	955	988	971
3	955	947	988
3	828	955	971
3	932	828	971
3	893	947	955
3	858	932	982
3	850	828	932
3	858	850	932
3	828	865	893
3	850	858	860
3	828	860	865
3	828	850	860
3	955	828	893
3	1039	1053	1074
3	1004	1039	1074
3	1039	1005	1053
3	982	1005	1039
3	1004	982	1039
3	954	982	1004
3	954	913	982
3	920	954	963
3	913	858	982
3	920	913	954
3	920	860	913
3	865	920	901
3	893	865	897
3	865	860	920
3	860	858	913
3	667	629	672
3	629	671	672
3	629	589	671
3	578	574	629
3	574	589	629
3	574	561	589
3	578	556	574
3	589	535	580
3	561	535	589
3	570	556	578
3	550	561	574
3	556	550	574
3	504	535	561
3	504	561	550
3	504	463	535
3	504	469	463
3	488	469	504
3	439	469	488
3	288	336	337
3	303	360	336
3	315	288	337
3	288	303	336
3	276	288	315
3	259	303	288
3	243	276	315
3	220	259	288
3	276	220	288
3	239	220	276
3	243	239	276
3	243	204	239
3	213	204	243
3	239	191	220
3	204	191	239
3	179	159	213
3	159	204	213
3	204	159	191
3	159	152	191
3	141	159	179
3	159	117	152
3	152	147	178
3	117	123	152
3	141	117	159
3	152	123	147
3	1859	1855	1888
3	1856	1859	1888
3	1856	1813	1859
3	1859	1818	1855
3	1781	1859	1813
3	1781	1818	1859
3	1813	1777	1781
3	1744	1781	1777
3	1729	1769	1781
3	1733	1744	1777
3	1744	1729	1781
3	1684	1716	1729
3	1639	1716	1684
3	1648	1639	1684
3	1611	1639	1648
3	1577	1632	1637
3	1606	1577	1637
3	1571	1577	1606
3	1558	1571	1606
3	1571	1499	1577
3	1499	1552	1577
3	1558	1514	1571
3	1499	1525	1552
3	1483	1499	1571
3	1514	1483	1571
3	463	487	535
3	469	434	463
3	463	443	487
3	436	434	469
3	410	463	434
3	410	443	463
3	439	436	469
3	434	369	410
3	366	434	436
3	366	369	434
3	369	357	410
3	360	369	366
3	337	366	389
3	360	357	369
3	337	336	366
3	336	360	366
3	344	315	337
3	264	243	315
3	280	264	272
3	213	264	280
3	264	213	243
3	280	208	213
3	233	187	208
3	208	179	213
3	187	179	208
3	169	179	187
3	157	169	187
3	169	141	179
3	125	169	157
3	125	141	169
3	125	117	141
3	111	117	125
3	1835	1806	1856
3	1806	1756	1856
3	1756	1813	1856
3	1789	1806	1835
3	1789	1757	1806
3	1756	1777	1813
3	1757	1756	1806
3	1757	1740	1756
3	1756	1733	1777
3	1701	1740	1757
3	1700	1733	1756
3	1740	1700	1756
3	1701	1700	1740
3	1683	1700	1701
3	1685	1672	1701
3	1672	1683	1701
3	514	503	546
3	514	546	571
3	514	453	503
3	447	453	514
3	271	313	310
3	283	271	310
3	271	277	313
3	281	301	277
3	281	280	296
3	271	233	277
3	255	271	283
3	277	233	281
3	202	271	255
3	202	233	271
3	233	280	281
3	233	208	280
3	202	187	233
3	157	187	202
3	1688	1695	1700
3	1683	1688	1700
3	1683	1677	1688
3	1672	1677	1683
3	1672	1631	1677
3	1631	1628	1677
3	1628	1623	1677
3	1593	1628	1631
3	1570	1623	1628
3	1593	1570	1628
3	1555	1570	1593
3	1555	1593	1551
3	1555	1531	1570
3	1497	1531	1555
3	1551	1490	1555
3	1542	1490	1551
3	1490	1497	1555
3	1494	1531	1497
3	1542	1491	1490
3	1438	1448	1494
3	1438	1494	1497
3	1490	1438	1497
3	1430	1438	1490
3	1430	1490	1491
3	1408	1438	1430
3	1433	1411	1448
3	1433	1448	1438
3	1438	1408	1433
3	597	581	636
3	548	581	597
3	546	548	597
3	548	547	581
3	546	503	548
3	479	547	548
3	503	479	548
3	453	479	503
3	453	470	479
3	429	444	479
3	429	479	470
3	429	417	444
3	372	417	429
3	391	429	470
3	391	372	429
3	372	377	417
3	372	332	377
3	340	372	391
3	340	310	372
3	310	332	372
3	310	313	332
3	1374	1411	1433
3	1389	1374	1433
3	1408	1389	1433
3	1319	1374	1389
3	1319	1310	1374
3	1333	1319	1389
3	1284	1310	1319
3	1281	1284	1319
3	1281	1319	1333
3	1206	1310	1284
3	1206	1284	1281
3	1237	1206	1281
3	1125	1159	1206
3	754	752	802
3	692	752	754
3	662	692	754
3	662	666	692
3	662	604	666
3	636	604	662
3	604	614	666
3	581	604	636
3	581	547	604
3	1310	1199	1290
3	1199	1280	1290
3	1310	1206	1199
3	1199	1174	1280
3	1174	1225	1280
3	1159	1199	1206
3	1199	1132	1174
3	1159	1135	1199
3	1135	1132	1199
3	1135	1080	1132
3	863	836	905
3	785	836	863
3	762	836	785
3	711	785	863
3	752	711	863
3	762	785	711
3	752	704	711
3	711	694	762
3	752	692	704
3	670	694	711
3	692	666	704
3	1243	1287	1225
3	1174	1243	1225
3	1174	1182	1243
3	1174	1157	1182
3	1132	1060	1174
3	1174	1060	1157
3	1058	1042	1132
3	1132	1042	1060
3	1042	996	1060
3	1042	960	996
3	960	907	996
3	927	960	962
3	927	907	960
3	927	805	907
3	905	836	927
3	836	805	927
3	836	726	805
3	762	726	836
3	694	726	762
3	694	646	726
3	1225	1287	1346
3	805	823	907
3	726	678	805
3	646	678	726
3	1731	1729	1744
3	389	366	436
3	272	264	302
3	302	264	315
3	280	272	296
3	1700	1717	1733
3	277	301	313
3	281	296	301
3	1677	1623	1688
3	332	365	377
3	313	329	332
3	1310	1290	1332
3	1280	1225	1317
3	670	646	694
3	1385	1446	1461
3	1419	1385	1461
3	1419	1351	1385
3	1351	1325	1385
3	1325	1305	1385
3	598	655	622
3	622	576	598
3	595	622	635
3	595	576	622
3	555	598	576
3	595	555	576
3	1390	1419	1464
3	1424	1390	1464
3	1424	1364	1390
3	1407	1364	1424
3	1390	1351	1419
3	1350	1364	1407
3	1364	1351	1390
3	1292	1264	1364
3	635	622	695
3	714	635	695
3	645	635	714
3	602	635	645
3	602	595	635
3	560	595	602
3	533	555	595
3	1344	1350	1418
3	1350	1292	1364
3	1344	1306	1350
3	1350	1306	1292
3	1478	1492	1507
3	1512	1514	1541
3	1611	1541	1558
3	570	578	651
3	1395	1353	1443
3	793	812	832
3	1285	1213	1256
3	139	100	99
3	43	44	94
3	905	927	962
3	962	960	1042
3	863	905	924
3	924	905	995
3	905	962	1058
3	995	905	1058
3	1058	962	1042
3	995	1058	1080
3	1080	1058	1132
3	802	752	840
3	1125	1206	1237
3	453	391	470
3	1638	1631	1672
3	1541	1514	1558
3	1558	1606	1639
3	1639	1606	1637
3	1639	1637	1657
3	1639	1657	1686
3	1639	1686	1716
3	1769	1818	1781
3	1855	1898	1888
3	152	178	191
3	191	197	220
3	1361	1378	1425
3	1443	1361	1472
3	1361	1425	1472
3	1443	1472	1478
3	535	513	569
3	1425	1473	1500
3	1472	1486	1492
3	1472	1425	1486
3	1478	1472	1492
3	1486	1425	1500
3	1473	1483	1500
3	1514	1500	1483
3	1492	1486	1512
3	1486	1500	1514
3	1512	1486	1514
3	1611	1558	1639
3	1657	1637	1654
3	1657	1654	1686
3	1686	1654	1697
3	1686	1697	1716
3	1716	1697	1750
3	1697	1724	1754
3	1750	1697	1754
3	1729	1716	1750
3	1769	1729	1750
3	1750	1754	1819
3	1769	1750	1819
3	1769	1819	1818
3	1818	1819	1855
3	1819	1845	1871
3	1819	1871	1855
3	191	178	197
3	578	623	639
3	578	639	651
3	639	623	673
3	623	629	667
3	673	623	667
3	651	639	689
3	639	673	689
3	673	686	689
3	686	673	702
3	663	689	709
3	702	673	667
3	667	672	723
3	702	667	728
3	728	667	723
3	702	728	765
3	1257	1289	1362
3	1318	1257	1362
3	1327	1318	1367
3	1353	1327	1367
3	1362	1289	1361
3	1318	1362	1367
3	1362	1386	1367
3	1362	1361	1386
3	1353	1367	1386
3	1353	1386	1436
3	1386	1361	1436
3	1436	1361	1443
3	1353	1436	1443
3	709	689	686
3	686	702	765
3	709	686	793
3	686	765	793
3	739	709	793
3	793	765	800
3	793	800	812
3	800	765	728
3	800	728	925
3	832	812	923
3	812	800	910
3	812	910	945
3	812	945	923
3	945	993	1069
3	1113	1022	1076
3	1076	1167	1113
3	1113	1167	1204
3	1109	1185	1167
3	1204	1167	1226
3	1204	1226	1213
3	1167	1185	1226
3	1226	1185	1247
3	1213	1226	1256
3	1226	1247	1256
3	1256	1247	1298
3	1247	1257	1298
3	1285	1256	1318
3	1256	1298	1318
3	1327	1285	1318
3	1298	1257	1318
3	945	910	993
3	923	945	1076
3	1022	923	1076
3	1076	945	1109
3	945	1069	1109
3	840	752	863
3	840	863	924
3	840	924	999
3	924	995	999
3	840	999	1014
3	1014	999	1067
3	999	995	1080
3	1067	999	1135
3	999	1080	1135
3	1067	1135	1159
3	636	662	706
3	706	662	754
3	748	706	754
3	748	754	802
3	748	802	818
3	866	748	818
3	818	802	875
3	866	818	887
3	887	818	986
3	818	875	986
3	875	802	840
3	875	840	1014
3	875	1014	1047
3	986	875	1047
3	986	1047	1032
3	1014	1067	1047
3	1082	1032	1047
3	1082	1047	1136
3	1125	1047	1067
3	1152	1082	1136
3	1136	1047	1125
3	1125	1067	1159
3	1136	1125	1237
3	1136	1237	1238
3	1152	1136	1238
3	1237	1281	1238
3	1238	1281	1333
3	340	391	395
3	610	597	636
3	657	610	674
3	610	636	674
3	674	636	706
3	700	674	733
3	674	706	748
3	733	674	756
3	674	748	756
3	756	748	866
3	733	756	826
3	826	756	866
3	889	826	866
3	844	826	889
3	866	887	889
3	844	889	944
3	889	887	998
3	889	998	944
3	998	887	986
3	1025	986	1032
3	998	986	1025
3	944	998	1025
3	959	944	1055
3	944	1025	1055
3	1055	1025	1087
3	1032	1082	1025
3	1139	1055	1087
3	1087	1025	1114
3	1025	1082	1114
3	1114	1082	1152
3	1087	1114	1168
3	1114	1152	1168
3	1139	1087	1168
3	1168	1152	1215
3	1215	1152	1238
3	1168	1215	1208
3	1208	1215	1282
3	1215	1238	1316
3	1282	1215	1316
3	1282	1316	1303
3	1316	1238	1333
3	1316	1333	1358
3	1303	1316	1373
3	1373	1316	1358
3	1333	1389	1358
3	1358	1389	1408
3	1373	1358	1430
3	1358	1408	1430
3	1542	1551	1564
3	1564	1551	1593
3	1564	1593	1638
3	1638	1593	1631
3	176	157	198
3	157	202	198
3	176	198	227
3	223	176	227
3	198	202	227
3	227	202	255
3	223	227	265
3	227	255	265
3	265	255	283
3	265	283	297
3	292	265	297
3	297	283	305
3	292	297	324
3	324	297	305
3	340	305	283
3	331	324	305
3	305	340	361
3	283	310	340
3	331	305	356
3	331	356	358
3	305	361	356
3	356	361	395
3	358	356	382
3	361	340	395
3	1171	1306	1211
3	630	645	708
3	710	630	708
3	641	630	710
3	590	630	641
3	630	602	645
3	557	602	630
3	590	557	630
3	557	560	602
3	1313	1306	1344
3	1337	1313	1344
3	1211	1306	1313
3	1294	1313	1337
3	1271	1188	1297
3	1188	1294	1297
3	1188	1313	1294
3	1196	1188	1271
3	1211	1313	1188
3	1188	1163	1211
3	1163	1101	1211
3	1163	1188	1196
3	1150	1163	1196
3	1018	1101	1163
3	1150	1018	1163
3	992	1018	1150
3	803	933	1018
3	908	803	1018
3	908	851	803
3	803	810	933
3	795	810	803
3	777	851	853
3	810	795	773
3	803	729	795
3	729	803	851
3	777	729	851
3	795	747	773
3	729	747	795
3	740	729	777
3	687	729	740
3	687	680	729
3	641	710	747
3	729	641	747
3	680	641	729
3	625	641	680
3	1234	1271	1288
3	1234	1162	1271
3	1198	1162	1234
3	1162	1196	1271
3	1198	1153	1162
3	1162	1150	1196
3	1153	997	1162
3	1162	997	1150
3	997	992	1150
3	1037	997	1153
3	967	992	997
3	908	1018	992
3	967	908	992
3	967	997	935
3	967	853	908
3	935	853	967
3	853	851	908
3	816	853	935
3	873	816	935
3	790	816	873
3	816	777	853
3	757	816	790
3	757	740	816
3	740	777	816
3	676	740	757
3	665	687	740
3	676	665	740
3	1202	1127	1198
3	1127	1153	1198
3	1242	1219	1241
3	1219	1149	1241
3	1149	1202	1241
3	1149	1127	1202
3	1127	1037	1153
3	1026	1127	1149
3	1000	1026	1149
3	1026	1037	1127
3	935	997	1037
3	873	935	1037
3	1026	873	1037
3	1000	888	1026
3	888	873	1026
3	894	888	1000
3	888	790	873
3	772	790	888
3	772	888	819
3	725	757	790
3	772	725	790
3	725	676	757
3	1439	1493	1549
3	1509	1439	1549
3	1440	1493	1439
3	1421	1439	1509
3	1421	1405	1439
3	1405	1363	1439
3	1421	1331	1405
3	1315	1363	1405
3	1331	1315	1405
3	1315	1300	1363
3	1315	1331	1296
3	1265	1300	1315
3	1250	1265	1296
3	1203	1105	1219
3	1105	1149	1219
3	1105	1000	1149
3	1089	1105	1107
3	1105	1061	1000
3	1051	1061	1089
3	1089	1061	1105
3	990	1061	1051
3	1015	990	1051
3	990	1000	1061
3	990	894	1000
3	928	990	1015
3	928	930	990
3	930	894	990
3	878	894	930
3	928	898	930
3	894	819	888
3	898	878	930
3	898	817	878
3	912	817	898
3	878	819	894
3	579	585	620
3	579	528	585
3	1566	1600	1610
3	1576	1566	1610
3	1566	1518	1549
3	1518	1509	1549
3	1560	1518	1566
3	1468	1518	1560
3	1468	1509	1518
3	1429	1468	1459
3	1468	1421	1509
3	1429	1392	1468
3	1392	1421	1468
3	1392	1331	1421
3	1304	1392	1429
3	1311	1331	1392
3	1304	1311	1392
3	1311	1296	1331
3	1250	1311	1304
3	1250	1296	1311
3	1107	1104	1115
3	1089	1107	1115
3	1091	1084	1089
3	1091	1089	1115
3	1006	1115	1104
3	1073	1091	1115
3	1084	1051	1089
3	1059	1006	1104
3	1006	1073	1115
3	1003	1051	1016
3	1006	1013	1073
3	1003	1015	1051
3	1006	956	1013
3	1003	928	1015
3	961	1006	1012
3	948	961	1012
3	919	961	948
3	916	928	1003
3	918	956	961
3	919	918	961
3	918	900	956
3	914	928	916
3	912	919	948
3	914	899	918
3	899	900	918
3	914	912	898
3	914	898	928
3	912	914	919
3	914	918	919
3	515	490	579
3	476	490	515
3	482	476	515
3	437	476	482
3	1586	1629	1679
3	1640	1586	1679
3	1576	1629	1586
3	1576	1610	1629
3	1584	1586	1640
3	1586	1560	1576
3	1584	1533	1586
3	1560	1566	1576
3	1533	1560	1586
3	1557	1533	1584
3	1536	1470	1557
3	1470	1533	1557
3	1533	1468	1560
3	1470	1459	1533
3	1459	1468	1533
3	1428	1459	1470
3	1428	1429	1459
3	1354	1429	1428
3	961	956	1006
3	413	482	484
3	438	413	484
3	413	437	482
3	416	437	413
3	401	438	460
3	371	413	438
3	413	326	416
3	371	385	413
3	326	413	385
3	1786	1822	1778
3	1743	1786	1778
3	1743	1747	1786
3	1758	1743	1778
3	1743	1714	1747
3	1694	1714	1743
3	1705	1743	1758
3	1705	1694	1743
3	1679	1714	1694
3	1640	1694	1705
3	1694	1640	1679
3	1650	1640	1705
3	1619	1599	1650
3	1599	1584	1640
3	1557	1584	1599
3	401	371	438
3	401	370	371
3	286	385	371
3	370	286	371
3	335	286	370
3	286	326	385
3	300	286	335
3	286	321	326
3	286	260	321
3	257	286	300
3	268	321	260
3	1746	1705	1758
3	1650	1705	1661
3	1364	1309	1351
3	645	714	708
3	1306	1171	1292
3	1018	968	1101
3	933	968	1018
3	1073	1013	1091
3	1950	1924	1927
3	1894	1958	1938
3	1870	1923	1958
3	1894	1870	1958
3	1923	1882	1950
3	1883	1882	1923
3	1950	1882	1924
3	1870	1883	1923
3	1882	1865	1924
3	1842	1883	1870
3	1842	1882	1883
3	1842	1870	1823
3	1814	1865	1882
3	1842	1814	1882
3	1809	1842	1823
3	1842	1808	1814
3	1808	1842	1809
3	1245	1258	1302
3	1258	1261	1302
3	1261	1286	1302
3	1261	1272	1286
3	1246	1272	1261
3	1195	1272	1246
3	1258	1252	1261
3	1220	1231	1245
3	1210	1246	1261
3	1252	1210	1261
3	1220	1193	1231
3	1210	1195	1246
3	1170	1192	1195
3	1170	1177	1192
3	1122	1177	1170
3	1122	1143	1177
3	1092	1122	1170
3	1122	1131	1143
3	1071	1122	1092
3	1122	1085	1131
3	1011	1123	1131
3	1071	1085	1122
3	1085	1011	1131
3	1085	1009	1011
3	1071	1002	1085
3	1002	1009	1085
3	949	1002	1071
3	1002	891	1009
3	949	891	1002
3	1009	877	1011
3	891	877	1009
3	877	940	1011
3	882	891	949
3	879	882	949
3	877	861	940
3	882	877	891
3	801	842	872
3	862	877	882
3	845	861	877
3	862	872	877
3	862	801	872
3	814	862	882
3	814	882	809
3	814	801	862
3	814	778	801
3	755	778	814
3	809	755	814
3	753	755	809
3	755	738	778
3	701	717	787
3	753	698	755
3	698	719	755
3	719	738	755
3	746	698	753
3	698	717	701
3	698	701	719
3	211	184	210
3	184	167	210
3	194	184	211
3	138	184	194
3	146	167	184
3	146	122	167
3	79	163	167
3	79	62	163
3	122	79	167
3	122	80	79
3	121	115	138
3	59	79	80
3	79	54	62
3	59	54	79
3	71	52	121
3	20	71	26
3	71	20	52
3	52	32	59
3	20	32	52
3	19	22	40
3	27	19	20
3	19	27	22
3	2	22	27
3	1	2	27
3	1995	1994	1996
3	1994	1987	1996
3	1991	1994	1995
3	1985	1995	1996
3	1971	1996	1987
3	1971	1992	1996
3	1987	1953	1971
3	1963	1953	1987
3	1934	1971	1953
3	1927	1924	1909
3	1924	1877	1909
3	1865	1877	1924
3	1865	1834	1877
3	1814	1834	1865
3	1814	1798	1834
3	1808	1798	1814
3	1808	1801	1798
3	1801	1784	1798
3	1807	1794	1809
3	1794	1801	1809
3	1801	1808	1809
3	1784	1801	1794
3	1766	1834	1798
3	1772	1784	1794
3	1784	1751	1798
3	1751	1766	1798
3	1772	1751	1784
3	1751	1745	1766
3	1728	1745	1751
3	1245	1231	1258
3	1274	1293	1278
3	1231	1274	1278
3	1252	1278	1259
3	1252	1231	1278
3	1231	1252	1258
3	717	770	787
3	717	750	770
3	744	737	750
3	698	746	744
3	734	737	744
3	737	732	750
3	717	698	750
3	698	744	750
3	247	237	291
3	247	225	237
3	228	225	247
3	244	228	247
3	200	237	225
3	210	225	228
3	201	210	228
3	201	211	210
3	167	209	210
3	210	209	225
3	209	163	225
3	167	163	209
3	163	200	225
3	163	150	200
3	62	150	163
3	120	150	62
3	26	27	20
3	3	30	42
3	24	3	42
3	1	27	26
3	1	26	30
3	5	24	25
3	5	3	24
3	5	29	14
3	3	1	30
3	0	3	5
3	0	1	3
3	0	2	1
3	1985	1991	1995
3	1977	1994	1991
3	1982	1991	1985
3	1977	1987	1994
3	1977	1963	1987
3	1982	1977	1991
3	1985	1951	1982
3	1952	1977	1982
3	1954	1951	1985
3	1952	1963	1977
3	1954	1932	1951
3	1951	1952	1982
3	1935	1963	1952
3	1951	1937	1952
3	1932	1933	1951
3	1937	1928	1952
3	1928	1935	1952
3	1933	1937	1951
3	1937	1930	1928
3	1904	1933	1932
3	1885	1928	1930
3	1745	1761	1766
3	1761	1770	1800
3	1745	1748	1761
3	1692	1748	1745
3	1728	1710	1745
3	1710	1692	1745
3	1691	1710	1728
3	737	716	732
3	237	236	269
3	237	200	236
3	1933	1916	1937
3	1823	1870	1894
3	1807	1809	1823
3	809	882	879
3	156	138	194
3	156	121	138
3	86	121	156
3	1739	1751	1772
3	1885	1935	1928
3	1922	1885	1930
3	664	608	660
3	592	608	664
3	582	608	592
3	582	575	608
3	543	592	566
3	582	567	575
3	592	543	582
3	543	541	582
3	541	567	582
3	1495	1510	1527
3	1463	1510	1495
3	1463	1506	1510
3	1510	1506	1484
3	1455	1506	1463
3	1455	1449	1506
3	1449	1462	1506
3	1454	1455	1463
3	537	543	566
3	543	524	541
3	537	524	543
3	524	502	541
3	520	524	537
3	500	502	524
3	520	500	524
3	500	468	502
3	1553	1574	1621
3	1601	1582	1621
3	1582	1553	1621
3	1522	1553	1582
3	1553	1537	1574
3	1534	1553	1522
3	1534	1537	1553
3	1526	1534	1522
3	1534	1521	1537
3	1527	1510	1534
3	1510	1521	1534
3	1510	1484	1521
3	1526	1527	1534
3	1523	1527	1526
3	1523	1495	1527
3	485	505	506
3	489	500	520
3	485	489	505
3	468	500	489
3	457	468	489
3	457	489	485
3	459	457	485
3	457	420	468
3	433	459	465
3	457	402	420
3	433	457	459
3	433	402	457
3	936	917	953
3	196	177	222
3	847	807	864
3	1191	1233	1240
3	95	55	118
3	150	104	196
3	1766	1761	1800
3	0	5	14
3	62	36	120
3	770	750	786
3	1231	1197	1274
3	1197	1260	1274
3	1834	1766	1829
3	1877	1834	1857
3	1927	1909	1948
3	1927	1948	1973
3	1990	1985	1996
3	1993	1973	1996
3	115	80	122
3	1131	1120	1143
3	1195	1192	1272
3	1272	1235	1286
3	1927	1961	1950
3	1938	1958	1960
3	1960	1958	1961
3	1958	1950	1961
3	1938	1960	1969
3	1968	1961	1927
3	1934	1938	1971
3	1938	1969	1971
3	1927	1973	1968
3	1961	1968	1960
3	1960	1968	1980
3	1960	1980	1969
3	1971	1969	1992
3	1992	1969	1980
3	1992	1993	1996
3	59	80	52
3	121	52	80
3	121	80	115
3	115	146	138
3	138	146	184
3	719	720	738
3	738	720	778
3	720	731	778
3	1143	1166	1177
3	1177	1166	1235
3	1192	1177	1235
3	1272	1192	1235
3	1923	1950	1958
3	856	884	896
3	896	884	976
3	884	936	953
3	976	884	953
3	970	896	976
3	976	953	1027
3	1070	976	1027
3	1027	953	1034
3	1027	1034	1077
3	1070	1027	1077
3	1070	1077	1088
3	1070	1088	1090
3	1090	1088	1111
3	1088	1077	1134
3	1111	1088	1144
3	118	136	130
3	130	136	175
3	177	130	219
3	219	130	175
3	177	219	222
3	783	775	815
3	815	822	824
3	822	815	831
3	831	815	856
3	815	775	847
3	847	775	807
3	815	847	856
3	856	847	884
3	847	864	936
3	884	847	936
3	1134	1077	1145
3	1077	1124	1145
3	1144	1088	1191
3	1134	1145	1191
3	1088	1134	1191
3	1191	1183	1144
3	1144	1183	1180
3	1180	1183	1161
3	1183	1191	1223
3	1191	1240	1223
3	1770	1795	1836
3	1795	1792	1864
3	1836	1795	1873
3	1795	1864	1873
3	1792	1840	1864
3	1864	1840	1895
3	1904	1864	1895
3	14	29	64
3	53	14	64
3	69	53	64
3	64	104	69
3	64	95	104
3	69	104	120
3	95	118	130
3	95	130	104
3	104	130	144
3	150	120	104
3	130	177	144
3	104	144	196
3	144	177	196
3	751	761	783
3	751	783	789
3	732	751	786
3	783	761	775
3	786	751	789
3	789	783	869
3	783	815	824
3	783	824	869
3	830	789	869
3	789	830	786
3	825	786	830
3	824	834	869
3	1099	1146	1200
3	1197	1099	1200
3	1200	1146	1223
3	1146	1161	1223
3	1161	1183	1223
3	1200	1223	1260
3	1260	1223	1269
3	1223	1240	1269
3	1766	1800	1829
3	1800	1770	1836
3	1800	1836	1857
3	1829	1800	1857
3	1836	1873	1857
3	1904	1873	1864
3	1873	1904	1917
3	1857	1873	1917
3	1917	1904	1932
3	1895	1933	1904
3	1917	1932	1954
3	1965	1917	1954
3	2	0	14
3	2	14	53
3	22	2	40
3	36	2	53
3	40	2	36
3	53	69	36
3	36	69	120
3	750	732	786
3	770	786	825
3	821	770	825
3	792	770	821
3	825	830	855
3	821	825	859
3	792	821	861
3	821	859	926
3	825	855	859
3	861	821	909
3	909	821	926
3	859	855	950
3	861	909	940
3	859	950	926
3	926	950	1048
3	909	926	1078
3	940	909	1078
3	926	1048	1040
3	926	1040	1078
3	940	1078	1155
3	1155	1078	1137
3	1040	1048	1118
3	1078	1040	1137
3	1155	1137	1169
3	1040	1118	1137
3	1118	1197	1137
3	1118	1099	1197
3	1193	1169	1137
3	1193	1137	1197
3	1197	1200	1260
3	1231	1193	1197
3	1834	1829	1857
3	1909	1857	1917
3	1877	1857	1909
3	1909	1917	1965
3	1948	1909	1965
3	1973	1948	1965
3	1965	1954	1990
3	1954	1985	1990
3	1973	1965	1990
3	1973	1990	1996
3	20	19	32
3	32	19	40
3	32	40	54
3	54	40	62
3	62	40	36
3	1052	1004	1074
3	743	701	798
3	701	787	798
3	408	402	433
3	408	390	402
3	1633	1601	1621
3	1587	1601	1633
3	1590	1587	1616
3	1587	1546	1601
3	1546	1582	1601
3	1590	1539	1587
3	1539	1546	1587
3	1546	1522	1582
3	1539	1511	1546
3	1511	1522	1546
3	1522	1523	1526
3	1524	1511	1539
3	1522	1505	1523
3	1505	1522	1511
3	497	472	508
3	472	501	508
3	496	472	497
3	467	472	496
3	501	485	506
3	472	485	501
3	472	465	485
3	467	431	472
3	465	459	485
3	431	465	472
3	465	409	433
3	409	408	433
3	431	409	465
3	400	409	431
3	405	400	431
3	409	390	408
3	368	390	409
3	400	368	409
3	392	368	400
3	1524	1539	1590
3	1517	1489	1524
3	1487	1511	1524
3	1489	1487	1524
3	1487	1505	1511
3	1487	1480	1505
3	1487	1467	1480
3	1467	1451	1480
3	1467	1487	1489
3	1441	1406	1467
3	554	540	542
3	542	549	563
3	542	532	549
3	523	532	542
3	540	523	542
3	523	526	532
3	497	508	526
3	523	497	526
3	510	523	540
3	510	497	523
3	496	497	510
3	435	467	496
3	405	431	467
3	435	405	467
3	1406	1451	1467
3	1402	1372	1406
3	1377	1372	1402
3	1371	1372	1377
3	1380	1377	1402
3	1371	1377	1379
3	617	609	618
3	617	583	609
3	554	583	617
3	554	563	583
3	542	563	554
3	1383	1400	1359
3	1400	1376	1399
3	1383	1376	1400
3	1376	1375	1399
3	1376	1379	1375
3	1377	1375	1379
3	1381	1379	1376
3	1381	1376	1383
3	1381	1371	1379
3	1335	1371	1381
3	618	607	615
3	607	618	621
3	617	618	631
3	621	618	624
3	1532	1520	1561
3	1532	1561	1559
3	1532	1529	1520
3	1520	1504	1548
3	1444	1529	1532
3	1502	1444	1532
3	1458	1520	1529
3	1444	1458	1529
3	1458	1504	1520
3	1422	1458	1444
3	1458	1450	1504
3	1399	1450	1458
3	1422	1400	1458
3	1400	1399	1458
3	1399	1431	1450
3	1388	1431	1399
3	1359	1400	1422
3	573	621	642
3	538	621	573
3	538	607	621
3	538	586	607
3	573	551	538
3	536	551	573
3	551	475	538
3	1603	1618	1645
3	1608	1603	1645
3	1603	1583	1618
3	1603	1579	1583
3	1561	1579	1603
3	1559	1561	1603
3	1559	1603	1585
3	1520	1579	1561
3	1520	1548	1579
3	477	551	536
3	481	551	477
3	551	481	475
3	477	448	481
3	448	475	481
3	455	448	477
3	455	415	448
3	411	415	455
3	415	427	448
3	411	386	415
3	380	396	415
3	386	380	415
3	1658	1656	1663
3	1651	1656	1658
3	1618	1656	1651
3	1641	1656	1618
3	1645	1618	1651
3	1646	1645	1651
3	1618	1595	1636
3	1618	1583	1595
3	1998	1244	1997
3	1048	981	1118
3	1244	1119	1251
3	1095	1119	1244
3	1176	1095	1998
3	1094	1119	1095
3	1064	1119	1094
3	1045	1094	1095
3	1045	1064	1094
3	974	1021	1064
3	1045	974	1064
3	987	1021	974
3	957	974	1045
3	946	1021	987
3	922	946	987
3	974	957	987
3	796	946	922
3	957	871	987
3	871	922	987
3	871	867	771
3	871	769	922
3	871	771	769
3	922	774	796
3	769	774	922
3	769	691	774
3	652	691	769
3	661	769	771
3	380	362	396
3	362	380	386
3	376	362	386
3	353	362	376
3	351	362	353
3	1732	1738	1799
3	1696	1738	1732
3	1674	1702	1738
3	1696	1674	1738
3	1687	1696	1732
3	1709	1663	1687
3	1687	1670	1696
3	1670	1674	1696
3	1670	1687	1663
3	1656	1670	1663
3	1656	1641	1670
3	1423	1482	1442
3	1404	1466	1423
3	1997	1423	1442
3	1423	1997	1404
3	1997	1330	1404
3	1339	1998	1997
3	1244	1330	1997
3	1251	1330	1244
3	661	652	769
3	722	661	771
3	693	619	722
3	619	661	722
3	596	652	661
3	619	572	661
3	572	596	661
3	558	572	619
3	351	333	363
3	362	351	363
3	320	351	353
3	320	312	351
3	501	506	508
3	1371	1356	1372
3	1335	1356	1371
3	618	609	624
3	583	601	609
3	563	601	583
3	563	565	601
3	549	565	563
3	1328	1383	1359
3	1608	1645	1646
3	1585	1603	1608
3	529	477	536
3	440	411	455
3	386	411	440
3	425	386	440
3	1646	1651	1658
3	1709	1687	1732
3	1423	1466	1501
3	312	333	351
3	312	316	333
3	287	270	312
3	312	270	316
3	270	299	316
3	270	256	299
3	258	270	287
3	238	270	258
3	235	238	258
3	1799	1810	1839
3	1793	1810	1799
3	1810	1793	1776
3	1793	1742	1776
3	1738	1742	1793
3	1799	1738	1793
3	1742	1755	1776
3	1702	1742	1738
3	1594	1614	1612
3	1594	1596	1614
3	1594	1573	1596
3	1573	1594	1550
3	1573	1567	1581
3	1573	1544	1567
3	1550	1544	1573
3	1482	1544	1550
3	1544	1501	1567
3	1423	1501	1544
3	1482	1423	1544
3	558	525	572
3	491	558	553
3	491	525	558
3	491	446	525
3	525	462	572
3	456	462	525
3	446	456	525
3	491	449	446
3	446	407	456
3	407	421	456
3	421	432	456
3	407	446	449
3	373	421	407
3	375	373	407
3	270	245	256
3	238	245	270
3	245	226	256
3	170	226	245
3	224	170	245
3	238	224	245
3	235	216	238
3	216	224	238
3	216	170	224
3	193	170	216
3	235	193	216
3	124	170	193
3	133	124	193
3	1929	1911	1940
3	1911	1866	1912
3	1891	1911	1929
3	1891	1858	1911
3	1858	1866	1911
3	1848	1891	1872
3	1810	1848	1872
3	1848	1858	1891
3	1839	1810	1872
3	1848	1803	1858
3	1858	1803	1866
3	1803	1785	1866
3	1785	1833	1866
3	1776	1848	1810
3	1776	1803	1848
3	1779	1785	1803
3	1785	1791	1833
3	1803	1776	1779
3	1741	1753	1780
3	1703	1753	1741
3	1703	1725	1753
3	1693	1653	1703
3	1614	1653	1693
3	1653	1673	1703
3	1653	1620	1673
3	1620	1660	1673
3	1614	1596	1653
3	1596	1620	1653
3	1620	1598	1660
3	1598	1613	1660
3	1596	1598	1620
3	1573	1581	1596
3	1581	1592	1596
3	373	404	421
3	373	374	404
3	374	339	404
3	347	374	373
3	294	374	347
3	308	339	374
3	317	294	347
3	294	308	374
3	317	284	294
3	284	261	294
3	98	186	226
3	170	98	226
3	170	134	98
3	124	134	170
3	98	143	186
3	124	93	134
3	93	98	134
3	93	102	98
3	93	124	133
3	76	98	102
3	1988	1983	1975
3	1988	1967	1983
3	1974	1975	1983
3	1940	1964	1975
3	1974	1957	1975
3	1957	1940	1975
3	1957	1929	1940
3	1833	1843	1866
3	1824	1820	1833
3	1824	1812	1820
3	1791	1797	1833
3	1797	1824	1833
3	1824	1762	1768
3	1797	1762	1824
3	1791	1753	1797
3	1753	1762	1797
3	1762	1735	1768
3	1723	1767	1768
3	1735	1723	1768
3	1753	1735	1762
3	1725	1735	1753
3	1673	1725	1703
3	1712	1735	1725
3	1712	1723	1735
3	1673	1712	1725
3	1712	1660	1723
3	1673	1660	1712
3	308	307	339
3	294	275	308
3	275	307	308
3	261	275	294
3	275	263	307
3	263	273	307
3	263	267	273
3	261	229	275
3	251	267	263
3	229	263	275
3	261	248	229
3	230	263	229
3	230	251	263
3	217	199	251
3	230	217	251
3	206	229	248
3	230	180	217
3	229	188	230
3	188	229	206
3	195	180	230
3	188	195	230
3	188	174	195
3	165	180	195
3	174	165	195
3	143	148	188
3	148	174	188
3	143	70	148
3	98	70	143
3	98	76	70
3	76	60	70
3	50	60	76
3	50	37	60
3	33	50	76
3	23	50	33
3	23	37	50
3	10	9	23
3	23	9	37
3	9	8	37
3	12	9	10
3	12	6	9
3	1944	1976	1967
3	1949	1967	1988
3	1949	1944	1967
3	1939	1944	1949
3	1900	1939	1949
3	1903	1901	1939
3	1903	1939	1900
3	1876	1901	1903
3	1876	1903	1900
3	1876	1889	1901
3	1876	1841	1889
3	1862	1846	1876
3	1846	1841	1876
3	1825	1812	1846
3	1811	1841	1846
3	1812	1811	1846
3	1812	1825	1820
3	1824	1768	1812
3	1768	1811	1812
3	1767	1771	1811
3	1768	1767	1811
3	180	172	217
3	172	199	217
3	165	172	180
3	165	164	172
3	161	135	165
3	135	164	165
3	135	103	164
3	68	103	135
3	97	68	135
3	97	65	68
3	57	65	97
3	57	45	65
3	45	56	65
3	57	28	45
3	28	57	34
3	12	28	34
3	12	13	28
3	1270	1295	1324
3	1221	1295	1270
3	1253	1184	1270
3	1194	1184	1253
3	1184	1221	1270
3	1096	1184	1194
3	1184	1173	1221
3	1086	1173	1184
3	1096	1086	1184
3	1086	1036	1173
3	983	1086	1096
3	1035	983	1096
3	1086	857	1036
3	857	1086	983
3	839	983	1035
3	839	857	983
3	839	788	857
3	759	688	839
3	688	788	839
3	715	759	839
3	715	727	759
3	727	664	759
3	664	688	759
3	675	664	727
3	1347	1366	1410
3	1382	1347	1410
3	1324	1366	1347
3	1347	1270	1324
3	1322	1270	1347
3	1322	1253	1270
3	715	649	727
3	649	675	727
3	605	664	675
3	649	605	675
3	605	592	664
3	605	566	592
3	600	605	649
3	566	605	600
3	1495	1445	1463
3	1485	1445	1495
3	1445	1447	1463
3	1463	1410	1454
3	1410	1463	1447
3	1398	1447	1445
3	1447	1398	1410
3	1398	1382	1410
3	591	566	600
3	522	591	598
3	287	312	320
3	242	235	258
3	1501	1543	1567
3	462	450	572
3	456	432	462
3	1596	1592	1598
3	421	404	432
3	339	349	404
3	66	33	76
3	13	12	10
3	1944	1939	1936
3	1811	1771	1841
3	164	171	172
3	103	171	164
3	28	11	45
3	881	839	1035
3	784	715	839
3	591	593	598
3	389	436	439
3	1731	1744	1733
3	1708	1729	1731
3	1708	1684	1729
3	1713	1708	1731
3	1689	1708	1713
3	1689	1698	1708
3	1698	1684	1708
3	1689	1655	1698
3	1659	1655	1689
3	1648	1684	1698
3	1698	1655	1648
3	1621	1655	1659
3	1655	1617	1648
3	1621	1617	1655
3	1617	1611	1648
3	1569	1611	1617
3	1574	1569	1617
3	1574	1617	1621
3	1537	1569	1574
3	1530	1611	1569
3	1537	1530	1569
3	1521	1530	1537
3	1521	1512	1530
3	468	420	442
3	389	439	442
3	418	442	420
3	418	389	442
3	420	397	418
3	390	397	402
3	397	348	418
3	348	344	418
3	390	348	397
3	334	348	390
3	344	389	418
3	328	334	390
3	344	337	389
3	334	322	348
3	311	322	334
3	348	322	344
3	322	315	344
3	302	315	322
3	311	302	322
3	296	302	311
3	272	302	296
3	1713	1731	1733
3	1717	1713	1733
3	1704	1689	1717
3	1715	1704	1717
3	1689	1713	1717
3	1717	1695	1715
3	484	482	515
3	1354	1304	1429
3	476	428	490
3	515	579	620
3	937	912	948
3	1566	1549	1600
3	579	490	528
3	817	819	878
3	817	912	911
3	1147	1105	1203
3	1203	1219	1242
3	1265	1242	1241
3	1296	1265	1315
3	1265	1241	1300
3	650	676	725
3	735	725	772
3	819	735	772
3	1300	1370	1363
3	1363	1440	1439
3	1198	1234	1307
3	625	590	641
3	687	640	680
3	1384	1337	1344
3	1344	1418	1384
3	1418	1350	1407
3	560	533	595
3	555	522	598
3	1461	1446	1445
3	1464	1461	1508
3	1466	1471	1547
3	1471	1536	1547
3	1543	1466	1547
3	1787	1732	1799
3	652	596	632
3	652	632	691
3	1251	1255	1330
3	1255	1354	1330
3	1330	1354	1427
3	1354	1428	1427
3	1330	1427	1404
3	1404	1427	1466
3	1466	1427	1471
3	1427	1428	1470
3	1471	1427	1470
3	1471	1470	1536
3	1629	1610	1627
3	1629	1627	1663
3	1679	1629	1690
3	1629	1663	1709
3	1629	1709	1690
3	1679	1690	1736
3	1714	1679	1736
3	1709	1732	1690
3	1690	1732	1736
3	1714	1736	1747
3	1747	1736	1786
3	1736	1732	1787
3	1786	1736	1787
3	330	353	376
3	330	376	398
3	398	376	399
3	376	386	388
3	376	388	399
3	388	386	425
3	330	398	416
3	398	399	416
3	399	388	428
3	416	399	428
3	416	428	437
3	437	428	476
3	515	606	611
3	515	620	606
3	632	611	606
3	632	606	668
3	606	620	668
3	632	668	691
3	668	620	705
3	691	668	774
3	668	705	774
3	774	705	797
3	796	774	797
3	797	886	796
3	797	911	886
3	886	911	937
3	911	912	937
3	796	886	946
3	886	937	972
3	886	972	946
3	937	948	972
3	972	948	1012
3	972	1012	1021
3	1021	1012	1059
3	1164	1021	1059
3	1059	1012	1006
3	1059	1104	1106
3	1059	1106	1102
3	1164	1059	1102
3	1064	1021	1164
3	1104	1107	1106
3	1119	1064	1164
3	1119	1164	1205
3	1164	1102	1205
3	1205	1102	1212
3	1119	1205	1230
3	1205	1212	1250
3	1251	1119	1255
3	1119	1230	1255
3	1230	1205	1250
3	1304	1230	1250
3	1255	1230	1354
3	1230	1304	1354
3	1600	1605	1625
3	1610	1600	1627
3	1627	1600	1625
3	1625	1605	1646
3	1605	1608	1646
3	1625	1646	1658
3	1663	1625	1658
3	1627	1625	1663
3	428	388	425
3	425	440	451
3	428	425	451
3	451	440	473
3	451	473	494
3	440	455	473
3	428	451	490
3	473	455	477
3	495	473	477
3	451	494	528
3	490	451	528
3	495	477	529
3	507	473	495
3	494	473	507
3	528	494	507
3	529	536	562
3	528	507	585
3	529	562	588
3	495	529	587
3	587	529	588
3	507	495	587
3	588	562	599
3	507	587	585
3	588	599	627
3	585	587	654
3	587	588	654
3	654	588	627
3	585	654	682
3	620	585	682
3	620	682	705
3	654	735	819
3	682	654	819
3	682	819	779
3	705	682	779
3	705	779	817
3	779	819	817
3	705	817	797
3	797	817	911
3	1102	1106	1147
3	1102	1147	1203
3	1102	1203	1212
3	1212	1203	1265
3	1212	1265	1250
3	1203	1242	1265
3	1300	1323	1370
3	1493	1503	1572
3	1549	1493	1554
3	1554	1493	1572
3	1503	1559	1572
3	1572	1559	1585
3	1554	1572	1585
3	1549	1554	1605
3	1600	1549	1605
3	1554	1585	1605
3	1605	1585	1608
3	536	573	562
3	573	599	562
3	599	573	642
3	599	650	627
3	599	642	650
3	627	650	735
3	654	627	735
3	735	650	725
3	1202	1198	1263
3	1202	1263	1323
3	1241	1202	1323
3	1300	1241	1323
3	1323	1263	1349
3	1263	1328	1349
3	1349	1328	1359
3	1323	1349	1394
3	1370	1323	1394
3	1349	1359	1394
3	1394	1359	1422
3	1370	1394	1435
3	1394	1422	1444
3	1440	1363	1435
3	1394	1444	1435
3	1440	1435	1476
3	1435	1444	1502
3	1440	1476	1503
3	1493	1440	1503
3	1503	1476	1435
3	1435	1502	1503
3	1503	1502	1559
3	1502	1532	1559
3	642	624	647
3	642	647	650
3	647	665	676
3	647	676	650
3	1263	1198	1307
3	1234	1288	1307
3	1288	1335	1307
3	1288	1271	1335
3	1263	1307	1328
3	1271	1356	1335
3	1328	1307	1381
3	1307	1335	1381
3	1328	1381	1383
3	565	590	625
3	601	565	625
3	609	601	640
3	624	609	640
3	624	640	647
3	601	625	680
3	640	601	680
3	665	647	640
3	665	640	687
3	1271	1297	1356
3	1297	1294	1356
3	1356	1294	1372
3	1294	1337	1372
3	1372	1337	1384
3	1372	1384	1420
3	1406	1372	1420
3	1406	1420	1451
3	526	539	532
3	532	539	549
3	549	539	557
3	565	549	557
3	565	557	590
3	1451	1420	1384
3	1407	1456	1418
3	1384	1418	1451
3	1451	1418	1480
3	1418	1456	1480
3	1480	1456	1496
3	526	508	527
3	508	506	527
3	506	517	527
3	539	526	544
3	526	527	544
3	544	527	533
3	539	544	560
3	544	533	560
3	557	539	560
3	1407	1424	1456
3	1424	1464	1498
3	1456	1424	1498
3	1456	1498	1496
3	1480	1496	1505
3	1496	1498	1513
3	1496	1513	1523
3	1505	1496	1523
3	505	489	517
3	506	505	517
3	517	489	520
3	517	520	522
3	527	517	530
3	517	522	530
3	533	527	530
3	533	530	555
3	530	522	555
3	1461	1445	1485
3	1498	1464	1508
3	1461	1485	1508
3	1485	1495	1508
3	1508	1495	1516
3	1498	1508	1516
3	1513	1498	1516
3	1513	1516	1523
3	1516	1495	1523
3	522	520	537
3	537	591	522
3	591	537	566
3	1695	1717	1700
3	1715	1616	1704
3	1659	1689	1704
3	1695	1616	1715
3	1643	1616	1695
3	1616	1659	1704
3	1616	1633	1659
3	1643	1590	1616
3	342	392	393
3	342	368	392
3	365	342	393
3	328	368	342
3	329	342	365
3	328	311	334
3	342	314	328
3	329	314	342
3	311	328	314
3	301	296	311
3	313	301	314
3	301	311	314
3	1623	1643	1695
3	1688	1623	1695
3	1623	1575	1643
3	1575	1590	1643
3	1570	1575	1623
3	1575	1517	1590
3	1517	1524	1590
3	1563	1575	1570
3	1563	1517	1575
3	1531	1563	1570
3	1531	1517	1563
3	1531	1494	1517
3	1494	1489	1517
3	1452	1489	1494
3	1448	1452	1494
3	1452	1467	1489
3	1452	1441	1467
3	1448	1411	1452
3	547	540	559
3	540	554	559
3	516	540	547
3	516	510	540
3	479	516	547
3	479	486	516
3	486	510	516
3	486	496	510
3	444	486	479
3	435	496	486
3	454	435	486
3	444	454	486
3	444	417	454
3	417	426	454
3	426	435	454
3	426	405	435
3	417	393	426
3	377	393	417
3	393	405	426
3	393	392	405
3	377	365	393
3	332	329	365
3	313	314	329
3	1417	1441	1452
3	1411	1417	1452
3	1411	1374	1417
3	1417	1402	1406
3	1380	1402	1417
3	1374	1332	1417
3	1332	1380	1417
3	1360	1375	1380
3	1332	1360	1380
3	1374	1310	1332
3	666	614	637
3	614	616	637
3	614	604	616
3	604	547	616
3	559	631	616
3	547	559	616
3	559	554	631
3	1375	1388	1399
3	1357	1342	1388
3	1375	1357	1388
3	1375	1360	1357
3	1360	1326	1357
3	1332	1290	1360
3	1290	1326	1360
3	1326	1342	1357
3	1280	1317	1326
3	1280	1326	1290
3	711	658	670
3	704	658	711
3	666	658	704
3	658	644	670
3	666	637	658
3	637	638	658
3	615	644	658
3	638	615	658
3	631	637	616
3	615	586	644
3	637	631	638
3	618	615	638
3	1450	1475	1504
3	1450	1432	1475
3	1431	1432	1450
3	1342	1432	1431
3	1346	1391	1432
3	1388	1342	1431
3	1317	1346	1432
3	1342	1317	1432
3	1317	1225	1346
3	1342	1326	1317
3	670	644	646
3	644	594	646
3	564	594	644
3	586	564	644
3	538	564	586
3	534	568	594
3	564	534	594
3	518	534	564
3	538	518	564
3	499	534	518
3	499	493	534
3	499	518	475
3	1548	1562	1583
3	1535	1562	1548
3	1535	1515	1562
3	1504	1535	1548
3	1504	1475	1535
3	1475	1413	1535
3	1413	1515	1535
3	1413	1474	1515
3	1432	1413	1475
3	1432	1391	1413
3	1403	1413	1391
3	1391	1346	1403
3	584	626	669
3	568	678	646
3	594	568	646
3	678	568	584
3	512	511	584
3	568	474	584
3	474	512	584
3	534	474	568
3	493	474	534
3	483	493	499
3	474	466	512
3	475	483	499
3	475	448	483
3	483	461	493
3	461	474	493
3	461	452	474
3	448	461	483
3	452	466	474
3	427	461	448
3	427	452	461
3	427	406	452
3	396	406	427
3	1636	1609	1641
3	1597	1609	1636
3	1595	1597	1636
3	1562	1595	1583
3	1562	1538	1595
3	1538	1540	1595
3	1595	1540	1597
3	1562	1515	1538
3	1538	1474	1540
3	1515	1474	1538
3	1474	1434	1540
3	1434	1488	1540
3	1434	1453	1488
3	1474	1341	1434
3	1341	1393	1434
3	1434	1426	1453
3	1413	1341	1474
3	1403	1341	1413
3	1336	1426	1434
3	1393	1336	1434
3	1249	1393	1341
3	1249	1336	1393
3	1341	1276	1249
3	1336	1160	1348
3	1207	1160	1336
3	1249	1207	1336
3	1141	1100	1207
3	1100	1160	1207
3	1097	1998	1160
3	1097	1176	1998
3	1100	1097	1160
3	1176	1097	1095
3	1045	1095	1097
3	1045	1097	1046
3	1030	1097	1100
3	1030	1046	1097
3	1046	975	1045
3	975	957	1045
3	979	975	1046
3	1030	979	1046
3	906	957	975
3	906	975	979
3	880	906	979
3	876	979	980
3	876	880	979
3	906	867	871
3	880	867	906
3	876	768	880
3	653	867	880
3	768	653	880
3	768	681	653
3	681	768	780
3	681	612	653
3	626	612	681
3	669	626	681
3	626	531	612
3	626	552	531
3	466	412	458
3	452	412	466
3	412	430	458
3	403	430	412
3	406	412	452
3	378	403	412
3	396	384	406
3	1336	1348	1426
3	722	771	867
3	653	693	867
3	458	464	480
3	397	420	402
3	1633	1621	1659
3	1616	1587	1633
3	392	400	405
3	368	328	390
3	1417	1406	1441
3	1375	1377	1380
3	631	554	617
3	631	618	638
3	607	586	615
3	538	475	518
3	1579	1548	1583
3	415	396	427
3	1618	1636	1641
3	906	871	957
3	492	632	596
3	632	521	611
3	492	521	632
3	450	492	596
3	521	515	611
3	572	450	596
3	521	484	515
3	492	460	521
3	460	484	521
3	326	330	416
3	321	330	326
3	330	320	353
3	289	320	330
3	321	289	330
3	289	287	320
3	268	289	321
3	242	289	268
3	289	258	287
3	242	258	289
3	250	242	268
3	218	242	250
3	203	235	242
3	218	203	242
3	1830	1799	1839
3	1816	1830	1853
3	1816	1799	1830
3	1786	1816	1853
3	1822	1786	1853
3	1786	1787	1816
3	1787	1799	1816
3	1619	1604	1599
3	1604	1591	1599
3	1591	1543	1599
3	1543	1547	1599
3	1592	1581	1591
3	1581	1543	1591
3	1567	1543	1581
3	1501	1466	1543
3	401	460	492
3	450	401	492
3	450	419	401
3	419	450	462
3	432	419	462
3	394	419	432
3	419	370	401
3	335	370	419
3	240	250	268
3	240	218	250
3	192	218	240
3	185	218	192
3	203	173	235
3	185	203	218
3	192	113	185
3	185	173	203
3	173	193	235
3	173	133	193
3	126	173	185
3	173	126	133
3	113	126	185
3	1926	1907	1929
3	1907	1891	1929
3	1872	1891	1907
3	1880	1872	1907
3	1875	1907	1887
3	1875	1880	1907
3	1875	1853	1880
3	1830	1839	1872
3	1830	1872	1880
3	1853	1830	1880
3	1828	1875	1887
3	1828	1853	1875
3	1828	1822	1853
3	1635	1682	1675
3	1635	1619	1682
3	1630	1635	1675
3	1630	1602	1635
3	1604	1619	1635
3	1613	1602	1630
3	1602	1604	1635
3	1598	1602	1613
3	1602	1592	1604
3	1598	1592	1602
3	1592	1591	1604
3	404	394	432
3	349	394	404
3	394	350	419
3	349	359	394
3	350	335	419
3	359	350	394
3	349	354	359
3	354	298	359
3	298	350	359
3	113	110	126
3	88	110	113
3	126	93	133
3	88	113	106
3	110	93	126
3	83	88	106
3	88	93	110
3	93	87	102
3	88	87	93
3	83	87	88
3	87	76	102
3	83	81	87
3	81	66	87
3	1967	1976	1984
3	1983	1967	1984
3	1974	1983	1984
3	1956	1957	1974
3	1956	1887	1957
3	1887	1926	1957
3	1910	1887	1956
3	1926	1929	1957
3	1915	1854	1910
3	1879	1887	1910
3	1887	1907	1926
3	1854	1879	1910
3	1879	1828	1887
3	1759	1790	1796
3	1771	1752	1796
3	1752	1759	1796
3	1767	1752	1771
3	1752	1727	1759
3	1723	1752	1767
3	1727	1719	1759
3	1718	1752	1723
3	1727	1711	1719
3	1718	1727	1752
3	1711	1727	1718
3	1630	1711	1718
3	1711	1675	1719
3	1660	1718	1723
3	1675	1682	1719
3	1660	1630	1718
3	1630	1675	1711
3	1613	1630	1660
3	339	307	349
3	285	298	354
3	323	285	354
3	349	323	354
3	307	323	349
3	273	285	323
3	307	273	323
3	285	246	298
3	212	246	285
3	212	285	273
3	267	212	273
3	199	267	251
3	212	207	246
3	205	212	267
3	205	181	212
3	166	207	212
3	181	166	212
3	142	166	181
3	74	90	128
3	91	72	128
3	72	74	128
3	81	83	90
3	74	81	90
3	66	76	87
3	48	74	72
3	74	49	81
3	47	49	74
3	33	66	81
3	39	33	81
3	49	39	81
3	17	39	49
3	17	33	39
3	17	10	33
3	33	10	23
3	11	17	21
3	11	10	17
3	13	10	11
3	1976	1979	1984
3	1970	1974	1984
3	1970	1984	1979
3	1976	1945	1979
3	1945	1970	1979
3	1956	1974	1970
3	1936	1945	1976
3	1970	1915	1956
3	1944	1936	1976
3	1939	1901	1936
3	1936	1925	1945
3	1901	1925	1936
3	1901	1889	1925
3	1925	1861	1886
3	1889	1861	1925
3	1821	1849	1886
3	1821	1790	1849
3	1771	1861	1889
3	1841	1771	1889
3	1861	1821	1886
3	1821	1861	1771
3	1821	1796	1790
3	1771	1796	1821
3	199	205	267
3	199	172	205
3	172	171	205
3	171	181	205
3	171	142	181
3	140	142	171
3	140	91	142
3	103	140	171
3	91	128	142
3	140	82	91
3	103	82	140
3	68	82	103
3	68	67	82
3	82	38	91
3	38	82	67
3	48	72	91
3	56	67	68
3	38	48	91
3	65	56	68
3	56	38	67
3	56	31	38
3	45	11	56
3	11	31	56
3	13	11	28
3	11	21	31
3	1035	1096	1194
3	881	784	839
3	1329	1347	1382
3	1345	1329	1382
3	1329	1322	1347
3	1248	1322	1329
3	1267	1248	1329
3	1248	1253	1322
3	1194	1253	1248
3	1126	1248	1267
3	1181	1126	1267
3	1126	1194	1248
3	1126	1035	1194
3	1158	1031	1126
3	1031	1033	1035
3	1031	1035	1126
3	1033	881	1035
3	1031	943	1033
3	943	881	1033
3	943	849	881
3	854	849	943
3	849	784	881
3	784	849	854
3	799	749	854
3	749	784	854
3	685	749	799
3	685	677	749
3	690	784	749
3	690	715	784
3	677	690	749
3	690	649	715
3	677	649	690
3	593	649	677
3	593	600	649
3	1398	1445	1446
3	1368	1398	1446
3	1385	1368	1446
3	1368	1382	1398
3	1368	1345	1382
3	1305	1345	1368
3	1305	1368	1385
3	1305	1279	1345
3	1267	1329	1345
3	1279	1267	1345
3	1236	1181	1279
3	655	685	721
3	712	655	721
3	685	655	677
3	655	593	677
3	598	593	655
3	593	591	600
3	1419	1461	1464
3	622	655	712
3	438	484	460
3	1599	1640	1650
3	1599	1547	1557
3	1547	1536	1557
3	1849	1854	1915
3	1815	1879	1854
3	1815	1828	1879
3	1790	1788	1849
3	142	128	166
3	90	83	106
3	48	47	74
3	17	49	47
3	1925	1886	1945
3	31	21	38
3	1158	1126	1181
3	890	854	943
3	1236	1279	1305
3	1181	1267	1279
3	721	685	799
3	1871	1868	1902
3	1885	1868	1874
3	1845	1868	1871
3	1868	1802	1874
3	1845	1802	1868
3	1697	1681	1724
3	1681	1691	1724
3	1671	1691	1681
3	1671	1680	1691
3	1680	1644	1692
3	1644	1676	1692
3	1654	1681	1697
3	1654	1671	1681
3	1671	1644	1680
3	1654	1644	1671
3	1634	1644	1654
3	1634	1654	1637
3	1425	1397	1473
3	1397	1460	1473
3	1415	1412	1460
3	1415	1334	1412
3	1397	1415	1460
3	1378	1397	1425
3	1415	1340	1334
3	1338	1415	1397
3	1378	1338	1397
3	1338	1340	1415
3	745	741	791
3	713	745	758
3	696	741	745
3	713	683	745
3	697	696	745
3	683	697	745
3	684	716	737
3	716	659	713
3	684	659	716
3	659	683	713
3	1173	1201	1221
3	127	97	135
3	9	6	8
3	6	12	34
3	1843	1833	1851
3	1986	1949	1988
3	186	143	206
3	355	347	373
3	1693	1703	1741
3	1693	1741	1720
3	1755	1779	1776
3	1755	1734	1779
3	1780	1753	1791
3	1779	1780	1785
3	1785	1780	1791
3	1940	1911	1912
3	226	254	256
3	1550	1594	1612
3	553	558	619
3	1339	1997	1442
3	1674	1669	1702
3	362	384	396
3	664	660	703
3	1324	1295	1366
3	1366	1416	1410
3	1366	1365	1416
3	1365	1409	1416
3	1410	1416	1455
3	1454	1410	1455
3	1416	1449	1455
3	688	664	703
3	688	703	730
3	703	660	718
3	703	718	730
3	730	718	811
3	688	730	827
3	788	688	827
3	730	811	827
3	857	788	827
3	857	827	929
3	929	827	964
3	857	929	1036
3	929	1020	1056
3	1036	929	1056
3	1056	1093	1036
3	1093	1201	1036
3	1201	1173	1036
3	1093	1178	1201
3	1201	1178	1232
3	1201	1232	1295
3	1221	1201	1295
3	1295	1232	1320
3	1295	1320	1366
3	1366	1320	1365
3	929	964	1020
3	1020	1044	1056
3	34	57	73
3	35	34	73
3	73	57	85
3	85	57	97
3	85	97	127
3	85	127	131
3	145	127	135
3	131	127	155
3	127	145	155
3	161	145	135
3	155	145	158
3	145	161	158
3	158	161	153
3	1825	1817	1820
3	1817	1832	1826
3	1817	1826	1820
3	1817	1850	1852
3	1817	1825	1846
3	1817	1846	1862
3	1850	1817	1862
3	1852	1850	1869
3	1869	1850	1862
3	1869	1862	1900
3	1862	1876	1900
3	1908	1869	1900
3	1908	1900	1949
3	1941	1908	1949
3	4	6	7
3	6	4	8
3	4	7	35
3	7	6	34
3	35	7	34
3	61	51	77
3	51	75	77
3	70	77	75
3	70	75	129
3	70	129	148
3	75	116	129
3	129	116	153
3	148	129	153
3	116	151	153
3	148	153	174
3	151	158	153
3	174	153	161
3	143	188	206
3	206	248	249
3	249	248	261
3	1832	1844	1826
3	1833	1820	1851
3	1820	1826	1851
3	1826	1844	1897
3	1851	1826	1897
3	1851	1897	1906
3	1843	1851	1906
3	1972	1941	1949
3	1972	1949	1986
3	1964	1978	1975
3	1975	1978	1989
3	1989	1972	1986
3	1986	1988	1989
3	1988	1975	1989
3	4	15	8
3	8	15	37
3	37	15	61
3	37	61	60
3	15	51	61
3	60	61	77
3	70	60	77
3	186	206	221
3	226	186	254
3	254	186	221
3	221	206	249
3	254	221	1999
3	249	261	284
3	221	249	290
3	249	284	290
3	1999	221	290
3	254	1999	295
3	295	1999	309
3	1999	290	309
3	290	284	317
3	309	290	317
3	309	317	347
3	309	347	355
3	355	373	375
3	355	375	407
3	1666	1693	1720
3	1720	1741	1780
3	1720	1780	1734
3	1734	1780	1779
3	1866	1843	1912
3	1843	1906	1912
3	1931	1906	1921
3	1912	1906	1931
3	1912	1931	1955
3	1912	1955	1940
3	1964	1940	1955
3	1955	1931	1981
3	1964	1955	1978
3	1931	1946	1981
3	1955	1981	1978
3	1978	1981	1989
3	256	254	295
3	256	295	299
3	295	309	345
3	367	295	345
3	299	295	367
3	343	299	367
3	316	299	343
3	345	309	355
3	367	345	352
3	367	352	381
3	379	367	381
3	345	355	407
3	352	345	407
3	381	352	422
3	352	407	423
3	352	423	422
3	423	407	449
3	381	422	414
3	414	422	445
3	445	423	449
3	422	423	445
3	445	449	478
3	478	449	491
3	478	491	553
3	1578	1550	1612
3	1607	1612	1649
3	1612	1614	1666
3	1649	1612	1666
3	1669	1649	1678
3	1666	1614	1693
3	1678	1649	1666
3	1669	1678	1702
3	1666	1720	1678
3	1720	1734	1678
3	1678	1734	1702
3	1702	1734	1755
3	1742	1702	1755
3	333	316	343
3	343	367	379
3	333	343	387
3	343	379	387
3	363	383	378
3	363	333	387
3	383	363	387
3	378	383	403
3	403	383	387
3	379	381	414
3	387	379	414
3	403	387	414
3	403	414	441
3	403	441	430
3	414	445	441
3	441	445	471
3	430	441	464
3	458	430	464
3	471	445	478
3	464	441	471
3	464	471	480
3	480	471	509
3	480	509	531
3	471	478	553
3	509	471	553
3	509	553	633
3	509	633	612
3	531	509	612
3	612	633	653
3	553	619	693
3	653	633	693
3	693	722	867
3	1160	1998	1339
3	1160	1339	1348
3	1426	1348	1339
3	1339	1442	1426
3	1426	1442	1545
3	1453	1426	1545
3	1442	1482	1545
3	1545	1482	1550
3	1545	1550	1565
3	1453	1545	1568
3	1488	1453	1568
3	1545	1565	1568
3	1578	1565	1550
3	1540	1488	1568
3	1568	1565	1588
3	1540	1568	1597
3	1565	1578	1607
3	1588	1565	1607
3	1568	1588	1609
3	1597	1568	1609
3	1607	1578	1612
3	1588	1607	1624
3	1588	1624	1609
3	1607	1649	1624
3	1609	1624	1641
3	1624	1649	1669
3	1641	1624	1670
3	1670	1624	1674
3	1624	1669	1674
3	362	363	378
3	362	378	384
3	384	378	412
3	406	384	412
3	659	648	683
3	679	656	684
3	656	659	684
3	683	648	697
3	671	679	672
3	671	656	679
3	659	603	648
3	589	656	671
3	656	603	659
3	580	603	656
3	589	580	656
3	327	346	357
3	304	325	346
3	327	304	346
3	318	304	327
3	306	304	318
3	327	279	318
3	293	325	304
3	303	279	327
3	279	291	318
3	259	279	303
3	112	105	132
3	112	132	147
3	123	112	147
3	117	107	123
3	107	96	112
3	107	112	123
3	101	96	107
3	96	58	112
3	58	105	112
3	58	42	105
3	1922	1888	1898
3	1913	1922	1914
3	1913	1888	1922
3	1896	1856	1899
3	1856	1888	1899
3	1913	1899	1888
3	1878	1896	1913
3	1896	1899	1913
3	1878	1856	1896
3	1647	1664	1662
3	1644	1642	1676
3	1642	1662	1676
3	1642	1647	1662
3	1632	1634	1637
3	1634	1632	1642
3	1642	1626	1647
3	1642	1622	1626
3	1632	1622	1642
3	1644	1634	1642
3	1632	1615	1622
3	1589	1622	1615
3	1499	1479	1525
3	1460	1499	1483
3	1473	1460	1483
3	1457	1479	1499
3	1460	1457	1499
3	1457	1469	1479
3	1412	1457	1460
3	1457	1396	1469
3	1412	1387	1457
3	1387	1396	1457
3	1355	1396	1387
3	1412	1334	1387
3	1355	1314	1396
3	1343	1355	1387
3	1334	1343	1387
3	1301	1343	1334
3	1239	1314	1355
3	1343	1277	1355
3	1277	1239	1355
3	1301	1277	1343
3	1228	1277	1301
3	1266	1239	1277
3	1228	1227	1277
3	1156	1266	1277
3	1227	1156	1277
3	791	781	846
3	791	741	781
3	781	736	794
3	696	628	781
3	628	736	781
3	741	696	781
3	696	643	628
3	634	696	697
3	634	643	696
3	648	634	697
3	603	577	648
3	577	634	648
3	577	643	634
3	657	628	643
3	577	657	643
3	569	657	577
3	580	577	603
3	513	545	569
3	447	545	513
3	487	447	513
3	443	447	487
3	443	382	447
3	364	443	410
3	357	364	410
3	364	382	443
3	364	358	382
3	346	358	364
3	338	358	346
3	357	346	364
3	338	341	358
3	341	331	358
3	319	331	341
3	325	274	338
3	293	274	325
3	293	278	274
3	176	114	157
3	114	108	157
3	108	111	157
3	111	125	157
3	111	107	117
3	101	111	108
3	101	107	111
3	1837	1835	1878
3	1837	1789	1835
3	1827	1775	1837
3	1775	1789	1837
3	1783	1775	1827
3	1763	1775	1783
3	1775	1765	1789
3	1765	1757	1789
3	1765	1775	1763
3	1701	1757	1765
3	1763	1721	1765
3	1730	1721	1763
3	1685	1765	1721
3	1699	1721	1730
3	1721	1668	1685
3	1699	1668	1721
3	1667	1668	1699
3	1652	1667	1699
3	1665	1685	1668
3	1665	1672	1685
3	1667	1626	1668
3	1647	1652	1664
3	1626	1665	1668
3	1652	1626	1667
3	1647	1626	1652
3	1564	1638	1665
3	1626	1564	1665
3	1580	1564	1626
3	1589	1556	1622
3	1622	1556	1626
3	1556	1580	1626
3	1589	1528	1556
3	1542	1564	1580
3	1556	1542	1580
3	1528	1519	1556
3	1519	1542	1556
3	1519	1491	1542
3	1477	1519	1528
3	1525	1477	1528
3	1477	1491	1519
3	1479	1477	1525
3	1465	1477	1479
3	1469	1465	1479
3	1477	1430	1491
3	1469	1396	1465
3	1396	1401	1465
3	1465	1430	1477
3	1414	1401	1396
3	1401	1430	1465
3	1401	1373	1430
3	1396	1314	1414
3	1414	1369	1401
3	1369	1373	1401
3	1314	1369	1414
3	1303	1373	1369
3	1314	1303	1369
3	1208	1282	1303
3	1239	1303	1314
3	1275	1216	1303
3	1239	1275	1303
3	1216	1208	1303
3	1214	1275	1239
3	1214	1216	1275
3	1098	1214	1239
3	1266	1098	1239
3	1214	1139	1216
3	1098	1139	1214
3	1156	1065	1266
3	1065	1098	1266
3	1055	1139	1098
3	1065	1156	1083
3	1017	1065	1083
3	1065	1055	1098
3	1017	959	1065
3	1017	952	959
3	952	951	959
3	951	944	959
3	902	781	952
3	794	951	952
3	781	794	952
3	844	944	951
3	794	804	951
3	844	951	804
3	733	826	844
3	794	736	804
3	804	733	844
3	700	733	804
3	736	700	804
3	628	700	736
3	657	674	700
3	628	657	700
3	571	610	657
3	545	571	657
3	569	545	657
3	447	514	545
3	424	395	453
3	447	382	424
3	356	395	424
3	382	356	424
3	114	176	137
3	1638	1672	1665
3	1139	1208	1216
3	1139	1168	1208
3	1065	959	1055
3	610	546	597
3	395	391	453
3	1898	1855	1871
3	1819	1754	1845
3	360	327	357
3	1577	1615	1632
3	1577	1552	1615
3	1552	1589	1615
3	1552	1528	1589
3	1552	1525	1528
3	535	577	580
3	535	569	577
3	487	513	535
3	1835	1856	1878
3	1685	1701	1765
3	546	610	571
3	514	571	545
3	447	424	453
3	1680	1692	1710
3	1676	1706	1748
3	1680	1710	1691
3	1293	1340	1338
3	1293	1299	1340
3	1293	1312	1299
3	1228	1301	1299
3	1312	1283	1299
3	1299	1262	1228
3	1283	1262	1299
3	1274	1269	1312
3	1269	1283	1312
3	1274	1312	1293
3	1274	1260	1269
3	1269	1240	1283
3	1240	1262	1283
3	1233	1228	1262
3	1240	1233	1262
3	758	791	763
3	761	763	807
3	761	742	763
3	742	758	763
3	751	742	761
3	732	742	751
3	742	713	758
3	716	713	742
3	732	716	742
3	293	304	306
3	291	269	306
3	237	269	291
3	269	293	306
3	269	278	293
3	269	236	278
3	236	231	278
3	236	196	231
3	200	150	236
3	196	222	231
3	150	196	236
3	55	78	118
3	92	89	101
3	78	89	92
3	89	58	96
3	64	55	95
3	78	58	89
3	24	58	78
3	55	25	78
3	25	24	78
3	29	55	64
3	24	42	58
3	29	25	55
3	29	5	25
3	1916	1930	1937
3	1895	1916	1933
3	1916	1914	1930
3	1914	1922	1930
3	1916	1884	1914
3	1884	1867	1914
3	1895	1884	1916
3	1867	1878	1914
3	1840	1884	1895
3	1840	1867	1884
3	1840	1804	1867
3	1792	1804	1840
3	1770	1760	1795
3	1764	1792	1795
3	1760	1764	1795
3	1770	1722	1760
3	1761	1722	1770
3	1760	1726	1764
3	1761	1748	1722
3	1722	1726	1760
3	1748	1706	1722
3	1722	1662	1726
3	1706	1662	1722
3	1676	1662	1706
3	1233	1227	1228
3	1233	1172	1227
3	1172	1156	1227
3	1124	1172	1233
3	1191	1145	1233
3	1145	1124	1233
3	1083	1156	1172
3	1050	1083	1172
3	1124	1050	1172
3	1034	1050	1124
3	1077	1034	1124
3	781	902	904
3	936	864	917
3	864	904	917
3	864	846	904
3	846	781	904
3	763	846	864
3	837	763	864
3	807	837	864
3	763	791	846
3	807	763	837
3	775	761	807
3	282	319	341
3	338	282	341
3	274	282	338
3	278	222	274
3	231	222	278
3	222	266	274
3	222	234	266
3	234	222	219
3	175	183	234
3	219	175	234
3	136	137	183
3	175	136	183
3	92	137	136
3	92	114	137
3	118	92	136
3	92	108	114
3	78	92	118
3	92	101	108
3	1867	1827	1878
3	1804	1827	1867
3	1774	1804	1792
3	1804	1783	1827
3	1764	1774	1792
3	1730	1783	1804
3	1774	1730	1804
3	1707	1730	1774
3	1764	1707	1774
3	1730	1763	1783
3	1726	1707	1764
3	1699	1730	1707
3	1707	1664	1699
3	1662	1707	1726
3	1662	1664	1707
3	1050	1017	1083
3	1034	902	1050
3	902	1017	1050
3	978	902	1034
3	953	978	1034
3	902	952	1017
3	978	904	902
3	917	904	978
3	953	917	978
3	319	292	324
3	282	292	319
3	266	292	282
3	241	292	266
3	282	274	266
3	241	223	265
3	234	241	266
3	183	241	234
3	183	223	241
3	183	137	223
3	1934	1893	1938
3	1893	1894	1938
3	1893	1823	1894
3	1831	1823	1893
3	1807	1823	1831
3	1190	1222	1273
3	1222	1229	1273
3	1210	1252	1229
3	1186	1190	1247
3	1190	1142	1222
3	1210	1229	1222
3	1142	1210	1222
3	1185	1186	1247
3	1170	1195	1210
3	1142	1170	1210
3	1092	1170	1142
3	1186	1142	1190
3	1185	1110	1186
3	1069	1110	1185
3	1110	1142	1186
3	1110	1092	1142
3	1110	1071	1092
3	1024	1071	1110
3	1069	984	1110
3	984	1024	1110
3	993	984	1069
3	1024	949	1071
3	984	879	1024
3	879	949	1024
3	925	879	984
3	925	841	879
3	829	809	879
3	841	829	879
3	841	776	829
3	728	841	925
3	760	776	841
3	728	760	841
3	776	809	829
3	753	809	776
3	776	746	753
3	160	194	211
3	190	160	211
3	160	156	194
3	160	86	156
3	149	86	160
3	86	71	121
3	1953	1918	1934
3	1918	1953	1963
3	1918	1963	1935
3	1893	1934	1918
3	1890	1893	1918
3	1890	1847	1893
3	1874	1847	1890
3	1847	1831	1893
3	1874	1802	1847
3	1805	1847	1802
3	1847	1807	1831
3	1805	1807	1847
3	1794	1807	1805
3	1782	1805	1802
3	1782	1794	1805
3	1773	1782	1802
3	1773	1802	1845
3	1782	1772	1794
3	1773	1739	1782
3	1754	1724	1773
3	1739	1772	1782
3	1724	1739	1773
3	1739	1724	1751
3	1361	1308	1378
3	1308	1321	1378
3	1321	1278	1338
3	1278	1293	1338
3	1321	1259	1278
3	1308	1259	1321
3	1308	1229	1259
3	1289	1229	1308
3	1273	1229	1289
3	1252	1259	1229
3	734	746	776
3	734	744	746
3	760	734	776
3	723	760	728
3	679	734	760
3	723	679	760
3	684	734	679
3	684	737	734
3	672	679	723
3	259	262	279
3	262	247	291
3	262	244	247
3	252	262	259
3	220	252	259
3	197	244	252
3	197	215	244
3	215	228	244
3	215	201	228
3	201	190	211
3	197	162	215
3	215	162	201
3	178	162	197
3	178	132	162
3	162	190	201
3	132	105	162
3	162	149	190
3	149	160	190
3	105	149	162
3	84	86	149
3	105	84	149
3	105	42	84
3	26	86	84
3	26	71	86
3	30	84	42
3	30	26	84
3	1890	1918	1935
3	1885	1890	1935
3	1885	1874	1890
3	1922	1902	1885
3	1902	1922	1898
3	1871	1902	1898
3	1868	1885	1902
3	1754	1773	1845
3	1724	1728	1751
3	1724	1691	1728
3	1692	1676	1748
3	1299	1334	1340
3	1321	1338	1378
3	1299	1301	1334
3	758	745	791
3	279	262	291
3	147	132	178
3	89	96	101
3	1878	1913	1914
3	1827	1837	1878
3	1664	1652	1699
3	319	324	331
3	241	265	292
3	137	176	223
3	1257	1190	1289
3	1247	1190	1257
3	1109	1069	1185
3	910	984	993
3	910	925	984
3	910	800	925
3	1289	1308	1361
3	1190	1273	1289
3	197	252	220
3	1346	1287	1403
3	1276	1341	1287
3	1243	1151	1287
3	1182	1151	1243
3	1151	1276	1287
3	1151	1141	1276
3	1157	1151	1182
3	1116	1141	1151
3	1116	1151	1157
3	1060	1116	1157
3	1066	1100	1141
3	1116	1066	1141
3	1060	1066	1116
3	1060	994	1066
3	994	989	1066
3	996	994	1060
3	1066	989	1007
3	958	989	994
3	989	958	1007
3	907	994	996
3	907	958	994
3	958	980	1007
3	958	823	980
3	823	876	980
3	907	823	958
3	823	780	876
3	707	780	823
3	805	678	823
3	678	707	823
3	707	669	780
3	584	669	707
3	678	584	707
3	1506	1462	1484
3	608	575	613
3	1416	1409	1449
3	660	709	718
3	1320	1327	1365
3	1056	1044	1093
3	99	131	155
3	99	155	139
3	139	155	158
3	151	139	158
3	1908	1941	1942
3	1942	1941	1972
3	1981	1959	1989
3	669	681	780
3	780	768	876
3	980	979	1030
3	1141	1207	1249
3	1141	1249	1276
3	511	552	584
3	552	626	584
3	1287	1341	1403
3	1530	1541	1611
3	442	439	488
3	442	498	468
3	442	488	498
3	468	498	502
3	488	504	498
3	498	504	519
3	502	498	541
3	519	504	550
3	541	498	567
3	498	519	567
3	567	519	556
3	519	550	556
3	567	556	575
3	575	556	570
3	1449	1437	1462
3	1437	1443	1478
3	1462	1437	1481
3	1481	1437	1478
3	1481	1478	1507
3	1484	1462	1481
3	1507	1492	1512
3	1484	1481	1507
3	1507	1512	1484
3	1484	1512	1521
3	1530	1512	1541
3	613	575	570
3	613	570	651
3	608	613	663
3	660	608	663
3	663	613	651
3	663	651	689
3	660	663	709
3	1320	1285	1327
3	1352	1327	1353
3	1365	1327	1352
3	1352	1353	1395
3	1365	1352	1409
3	1409	1352	1395
3	1409	1395	1437
3	1395	1443	1437
3	1409	1437	1449
3	718	709	739
3	718	739	811
3	739	793	832
3	739	832	870
3	811	739	870
3	827	811	870
3	870	832	923
3	827	870	964
3	964	923	1022
3	1020	964	1044
3	1093	1044	1079
3	1044	1022	1079
3	1079	1022	1113
3	1079	1113	1179
3	1178	1093	1179
3	1093	1079	1179
3	1179	1113	1204
3	1179	1204	1213
3	1178	1179	1213
3	1178	1213	1232
3	1232	1213	1320
3	1213	1285	1320
3	870	923	964
3	1044	964	1022
3	46	35	73
3	63	46	73
3	63	73	100
3	73	85	99
3	63	100	94
3	100	73	99
3	99	85	131
3	1832	1817	1852
3	1881	1832	1852
3	1832	1881	1838
3	1881	1852	1863
3	1838	1881	1860
3	1863	1869	1908
3	1881	1863	1908
3	1881	1908	1919
3	1905	1881	1919
3	1919	1908	1942
3	18	4	16
3	16	4	35
3	18	16	41
3	16	35	46
3	16	46	44
3	41	16	44
3	41	44	43
3	44	46	63
3	41	51	18
3	41	43	51
3	44	63	94
3	51	43	75
3	43	94	109
3	75	43	109
3	109	94	119
3	119	94	100
3	75	109	116
3	116	109	119
3	119	100	139
3	116	119	139
3	116	139	151
3	1832	1838	1844
3	1844	1838	1860
3	1844	1892	1897
3	1943	1892	1860
3	1860	1881	1905
3	1897	1892	1906
3	1860	1905	1943
3	1906	1892	1921
3	1920	1921	1892
3	1920	1892	1943
3	1943	1905	1919
3	1943	1919	1947
3	1946	1921	1920
3	1921	1946	1931
3	1919	1942	1947
3	1947	1942	1972
3	1962	1947	1972
3	1943	1947	1962
3	1920	1943	1962
3	1959	1920	1962
3	1962	1972	1989
3	1959	1962	1989
3	4	18	15
3	51	15	18
3	1920	1959	1946
3	1981	1946	1959
3	466	458	512
3	458	480	531
3	511	458	531
3	458	511	512
3	511	531	552
3	980	1030	1007
3	1007	1030	1100
3	1066	1007	1100
3	621	624	642
3	1998	1095	1244
3	165	174	161
3	1107	1105	1147
3	946	972	1021
3	1106	1107	1147
3	1363	1370	1435
3	303	327	360
3	291	306	318
3	325	338	346
3	252	244	262
3	1852	1869	1863
3	1844	1860	1892
3	633	553	693
